"","P16902_146","P16902_147","P16902_148","P16902_144","P16902_145","P16902_149"
"TSPAN6",9.69955466223707,9.70830257160587,9.998157460385,10.7174246144321,10.0144304954956,11.721402821217
"TNMD",6.16034128042322,6.186010907159,6.16047993900056,5.84564325546448,5.14598214718274,7.09336464344323
"DPM1",8.78339954100118,8.90919490513826,8.89296569000798,9.02327280947709,8.7750649344155,9.04595924739587
"SCYL3",9.34326690275064,9.49215142528393,9.13532862400988,9.06757785674507,9.14299568041629,9.07561901939888
"C1orf112",7.58817079353714,7.94651162791852,8.15243586610618,8.36301724296441,7.92591053402303,8.68657213707634
"CFH",5.3344412562722,5.62971160557788,5.2426758087291,6.11225279239186,5.39908280147121,7.17633604835938
"FUCA2",8.31878558396344,8.20026757039308,8.67177440372227,9.01796958571533,8.35166441534884,10.0639895833384
"GCLC",8.60657871996245,8.67784833156328,8.78207944247593,8.83552536934532,8.67159164285877,9.36562143148929
"NFYA",9.30243196170721,9.214359116568,9.81343315344366,9.77506204680653,9.6584331827196,9.7536512651057
"STPG1",7.76836569039717,7.59423896180188,6.38235023120535,7.32802183081119,7.47304188353518,8.55220489792328
"NIPAL3",8.80697211819201,8.87578558812551,7.36043382064508,8.41650445406491,9.02745391118211,8.74316368628158
"LAS1L",8.89097541870595,8.8896365274247,8.55228367163176,9.08162456332603,8.88845660449804,8.99167177571807
"ENPP4",9.13946528525982,9.08110158900792,8.48299253765297,8.39206598500318,8.97787672927678,7.81263346922393
"SEMA3F",8.84617881199788,8.3541074292864,8.0347402825363,8.12155403783591,8.9476107633801,5.94713050764567
"CFTR",4.80259831140558,4.95891832408665,4.7660846074949,4.33057497578978,4.66714835127326,4.33057497578978
"ANKIB1",11.6881548726969,11.7995307639062,11.6326551978947,11.5663011534523,11.7421093869177,11.6256479620404
"CYP51A1",7.17640770575393,6.53516475243763,6.91830170473145,6.89838247972714,7.14293189495132,6.41697671329194
"KRIT1",10.0246621028444,10.123908530629,10.2256119665688,9.95977415061213,9.93475116537527,10.1904865942671
"RAD52",8.4743216125901,8.47734963347558,8.69452362345421,8.90901242107945,8.95082681945545,8.93345524101333
"BAD",8.05225889084432,7.60879611156309,8.27851112581537,8.45436588749645,8.54311018388493,8.1635382126702
"LAP3",8.77863825715064,8.80445499341524,8.75141856655928,9.29390536859931,8.92979271367827,9.85870437921206
"CD99",9.04950768501134,8.89749183849585,9.40304613797014,10.0370939772658,9.41727749064228,10.9029819550142
"HS3ST1",7.22704432932557,6.72179300651678,6.25772181162451,6.99568221814795,7.30502131614998,5.86456156907527
"HECW1",11.5545163248043,11.5832236110589,11.035514715739,10.6324712899771,11.3657506369737,8.95844157919663
"MAD1L1",8.96825130732817,8.63617355566335,9.2205497782648,9.09930610414443,9.31124899917331,9.06908060194216
"LASP1",11.162928690377,11.025169211933,10.75151468674,11.2022595136774,11.2853669795058,11.5625492254422
"SNX11",8.36087775999536,8.28376756721044,8.31678371072775,8.61071852248022,8.57267226240335,8.502036828472
"M6PR",9.57346879762078,9.61383368388071,9.55261775317147,9.797653148053,9.53221042460333,10.3356296819452
"KLHL13",11.2174933962004,11.269084732264,10.8202070684523,10.6415397948261,11.074508247347,10.5006269007453
"CYP26B1",9.25013325340414,9.17614540245084,10.1861089872186,7.88451135220615,7.75875174609447,6.06819675099262
"ICA1",8.94082279178687,9.00863330186558,8.29989991996498,8.54762949855517,8.91340061362166,6.71726694632154
"DBNDD1",9.62205308417768,9.20014760361899,8.88733802173831,8.61424117511111,9.47421614400509,7.14500941893176
"ALS2",10.9737327221111,11.1111394528523,11.1826735997048,11.090975736245,11.1226388538174,11.2913322608189
"CASP10",5.79147317606317,5.77685464919912,5.75456202992873,5.23135019106063,5.46935070319513,5.18746296578136
"CFLAR",9.54854811851031,9.85853759482996,9.50568946027502,9.53652504919907,9.45171006637177,10.2630965458149
"TFPI",8.06408889101343,8.35696456156378,8.93993177466995,9.61407844575712,9.10309721063196,10.5477728470799
"NDUFAF7",9.46666224003285,9.47127114675612,9.60321835291775,9.32535773924337,9.58175597949263,9.10467966039144
"RBM5",12.0387281776404,11.9435361264995,12.073346705447,12.1687687088323,12.2290052792561,12.3384709146967
"MTMR7",10.3154313246061,10.3678407133487,9.81787180706001,9.0980503178252,9.7951842866457,7.40966184429143
"SLC7A2",6.89097298392508,6.56643692587744,7.16642702427941,5.68460767469218,5.97641267591333,4.88837907797739
"ARF5",9.7526402833544,9.42315348053761,9.43229960109338,10.1117208746245,9.89861287266088,9.81837658300377
"SARM1",10.4515385461804,10.4259341689723,10.3935723598018,10.0351287368923,10.3103595679851,9.51132507964023
"POLDIP2",10.0923006394801,9.88245133855313,9.81639377419634,10.0904297010374,10.0036452801548,10.2623810952519
"PLXND1",5.57553933579376,5.45795213323723,6.73671357377245,6.52481329577584,5.37441071259404,6.6089740508496
"AK2",9.55133846675851,9.5764420233294,9.63207500609705,9.71739328287373,9.49857331418491,10.0713614548392
"CD38",4.7165496130104,5.09718127405855,4.63910910251109,5.92458453824114,4.80549449477315,7.3724833288726
"FKBP4",10.9304748171616,10.7709316981501,10.6489958260076,10.7620607513254,10.9664164625171,10.700291158035
"KDM1A",12.2613226382954,12.3097054716565,12.3016741660493,12.5389474817111,12.5308299002604,12.1719310362062
"RBM6",11.5086249254959,11.4871098881865,11.2400024567844,11.7811946078302,11.6031157621282,11.815102765187
"CAMKK1",8.17365727026333,7.70219100840178,7.62936499745985,7.86086919678128,8.29951959972912,6.75149995617342
"RECQL",9.10377391234151,9.11348541993678,9.24933341612418,9.42683171310674,8.91504825945384,9.66220286852171
"CCDC132",10.8472552411297,10.9308856300242,10.7956730483771,10.4814453406556,10.6506562754435,10.3505166092427
"HSPB6",4.33057497578978,4.33057497578978,4.33057497578978,4.55239249687834,4.33057497578978,4.33057497578978
"ARHGAP33",8.81164057880624,8.58109853610596,9.33031373473615,8.44449893134492,8.95723743288725,7.10645774094267
"NDUFAB1",9.06522230888423,9.00500312466709,8.94264728331416,9.15953453801556,9.06503104899544,9.06086556910967
"PDK4",5.49214979402744,5.45795213323723,5.13786241172375,5.94973919615279,5.8583162996779,6.22970329815221
"ZMYND10",6.92676259669851,7.00968649119216,7.23113467566778,9.98917260584,8.00886940284763,10.8784494059036
"SLC25A13",8.7594337343783,8.8678104264034,8.83274669203781,9.02062364169454,8.59753521253932,9.5715059570082
"ST7",10.5552094139652,10.6863187032502,10.6613936014538,10.2688132129043,10.4861020246974,9.42823835938712
"CDC27",11.4854844170577,11.6126989028166,11.2678345159655,11.3101802832283,11.4022719245555,11.1576984377968
"CALCR",5.70087603390657,6.0388771203416,5.86366298223323,5.12120644125242,5.26812364332126,4.76371589021208
"HCCS",7.85282058766129,7.74228866356456,7.66959197425824,7.8578860856929,7.93899227619341,7.9901940216119
"DVL2",9.14131947832749,8.86179988105892,9.27324718940175,9.76639951275231,9.6554825588174,9.62036360214618
"UPF1",9.60066206938061,9.16154956259911,9.58075482190222,9.74651611081057,10.0723486567461,9.60914831416535
"SKAP2",8.06015644934267,8.01339992660753,7.72150846225944,7.62472430504499,7.90938740898269,6.89563633808235
"SLC25A5",10.2704387816257,10.1585911452419,10.1975064197881,10.4404629093679,10.2174153178956,10.7129129148841
"CCDC109B",5.85484684019812,5.87100821421757,6.41583398350578,7.59627790978649,6.53165229568474,7.90048343971049
"POLR2J",7.88435423161158,7.5191112184808,7.86097764282631,8.40433733198799,8.14476585961214,8.53567643325285
"DHX33",8.89537924280543,8.80654292034083,9.15652724409517,8.97482478702602,8.81268649943107,9.30294534150951
"MEOX1",4.60390596466056,4.33057497578978,4.33057497578978,4.55239249687834,4.33057497578978,4.33057497578978
"THSD7A",12.5320585264205,12.5915608500612,12.3699830061342,12.4777033781475,12.4724049428503,11.7059662629768
"LIG3",10.1832202607692,10.1213989810664,10.1642024700785,10.2148591916344,10.1130559086806,10.2794546865959
"RPAP3",9.41090284309313,9.45806557404921,9.17972072930523,9.23686892724321,9.24864064903882,9.69863523967168
"ACSM3",5.74711795931809,5.48441204341114,5.33538540566403,5.99848057344674,5.51344929562775,5.77550668699715
"CIAPIN1",9.87793777110515,9.87452409280452,9.79704012657024,10.0410164391835,9.96365947876433,10.0257109157588
"SPPL2B",8.33186933541099,7.90403269295821,8.08989141677383,8.74849627992998,8.81974215812213,8.34819333498937
"FAM214B",9.25356530554196,9.03557146324886,9.20480914560626,9.25388019706793,9.39503656791511,9.42823835938712
"COPZ2",5.0958257135656,5.34383018699978,4.94418431550225,5.61949520913034,5.55563637036578,6.41697671329194
"PRKAR2B",12.1355075322379,12.2218754821922,11.67443590839,11.6001383659383,12.1419643511414,10.5371655072768
"MSL3",8.94931819555722,8.86580970271222,8.70416402517429,9.20689795180563,9.0797913109447,9.23157444661217
"CREBBP",10.7522885053877,10.8808328778137,11.290890586032,10.7429279168002,10.723810716914,10.4773881111148
"BZRAP1",10.2222478658059,9.85350523164609,9.64379119588997,9.64448334234428,10.3333041577736,8.54278339593474
"GCFC2",8.64634506583055,8.7834071312589,8.93448532338502,8.88444602720444,8.48431721191964,9.48088029965462
"WDR54",8.344834584039,8.14507566255721,8.32097371919403,9.30482880103541,8.63803948388853,9.85110938688949
"CROT",7.94966016818804,8.16479953223991,8.39833901483169,7.85190101178858,7.66320747407373,8.40653823339341
"ABCB4",5.49214979402744,5.51016048524524,6.09823090651264,5.53181738139766,4.99924798284876,5.69868419475818
"KMT2E",11.5193455660489,11.8013604612522,11.7118656752671,11.2720409873054,11.5352200152537,10.8266448766864
"RHBDD2",10.0445962132391,9.74463911025343,9.84422044190428,10.1791193838895,10.2723581531963,10.3081623930317
"SOX8",6.88187679516349,6.56643692587744,7.90644722971276,6.3841869298852,6.8573932640096,5.91480976668293
"IBTK",11.555211067035,11.6007408211606,11.4441574601295,11.3505004685989,11.3726504761816,11.5116909041215
"ZNF195",10.5559039156393,10.6315334308917,10.7027662579702,10.4833681336065,10.2996937915209,10.1562332446599
"MYCBP2",13.5659399457701,13.7139250860891,13.4824923404301,12.8819062974129,13.365868080103,12.1880278911567
"FBXL3",10.1760094233261,10.1528683378796,10.1265378626203,9.93539450113274,9.9151517682328,10.1242999298458
"PDK2",8.53209821877575,8.44818824425593,8.29564766292227,8.74689325780234,8.77869068524332,8.76559509945436
"ITGA3",9.6613248769155,9.36773350774306,9.03713979246116,8.66776483259553,9.39857120811004,8.14493855589429
"ZFX",10.5221847233967,10.5517814652414,10.6094446245817,10.4669420905025,10.381105156163,10.7108169444145
"LAMP2",10.358266282277,10.3671348323891,10.4171605183219,10.719057348252,10.2510224539891,11.5958637786955
"GGNBP2",10.0826924058314,10.1297472146161,10.0124261434793,10.0643297008587,10.0862892616858,10.1608476489526
"ITGA2B",6.40461685682177,6.19979772223188,6.25772181162451,6.09034204967627,6.29531752794964,5.8297852851543
"GDE1",10.2274888947592,10.2880451657642,9.9396270123316,10.480001561661,10.1727275106622,10.6838228469278
"C19orf60",6.99564779673892,6.5245731111976,6.71054607635312,7.05515127625664,7.27928293246356,6.40604308854489
"CRLF1",5.46268370782665,5.37374005388151,5.0153475618871,5.53181738139766,5.57607598002124,5.28523604052962
"OSBPL7",7.60996522475048,7.30262350826576,7.3271073717309,7.3750425574174,7.75134088524586,7.18251737320531
"TMEM98",8.38931017155583,8.31936955677578,9.17511183834421,9.29280845327069,8.7382950326843,9.91624672402599
"YBX2",6.68580357978683,6.57669813123392,5.86366298223323,6.1757212913575,6.68450597902808,6.16496703674859
"MAP3K14",7.46787238298213,7.3498397812423,7.4247982507733,7.49193991118779,7.5175727858162,7.94783775386725
"ABCC8",7.92822283064298,7.78980488734531,7.60189652432882,6.35770001541804,6.93287609499554,6.06819675099262
"SYNRG",10.7395072132408,10.9907601593077,10.9356220861138,10.8274734448461,10.9958607778879,10.7683825463008
"TMEM132A",10.6124120232687,10.082361959341,10.4744961813993,10.5808755695496,10.9715633978029,9.91897360635857
"AP2B1",13.0731675500226,13.0928212802259,13.0813012600492,12.8522732088517,13.1102861893336,12.6053790605446
"TAC1",9.93459021658682,9.90694666200435,9.99162471162337,6.96777562639213,8.87666626836688,5.75680447202851
"ZNF263",9.79915296176499,9.81156335476632,9.63543222152982,9.82672920228231,9.94203277561397,9.84825091495703
"CX3CL1",8.04829365157979,7.71568339177883,7.92313041789343,7.2006595156671,7.69835056214515,7.21903860434312
"SPATA20",8.06015644934267,7.62797515941513,8.1239092480457,8.56957397218127,8.34187741652818,9.02246018359891
"CACNA1G",8.6411061146322,8.28076036019112,8.35814192546247,8.01332033248237,8.59342119117607,6.37267378303614
"TNFRSF12A",5.6018543074561,5.34383018699978,6.11933501176659,6.94503376153132,5.87375914045291,8.21198510259766
"MAP3K9",11.4041399684593,11.460889252485,11.1455033657044,10.6363647763099,10.9755101189588,9.75161287714338
"RALA",10.104696372074,10.1079404395928,9.8672437998343,9.90199369605099,10.1044291644403,9.62036360214618
"BAIAP2L1",5.57553933579376,5.37374005388151,4.86296472820736,5.51331587387945,5.69081184736494,5.15195654074678
"KDM7A",9.69072467059024,9.66644142102078,10.0780297859441,10.2469073892264,10.1706629633739,9.7217275922757
"ETV1",10.1921833885896,10.3095145051842,9.9585093779505,9.41780519104758,9.9943361497789,10.2794546865959
"AGK",10.0426151602225,10.0720021337164,9.68972591403338,9.80920070957923,9.95648656869731,9.5989793654791
"ALDH3B1",5.85484684019812,6.08491777140764,7.08857834537339,5.6525587184268,5.81067810207035,6.65516992011782
"PHTF2",10.0817280511882,10.1683491327057,10.1324882058438,9.57582352913655,9.90938471586958,9.12845639658986
"FARP2",9.13388832793336,9.01766886113101,9.29039286680889,9.75290869610466,9.2770877877645,10.2054529496962
"GGCT",8.37041808834304,8.35124458435623,8.46418745624302,8.9204294067061,8.2842653339578,9.2490289260213
"DBF4",8.10664516815297,7.82338929223941,8.20783497667597,8.44449893134492,7.84478820167845,8.27032234655235
"IFRD1",10.8736763797786,10.8508547485065,10.8061324315743,10.6132836780447,10.8461185557443,10.3012130338847
"COX10",8.48313792825853,8.38802243974816,8.16648831832517,8.18466272346384,8.31461296790953,8.02794453368651
"GTF2IRD1",9.63131270606809,9.40124074595961,9.51300945375746,9.52723015097142,9.90855896446437,9.20051037087257
"PAF1",9.54715091501571,9.32180875805441,9.14242958457957,9.94449800166179,9.80852609901768,10.306081099634
"VPS41",11.8037483750069,11.8228803798419,11.6699438105606,11.5816374100339,11.7678243663075,11.6510091098804
"ARHGAP44",9.10946858250594,9.03557146324886,8.64198552070115,8.44053304872016,8.78050013497479,7.39384877311
"ELAC2",9.75989451871222,9.48305352460337,9.64379119588997,10.0546616163537,9.83136330548467,10.2673818103748
"SCIN",5.46268370782665,5.17594971784969,5.2426758087291,6.14439749474012,5.34903754503733,6.73449250527301
"ARSD",8.344834584039,8.2927514492747,8.18960621252554,8.40229939373641,7.6432996066977,9.47223916918279
"PNPLA4",6.45587737080958,6.5245731111976,5.07933519419276,5.88579523582229,6.43837371911831,6.5414660432608
"ADIPOR2",9.74656706778638,9.77476752114462,9.61686997478053,10.0591814587708,9.84954817173239,10.2829863803139
"CDKL3",6.90000882976452,7.20954211151148,6.68385737112564,6.54812888578483,6.38909414439227,6.75992371440338
"UPP2",5.5207400332063,6.0388771203416,5.13786241172375,4.91404266993799,5.55563637036578,5.54910236469605
"MARK4",9.45776554465158,9.17453093327016,9.40304613797014,8.96658903364838,9.30498369725566,8.47504067475273
"PROM1",7.24819384114694,7.05347576660264,8.30413957857438,10.3962419169706,8.79847038748619,11.7802998325914
"CCDC124",7.037008143838,6.64638115531134,7.24013763794434,7.55250372585819,7.5734348367007,7.16389018268598
"CEACAM21",5.18373077138573,5.40267998277688,5.0153475618871,4.55239249687834,5.57607598002124,4.33057497578978
"PAFAH1B1",13.2697719574885,13.3050992956864,12.9923524621021,12.964311687404,13.189379301004,12.5656346555987
"NOS2",5.43226952355336,5.31286008562374,5.13786241172375,4.87127988604197,5.26812364332126,4.88837907797739
"DNAH9",4.93817568778476,5.17594971784969,4.63910910251109,6.21628853422501,5.07654591073903,8.69297135053693
"KIAA0100",12.0058170917441,11.9090417285186,12.0696310980779,12.1358416698152,12.0429531083997,12.4771644048964
"GAS7",9.18331956688118,9.14350679959379,8.54156309644457,5.43553531135657,5.42310223496893,4.76371589021208
"TRAPPC6A",5.6018543074561,5.7368316223205,6.09823090651264,6.83772806653164,6.31676160488645,6.7682951030033
"MATK",6.90000882976452,6.60701201275565,5.98677983682015,6.11225279239186,6.75482273122502,5.11466593771837
"ST7L",9.12266914911813,9.26074234505838,9.38120951919906,9.33817418129917,9.31873155029677,9.68481376412447
"TKTL1",6.29551855050175,6.54567163620786,7.22207310011052,7.34530362566354,6.76996117782249,6.45980961472376
"PAX6",7.93253620534926,8.08421470978172,10.6687814320202,9.68181827357675,8.57267226240335,10.539529445408
"RPUSD1",7.1390734122226,6.54567163620786,7.00607707526862,7.23360799486408,7.4456304628159,6.78488350934427
"RHBDF1",6.4305009759227,6.34220771365591,6.88387612917015,7.17663732237503,6.58458917618073,7.8514981122475
"LUC7L",10.42060488112,10.340052051161,10.4259075445421,10.5786289592146,10.6848073133227,10.4092199394251
"CACNA2D2",10.1301057662488,10.0378091366084,9.72953719702195,9.39345416284459,10.0463103035651,8.67152878308542
"BAIAP3",9.27567639537996,8.74907569367151,9.0166714329497,9.86927219746703,9.11890380414535,10.1004776774155
"TSR3",8.04431735647471,7.66092470637922,8.18960621252554,8.32046931273056,8.5579673737721,7.87431663323032
"PIGQ",8.36406493692669,7.79404665123918,8.32097371919403,8.80812242009165,8.75127183483369,8.55220489792328
"CRAMP1L",8.21311353050452,8.22864613726104,8.61838128862913,8.30527363848017,8.37584318476493,8.12925164032365
"TEAD3",6.49303627369584,6.22692081198388,7.17585758764933,7.64915361222885,6.87839785072055,8.02455368757363
"DNAJC11",9.86902093963329,9.7906523347536,9.51118293965454,9.91630150969829,9.94606227714205,9.76985539973502
"MYLIP",7.50330448909053,7.59423896180188,6.94077887024594,8.60718720155449,7.57764163262191,9.20945444043128
"E2F2",6.36478816236259,6.12926986364968,6.95188035432216,7.77487844920169,6.48584680311777,7.56342037115229
"PSMB1",10.5214737882672,10.50313791795,10.5573244855224,10.8153131553043,10.6182037739737,10.8919245414025
"SYN1",8.78339954100118,8.98855297640755,9.07722297487228,7.92780811553132,8.54097510972847,6.42781852490384
"JARID2",10.6421478436371,10.6749566361628,10.7186722979815,10.6066836613932,10.95726511103,9.80271184237064
"CDKL5",9.27567639537996,9.4882593591773,9.30522964299305,9.14014393248497,9.37842589141099,8.75340322740948
"CAMK1G",6.8354600493058,6.71259577484945,6.55665892062138,6.46052802040793,6.89222287773343,5.47749470033185
"CDK11A",5.72424503540458,5.2124335202594,5.41912560421338,5.80400878913798,5.84266003333913,5.81198514857821
"NADK",9.09039803745238,8.85374652070242,8.97218424115071,9.39345416284459,9.39503656791511,9.20498935292968
"TFAP2B",11.2594503795662,11.3910921030949,11.633494391978,10.6662939071926,10.9544683533623,10.4316663388919
"TFAP2D",5.29925920898593,5.69527237656877,5.13786241172375,4.33057497578978,4.66714835127326,4.33057497578978
"DLEC1",5.72424503540458,5.75702651981449,6.16047993900056,6.43557845627955,6.0837061780769,8.09412146387491
"CYTH3",8.98073629975401,8.86380619020224,9.0166714329497,9.33711049088227,9.32245829410536,9.65021593086558
"ADAM22",10.9799557203656,11.1216388331609,10.8864803467369,10.4053981045043,10.6412454528171,9.95661801716464
"SYPL1",7.83908899707503,8.01339992660753,8.54514553185727,8.68628738323734,7.96159997772213,9.51493558777587
"CYB561",9.19050043264043,8.89749183849585,8.29138273173614,9.02987446112579,9.0797913109447,9.47594886029437
"SPAG9",13.2190530580277,13.2363355166747,13.2787345366906,13.3439628095576,13.3657177368966,13.3028384609198
"CELSR3",11.1958254530184,10.9275384501562,11.4967571926139,10.8925820084896,11.5373574740104,9.44977811209663
"AASS",8.76906808702757,8.8896365274247,9.61346917678294,10.0783932993358,9.10165159979203,10.6332586753071
"PLEKHG6",4.60390596466056,4.33057497578978,4.33057497578978,5.15028716110163,4.33057497578978,5.25394328805817
"SS18L2",7.76836569039717,7.62320475048297,7.56679197810507,7.84889899509966,7.78438898045635,7.37785530753697
"MPND",8.04032994299301,7.59910803920834,7.98797398522681,8.15588169151659,8.14194509234496,7.78478107247728
"MGST1",8.18091264014681,7.99513266426283,8.25241517405332,9.25162360904461,8.27914422267056,10.1700323881826
"CRY1",9.51891843862347,9.42586927764961,9.40894456001009,9.33178022014982,9.23420346064774,9.66761868506573
"NFIX",6.111792441977,6.22692081198388,7.4247982507733,8.09145879024988,6.96585350046218,9.69120938399408
"ST3GAL1",8.84845211348478,8.99405729168664,7.82589467947357,8.09399110690924,9.05161607982029,7.4960534462844
"MMP25",4.93817568778476,4.84495094307666,5.07933519419276,4.64396487703681,4.99924798284876,4.98896808752624
"PKD1",10.0386448685738,9.34064268535128,9.80003457926382,9.9070176017095,10.5009659926291,8.65850782064076
"MAPK8IP2",10.1723904358183,9.86255087296326,9.85865308047351,9.89767351037063,10.4210183493019,8.54278339593474
"MED24",10.3187089191014,10.0832219271832,10.0405466893855,10.3469302555698,10.631272532285,9.87377534546999
"RHOBTB2",10.5989967181496,10.3277694152398,10.0367442164344,9.9694117196814,10.5870694607354,9.38416763273161
"HEATR5B",11.5122073321357,11.5798772503678,11.4097914869128,11.2216803982133,11.5760798080283,10.7029298150368
"SEC62",11.8952079548512,12.0367940201122,11.4127275334028,11.5365201335271,11.8040046212858,11.4837332194238
"RPS20",12.0493694172901,12.0986846772812,12.4303824422672,12.693395910897,12.3523461379691,12.7418455927976
"CSDE1",13.782541293561,13.8235131221776,13.6120299324779,13.9399634966437,13.9055002390513,13.7537957466234
"UBE3C",11.0770048452237,11.1295675610213,10.921947884059,10.884602361231,10.9323030733342,10.7623235576806
"REV3L",12.685254380631,12.8951536320484,12.6867451032596,11.9604451330988,12.5062161887411,11.4574121429421
"TENM1",12.703700426269,12.8298106225116,11.9925816846707,11.1825735836635,12.0762276006957,10.275205204261
"PAX7",7.16902082071916,7.03175530872374,8.07008228672197,8.65585210283206,9.07095333839232,6.52152479638696
"FAM76A",8.45054284500622,8.5136262916019,8.23029881608044,8.88590278913282,8.36138496906497,9.41154664392642
"POMT2",9.09423242154179,8.84970285510227,9.07227322870919,9.36346983155138,8.95082681945545,9.90253439152294
"VTA1",10.987182113999,11.0916186184134,10.8098496197518,11.0089332391831,11.052631809229,10.8817135695421
"MLXIPL",5.29925920898593,5.31286008562374,4.63910910251109,4.87127988604197,5.26812364332126,4.68467332000649
"BAZ1B",11.3658443919204,11.4277671614551,11.4224714194282,11.6714354440324,11.6054097243166,11.5901745028224
"RANBP9",10.667432099158,10.702076705412,10.7676596293125,10.5222307532946,10.7456998080044,10.3532068883963
"SPRTN",8.54898683365936,8.47997148520983,8.6453260878984,8.6996098123949,8.45739261302119,9.01227043477643
"METTL13",8.76906808702757,8.65484519824644,9.12580583788367,8.88735807625832,8.85450999374424,9.10467966039144
"DYRK4",7.53786656908706,7.69766482825907,7.87248208979373,7.79998325159792,7.27928293246356,8.69297135053693
"ZNF207",11.8921867516375,11.9802279434566,11.9375846642366,11.958027693163,11.8148382871078,12.1274522542425
"UQCRC1",11.1882313035848,10.9232234882178,10.921947884059,11.3204336961637,11.1522299670748,11.1079990472574
"STARD3NL",10.7266116427456,10.6902743740487,10.7099456918605,10.8053568681158,10.7120308073091,11.001005471881
"CD9",6.51723368027146,6.47028950760066,5.96317797384801,7.27033258636037,6.20569266903883,7.86295316522848
"NCAPD2",8.89317901711718,8.94374315041009,9.69938140990519,10.3658157474461,9.57760504532347,10.7958317988801
"IFFO1",7.79233381817689,7.67019955312673,7.89521540952253,7.97533633310703,8.03649629061221,7.82440493355072
"GIPR",5.04742567774093,4.90491546544878,5.60065691610817,5.20526093226038,4.91093888395682,4.76371589021208
"PHF7",6.9787484957864,6.97969885755654,6.79998829512151,6.90430184754237,7.1139774433399,6.81746123354231
"SEMA3G",4.60390596466056,4.58878259651035,4.63910910251109,4.71402308857299,5.39908280147121,4.88837907797739
"NISCH",11.6303192349157,11.3140881038563,11.4650509600877,11.4726302062878,11.8418960639913,11.1123721002678
"FUZ",7.12385340854776,6.90172495385375,7.30158068721242,7.58907586411754,7.52194936736348,7.68490726420632
"SLC6A13",5.22411723473243,5.40267998277688,5.13786241172375,5.15028716110163,5.32290848716218,5.40006335275449
"IDS",11.4380590976748,11.5753014850618,11.1583889566401,10.7247574048071,11.1532756471943,10.7658610602515
"PRSS3",5.6018543074561,4.95891832408665,5.13786241172375,4.33057497578978,4.91093888395682,4.33057497578978
"ZNF200",8.91286086175524,8.93040618926337,8.79716793330851,8.92893303956472,8.91669401918567,8.54985531764925
"CD4",4.87482195210638,4.58878259651035,4.94418431550225,4.95373220111794,4.95674843757777,4.98896808752624
"LRRC23",7.66302429663445,7.3498397812423,7.66296644002311,8.91044451239327,7.88592779193738,10.0147062367532
"BTK",5.22411723473243,5.09718127405855,4.63910910251109,4.55239249687834,4.33057497578978,4.33057497578978
"HFE",4.60390596466056,5.09718127405855,4.33057497578978,6.09034204967627,5.53476861827663,7.3231847078883
"SCMH1",10.5496413275118,10.4966984693279,10.3276796182323,10.0891674331464,10.6357688825062,9.33462438211699
"FYN",12.2638748299189,12.3272282431505,12.0612358257209,12.3667407947466,12.3062431955354,12.2749944731167
"HIVEP2",11.4282323331519,11.4402352971118,11.3151539470573,11.1378067976629,11.2226603096571,11.1044112073729
"FMO1",4.60390596466056,4.33057497578978,4.33057497578978,5.77536139914715,4.80549449477315,7.046535392754
"TCEB3",10.534217305555,10.4778598021622,10.3266419923076,10.5119065628452,10.5715073703342,10.6024990533612
"LYPLA2",8.91936205063466,8.51618269687899,8.73583916653005,9.15712495262734,9.19407706382981,8.82892667498782
"CLCN6",10.0807630510557,9.96222216078835,9.77133290123044,9.54299597742959,9.97000557266841,9.24758244236283
"MRC2",6.59857684600822,5.87100821421757,9.32408356162738,8.74528844467863,8.21889457472418,9.19601740731215
"SLC6A7",7.18375548402539,6.84436345213363,6.25772181162451,4.99090412180236,6.60177306867266,4.33057497578978
"TSPAN9",8.00393230488051,7.73788899500471,7.8318023376384,8.76442887208839,8.48875588694496,9.5564028406261
"BTBD7",10.6323038679726,10.7076630975744,10.5269315484497,10.7026462337281,10.7776968829809,10.5324259745514
"APBA3",6.9787484957864,6.53516475243763,6.77503369616368,7.13232057759675,7.55221058705847,6.58046374046774
"MKS1",8.10664516815297,8.13511063516641,8.26116683070521,8.84154459697104,8.51944771280452,9.05094520312987
"ABHD5",8.6146206254352,8.67098600898378,8.62516505955278,8.39821479887529,8.53669540293574,8.37766287611289
"KAL1",9.24324450382496,9.14350679959379,11.6318155153414,8.32693267968528,9.99666907417831,7.91522255745225
"AKAP8L",10.1633030250918,10.0027854010448,9.9585093779505,10.525966754906,10.5091580309632,10.4323025587985
"MBTD1",10.2099442004889,10.3073083043595,10.3380150172253,10.4910337708261,10.3320731995833,10.4587734590945
"UTP18",9.3400423881218,9.18899636962307,9.17511183834421,9.42783117672129,9.32864817832914,9.42312302073265
"RNF216",10.5370339708019,10.4581090461264,10.4801063381677,10.8145497223355,10.5947879844293,11.100814421138
"TTC19",10.4395456934072,10.5286119738083,10.0743250280202,10.2870924686048,10.1498532480454,10.5583027380831
"PTBP1",8.72766818498407,8.51618269687899,9.0846158100354,10.0636871751008,9.3137475060278,10.2239450449381
"DPF1",9.57894866854625,9.29828515325572,9.22501566579773,9.15712495262734,9.80320418587311,6.94047352051505
"SYT7",9.36246381064603,9.22687484379499,8.43357651933152,8.51971818676835,9.24340750001182,6.47030047129559
"LARS2",9.72572456602171,9.63628055890905,9.61856736835092,10.0777570123001,9.91020999449858,10.3844473407236
"PIK3C2A",11.0672963367888,11.1403472552765,11.2504341289365,11.0840239747773,10.9171979076812,11.5913141544207
"PLAUR",5.14109345202186,5.37374005388151,5.07933519419276,6.06802763232559,5.14598214718274,6.22970329815221
"ANLN",7.92822283064298,8.11834614368255,8.80315924048954,9.01397929669736,8.0813839661163,9.66869940996807
"WIZ",9.34809017593427,8.97562705037016,9.67185436406061,9.34665553496977,9.6769814518408,8.16968466716145
"RABGAP1",11.6444257814539,11.7613670106526,11.6567957868865,11.6312505737117,11.6650296000215,11.6548296252807
"DCN",4.7165496130104,4.84495094307666,4.94418431550225,8.11159262389103,5.34903754503733,9.22717755568559
"QPCTL",6.87271940713298,6.53516475243763,6.46448655819503,6.60835857260747,6.76996117782249,6.51143928016197
"PPP5C",10.0980349929749,9.9272058464861,9.76674834536777,10.1624127951613,10.2451484153026,10.1124380056731
"CEP68",10.3121462632008,10.2768136242211,10.6646817546392,10.3105684144313,10.3840778756386,10.3081623930317
"MAP4K3",10.8913922372817,11.0170935704235,11.0792900778538,10.5641671812475,10.7489316480894,10.4550215208238
"TMEM159",6.70674692185684,6.64638115531134,5.49586482724437,7.13731522744772,7.30502131614998,7.32874891051753
"GABRA3",9.38140816436637,9.27738191812508,6.00991838444328,7.06043229251081,8.88173111580712,5.5258120673756
"BRCA1",7.51491967875223,7.78128312950899,8.54871904204772,9.28068690163363,7.93899227619341,9.78288840909747
"ERCC1",9.73188606755674,9.34208129630874,9.75290651706113,10.1160655901631,9.66822518517061,10.2907257919691
"SEMA3B",6.4305009759227,6.24026434647469,6.11933501176659,6.28425515241289,6.2844576999073,6.17818765351574
"MBTPS2",9.06130971675503,9.05325399149441,9.29464757019393,8.65585210283206,8.64003499910727,8.81726268355521
"EXTL3",11.2130977228514,11.1216388331609,11.3770943051702,11.3884423646271,11.506595568886,11.3035525313934
"ELOVL5",10.8979799843489,10.9019402796604,10.7828695456801,10.7860148119654,10.8944478259446,10.6880907686226
"KDM5D",10.2653518363431,10.161036840432,10.2983400752451,10.3564039182397,10.2339872923854,10.8188814749719
"CALCOCO1",9.83508273557735,9.73481966210361,9.82964181855436,10.2660233021329,10.2326685210774,10.5968352215598
"UBR7",9.40474343802344,9.42315348053761,9.31782631370153,9.52256011463283,9.46525586853287,9.25335967667131
"MAP4K5",10.9427396131073,11.0278510763186,10.9838028733378,10.7231311146141,10.9064880304127,10.5968352215598
"EHD3",9.34969435007194,9.19697034292977,9.00372920050377,9.02987446112579,9.10020453506765,8.60294536986959
"PSMC4",10.4663907056572,10.2745567794676,10.3645454222732,10.5435817792307,10.5151360879275,10.4163122426474
"MAN2B2",8.76425898750754,8.34262154231532,8.7452070695845,8.69629077530941,8.8476233901428,8.78568773315671
"SLC7A14",11.3878519055665,11.4038798733202,10.6247203173981,10.1123423504523,10.7101370610135,8.33732495453085
"CLDN11",4.99520527768772,5.48441204341114,5.07933519419276,5.05921631031587,4.86095996838829,5.75680447202851
"SLC25A39",9.24496978420086,8.77276642812238,8.93448532338502,9.78289214809205,9.52144532459256,9.98465379998899
"MVP",6.59857684600822,6.31748106638303,6.69726825935597,6.41867436581111,6.53165229568474,6.92569080701315
"NUB1",9.69829654272916,9.6006764726499,9.5632336565914,9.82293675318608,9.75071975144658,9.98465379998899
"PGM3",10.3276840785202,10.3881623863602,10.6051725040492,10.404383616537,10.1223436635566,10.8188814749719
"RWDD2A",8.43547824860969,8.56143550191553,8.36221278826824,8.38795206275874,8.59342119117607,8.66936680738772
"CLK1",11.4608547841792,11.3869202541093,11.5196339028554,11.1116322328723,11.6463368156784,11.113165778399
"POLR3B",9.45627740472928,9.56663293678612,9.39316142984602,9.24483254291013,9.43114945909271,9.39727019266136
"ANGEL1",8.48313792825853,8.54650931110655,8.42192671374476,8.60718720155449,8.52377912090414,8.8951422091692
"RNF14",10.8005533403536,10.8346079436287,10.5652636010855,10.4134884173596,10.5636628972671,10.3785172846378
"DNASE1L1",7.71416483505751,7.53446047100866,7.35217632584177,7.61766623238105,7.38433704713278,8.58010372668895
"DDX11",7.55483479848096,7.45598363703094,7.74049678459003,9.16434163911888,9.02745391118211,8.78967275773372
"HEBP1",6.45587737080958,6.11466471136286,7.3355137098602,6.95645192050632,6.37900788898933,8.52853407857159
"GPRC5A",4.33057497578978,4.58878259651035,4.33057497578978,4.95373220111794,4.56883750728876,5.81198514857821
"MAMLD1",6.40461685682177,6.60701201275565,6.84855731667408,7.34100315303529,6.78493148136335,8.01433248455026
"CD6",4.80259831140558,4.95891832408665,5.0153475618871,4.91404266993799,4.66714835127326,4.58127373257168
"TACC3",6.69631622744201,6.61696431031565,7.5161296999261,8.28106385062671,7.36492552916603,8.40653823339341
"UFL1",9.37826802850178,9.39709472954062,9.13532862400988,9.27403187588498,9.13170855443281,9.65240280437155
"POLA2",7.24117963765951,7.26613346708606,7.69578817842309,8.19883872296122,7.62716898512575,8.38559587944258
"ZC3H3",7.12385340854776,6.94126765350759,7.81400512101009,7.24288030421585,7.53932097779064,6.97674618414927
"CAPN1",10.1903952149991,9.78008193641666,9.81787180706001,10.1357620940305,10.4405681819684,9.7556867739649
"MDH1",11.9543401608574,11.9366553488397,11.6748435881481,11.5954797758594,11.7328132350749,11.3537763276305
"SLC30A9",11.7452837715435,11.8010992179554,11.4364841639139,11.8134556265518,11.7100181225002,11.833760026384
"MTMR11",6.46838189693335,6.15796744435664,6.73671357377245,8.12155403783591,7.05418286515398,8.83472335947809
"COX15",10.0135797018582,10.123908530629,9.95179403420881,10.2189043885579,10.0575272325588,10.4405479759674
"CCDC88C",8.75701501608071,8.64086428542929,9.40501496409597,9.61933649251355,9.02745391118211,10.2254142177448
"YAF2",9.51891843862347,9.69823149785198,9.72008231531327,9.58391485618546,9.58175597949263,9.35222636295298
"ZMYND11",12.0935596047239,12.1704197231353,11.8586821604906,11.8806395003577,12.1366873734756,11.854553992131
"WAS",5.46268370782665,5.2124335202594,5.07933519419276,5.02596345433389,5.07654591073903,5.34453517938545
"BID",8.32206775092487,8.11496949348091,8.66520786575491,7.54879380865966,7.9806963720321,7.06680005950331
"MATR3",14.4194708776121,14.5193003277241,14.3502506320637,14.4178416424524,14.4313681115307,14.1458135198525
"XYLT2",7.93253620534926,7.62320475048297,7.88956606158594,8.50650464263019,8.29191279490082,8.90251908139843
"RGPD5",5.22411723473243,5.34383018699978,5.29031095099465,5.25661469107151,5.07654591073903,5.37273133131448
"STMN4",12.0805888713826,11.788503576432,11.8878117881307,11.2656317833523,12.2063477839957,9.84443077915181
"NUDCD3",11.6891046987132,11.6239679950223,11.3390159358711,11.4062857186459,11.742572625716,10.9846179647311
"ISL1",4.7165496130104,4.58878259651035,5.19204933581343,4.82464481268825,5.46935070319513,4.33057497578978
"CHDH",6.32368052195683,6.27946357496297,6.78756865288512,6.7346503210604,6.41888706613282,6.81746123354231
"GLT8D1",9.52602859947427,9.49861492338322,9.52934469316027,9.96391242968979,9.74517961568312,10.648669677499
"ATP2C1",11.7324413175697,11.7963887306665,11.7786311561953,11.612927337548,11.8535224963815,11.4676880236342
"SRCIN1",9.85215172595079,9.63862317229147,9.34679693200341,9.27736323421437,9.88692168701397,7.94783775386725
"IGF1",5.22411723473243,5.55970553524277,5.2426758087291,4.99090412180236,5.57607598002124,5.22140032273235
"SLC38A5",5.18373077138573,5.24729833481842,4.94418431550225,4.82464481268825,5.03903521958369,4.83010453277739
"MAGIX",5.67698376420325,5.37374005388151,5.66493901424027,5.37262261357025,5.69081184736494,4.68467332000649
"RALBP1",9.57346879762078,9.49085523804864,9.34679693200341,9.7198427910529,9.65941538284432,9.81154419911604
"RUFY3",13.7964166805387,13.9264394626204,13.4264605416818,13.5746510957313,13.7217152792919,13.1476524029982
"CNTN1",13.6245390171712,13.6452941547546,12.8421916880984,12.3046275129739,12.5703766901792,12.550040709319
"WWTR1",8.15166742943762,8.25953102712355,9.0447409562731,10.5813244719575,8.78411221189615,11.652101718569
"AGPS",11.3342158235795,11.4678184354622,11.3348942772522,10.6985141107243,11.0829472718607,10.6354703548167
"ZNF806",6.88187679516349,6.83596763058775,6.09823090651264,5.96211569431352,6.49513717052095,5.22140032273235
"CXorf56",9.0961457883771,9.03557146324886,8.96952399330208,9.16554090968686,9.2834753966689,9.10946654301902
"ATP1A2",11.4500623979076,11.3188406952603,8.93175434153875,12.7523801749267,11.6079543001712,12.7297359684451
"TTC27",8.48313792825853,8.44282183317067,8.71691803825858,8.58401932575976,8.56218417374355,9.02752811531534
"ZNF582",7.3878931108795,7.47203311609823,7.23113467566778,7.24288030421585,7.36492552916603,6.92569080701315
"VSIG2",5.22411723473243,5.75702651981449,5.49586482724437,5.23135019106063,5.14598214718274,5.28523604052962
"PHLDB1",10.5642119531176,10.3522309493034,10.5757815583309,10.657380200539,10.77498192097,11.1802172147669
"CYP24A1",5.6018543074561,5.43072800972915,5.29031095099465,5.15028716110163,4.80549449477315,4.76371589021208
"PRDM11",7.673401304741,7.80249233411158,7.92313041789343,7.39590461736391,7.58183592387922,7.82440493355072
"SYT13",12.8913160615303,12.8126778015854,11.8881634221073,12.1647311322997,12.8362798286545,9.95926965697899
"SNAI2",5.67698376420325,5.62971160557788,5.81044805857035,7.51495760913922,6.12159469522682,9.06251233281305
"HGF",4.7165496130104,4.33057497578978,4.33057497578978,5.20526093226038,4.99924798284876,5.94713050764567
"ZRANB1",11.2504698429215,11.2519831529894,10.9410556744924,11.0616791663631,11.1522299670748,10.8338853098194
"NCDN",10.4912935477619,10.1222359830338,10.0188655134165,9.89116885609183,10.4827780117407,8.89143952884771
"GPR124",6.04388889103782,5.67386991742712,6.49593802186075,7.00119606273514,6.82164699980973,6.1912683413666
"ZFP64",8.3672450358431,8.30760036652845,8.63191691685501,8.61424117511111,8.68324881614461,8.36166381032946
"MNAT1",9.29078753500937,9.29680208820784,9.36915758254545,9.21386992637532,9.26809725299682,9.38811093310737
"SAMD4A",9.15423236315607,9.29085450369472,9.57726759434378,9.17747896923863,9.21828688247022,9.60463763988277
"MRE11A",7.97914030923466,8.26866791815237,8.26552265982298,8.5439392243761,8.01196563195928,8.93705141127774
"PLEKHB1",6.69631622744201,6.66563710439642,6.11933501176659,6.366589959339,5.59610890044655,7.01208376966761
"SERPINB1",5.46268370782665,5.31286008562374,5.86366298223323,6.46873913714878,5.46935070319513,7.17012707082204
"SLC7A9",6.2372372059446,6.12926986364968,5.93909051704448,5.94973919615279,5.90403138225395,5.77550668699715
"SPAST",11.7129606937257,11.7656576284004,11.703098617191,11.4849170624884,11.6647852083137,10.9057331140941
"NRXN3",10.3913297929382,10.5635362133045,10.8723299057391,9.20806229528032,9.7762957878254,8.42717884553343
"OSBPL5",8.65416781502297,8.15497164171249,8.32515149771504,8.51407014182555,9.13736318391428,7.68490726420632
"AQR",10.7828652422705,10.9092312555394,11.0124735216858,10.934644446324,10.7758874762642,11.0193274292332
"CPS1",7.14662114384871,7.09591621670021,7.00607707526862,8.08638063615661,6.99805561656189,8.96901851449384
"FHL1",11.1642954980297,11.0247217493536,11.1531314836914,11.2377145503933,11.3264277085588,11.8495621330917
"RTFDC1",10.152321983467,10.058072202895,10.0443391593198,10.3347337341994,10.2006506586365,10.390353110686
"GABRA1",6.52916670743809,6.56643692587744,6.03261425473495,4.87127988604197,6.10909595759182,4.68467332000649
"NLRP2",4.33057497578978,4.33057497578978,4.33057497578978,8.31180583622759,9.0958545881911,9.00200798154687
"SLC45A4",8.95354714924206,8.56884075769906,8.85886436827283,8.54762949855517,8.99822400252426,7.91888360076693
"RNF10",10.9213420300083,10.9150376166223,10.8165165119664,10.90912542126,11.0101681905174,10.8501636295461
"ZNF839",8.54898683365936,8.54400644205889,8.29564766292227,8.4950810177533,8.35896101017749,8.70357373679164
"ZDHHC6",9.16884944914367,9.2818868029748,9.20932406146196,9.4682232480028,9.36282822509376,9.5841630018552
"GRAMD1B",10.7987942600717,10.6964685911909,10.4641538648953,9.54483948786565,10.1561277598787,9.1657004441768
"RNH1",8.87545491444252,8.44282183317067,9.07722297487228,9.13034976094343,9.17083215375322,8.82892667498782
"NDUFS1",12.2194230805199,12.3491939949949,12.1380501690781,12.2070814419196,12.289538709044,12.0656568355965
"RB1CC1",11.761930220944,11.9468461717196,11.5870313341104,11.5699243801468,11.74465536146,11.518895969629
"ERP44",10.0445962132391,10.1561412944237,9.94774976023765,9.83804704028326,9.84437586532338,9.79975565402278
"ALAS1",10.0583878805039,10.0127503464972,9.7682781516922,9.89116885609183,10.199301027143,9.83194494427086
"AKAP11",12.2484935112427,12.3593431637932,12.3659491834485,11.7074504498346,11.8710001937818,11.6102706812741
"GLRX2",6.73756065626201,6.80185420069733,6.74960856768488,6.55580973262763,6.60177306867266,6.80127051198349
"SNAPC1",6.90898517037246,7.15054908264214,7.24908276591028,7.70012307850175,7.00440633308007,8.24727223557794
"DERA",6.86349994425119,6.97209839855342,7.7715894574761,7.89327677938522,6.95275775737551,8.27887126887831
"STRAP",11.185541441372,11.1502267443965,11.1958010977932,11.3104510457134,11.2738753316363,11.1839993564196
"ABCC2",5.79147317606317,5.58358169504195,5.98677983682015,5.71571562153576,5.53476861827663,6.51143928016197
"DEF6",5.49214979402744,5.45795213323723,5.45827589049947,5.49445599134623,5.76091096778062,5.77550668699715
"PLEKHO1",10.2283605504519,10.0900832653589,10.3452059712253,10.3704987258297,10.4530782951649,9.68908066316949
"GCLM",8.08359012627474,7.98775968103525,8.26986526502253,7.99445490304425,8.04558755474859,8.34276945812072
"UBR2",10.8335745918258,10.8253880460545,10.798669191251,10.5884879724995,10.7484703997852,10.5739548083869
"EHD2",4.99520527768772,5.17594971784969,4.94418431550225,5.3280834021818,5.34903754503733,5.37273133131448
"DEPDC1",6.74767673763211,6.86924378332948,7.60189652432882,8.42455884077224,7.10811313039174,9.11899279638269
"CCDC28A",6.30967770216152,6.73092761276427,6.62882379950556,6.54812888578483,6.56717883825407,7.4960534462844
"RRAGD",10.1895002958792,10.3139168061867,10.3776298009785,11.2135959870712,10.4502446021217,12.2772975987123
"HSF2",10.5496413275118,10.5831196558779,10.3625218616087,10.5614393787973,10.5573564520059,10.3019094788568
"PHF20",10.4686053953146,10.5430583495564,10.5278346614041,10.4170137065552,10.5097025158345,10.2054529496962
"HSD17B6",5.57553933579376,5.67386991742712,6.00991838444328,5.85918570565528,5.53476861827663,5.5258120673756
"NR1H3",6.86349994425119,6.61696431031565,6.90692282347899,6.95075475096743,7.12563200576146,7.3724833288726
"TYMP",4.60390596466056,4.58878259651035,4.7660846074949,5.43553531135657,5.03903521958369,5.37273133131448
"NCAPH2",9.74534934734069,9.29383136715744,9.59289407307803,9.78132952747667,9.89528219888739,9.1237323764467
"TOMM34",7.7827951013011,7.62320475048297,7.94507471577092,8.78331762090474,8.0057664325511,9.51132507964023
"SEC63",10.2482645600141,10.4286429976908,10.5296391924321,10.0681788534286,10.1512499456809,10.3053866670592
"KPNA6",11.0663218823202,11.0735615470401,10.8428801264799,11.0255213968422,11.0005165874394,11.1813528988777
"VIM",13.6577482592311,13.5611753296375,14.4632985986843,14.297280666578,13.8635265394892,14.6944489384829
"RTEL1-TNFRSF6B",5.26254826080776,5.31286008562374,5.45827589049947,5.74594758405598,6.21725309445207,5.25394328805817
"FAS",6.39147731265288,6.26653250017841,7.22207310011052,8.34402699597376,7.078412375402,9.52928780189991
"RNASET2",7.21992247057651,7.32643096545362,6.87220484073834,7.00119606273514,6.99805561656189,7.44076318907934
"CD44",6.2520628250378,6.45915625855364,7.84354444978498,8.15345689238913,7.15434627732596,9.83868152352171
"KCNG1",6.06122660456922,5.95795537545197,6.20029399103025,6.40154607385148,6.7774670989655,6.1912683413666
"AGPAT4",11.7664370213126,11.6360288263311,11.6592701866402,11.3343476138716,11.5614507394492,11.3770914348418
"BTN3A1",8.12181087574416,8.03143602779667,8.07506041228118,7.54134455499361,8.52377912090414,7.87431663323032
"MIPEP",8.08745859130208,8.02784701667875,7.96668587520299,8.59118782689055,7.8166848029933,9.18093875143825
"PRKCH",4.93817568778476,4.69525161239808,4.94418431550225,4.91404266993799,4.86095996838829,5.45239055899795
"IFNGR1",9.35609323496928,9.31303238324726,9.09441420071506,9.48848134147388,9.18318503296805,9.91988142197902
"B4GALT7",8.27541791952294,8.00612109597467,8.36627211087885,8.52159593582743,8.43456251568314,8.62096045895252
"VRK2",5.49214979402744,5.60690679268508,5.7255112363932,5.74594758405598,5.76091096778062,6.27917803362026
"TNFRSF1B",4.60390596466056,4.69525161239808,4.33057497578978,4.64396487703681,4.33057497578978,4.33057497578978
"VEZT",12.274460627595,12.3657165714025,12.141593882949,12.1760674239885,12.3016922865049,11.7494938827092
"POU2F2",9.22412867730333,9.53805398332217,9.77894156671365,8.77075275667069,9.1804490968158,7.05332344381605
"BRD9",9.67929173388246,9.61145038325801,9.55439251177159,9.66666162928786,9.66137777681592,9.61924599372904
"SNX1",10.1957530964107,10.2783162273879,10.2367025621336,10.2771507024355,10.2167484607512,10.596267613093
"TBPL1",9.96419754057321,9.9808016081576,9.94639914350564,9.93328550357162,10.0274192707319,9.37889304598039
"ARNTL2",9.24324450382496,9.29828515325572,9.03967797918752,8.97892504394287,9.45171006637177,7.6455606716121
"BCLAF1",12.7343893524977,12.8768019409128,12.5429704586568,12.7274538427295,12.6506850755181,12.7925164508318
"SLC39A9",11.3126011929692,11.3545288227576,11.1694255347478,11.3568064374911,11.2483320063204,11.3784124127392
"ANK1",9.23978772733347,9.10333747070088,9.0548137635453,9.11055913084373,9.76265081057066,7.14500941893176
"IBSP",4.60390596466056,4.69525161239808,4.33057497578978,5.0909007841773,4.91093888395682,5.25394328805817
"TFB1M",7.83448214704925,8.25647238048532,8.27851112581537,7.72329501884015,7.56498342446013,8.01090906400809
"RABEP1",12.4569092684456,12.5373864626879,12.1279621147734,12.0670025933889,12.3193446977316,11.7944703612998
"HMGB3",11.0765209685942,11.0367547822187,10.587090110311,11.2698149274002,11.3922687282068,10.5600502693964
"NUP160",10.6030344286133,10.664079127146,11.0412179610745,10.6658706918607,10.6307720714087,10.5888683019277
"BAK1",7.58266920398658,7.17707819150479,7.47120541838317,7.65949546353462,7.75134088524586,7.9549851965899
"MUSK",4.60390596466056,4.58878259651035,4.63910910251109,5.51331587387945,4.80549449477315,5.571858798105
"IKZF2",8.98487399308142,9.07419006118042,9.33238448296789,9.35298392678802,9.12460887615627,9.91169042507457
"GRN",8.20246030796334,7.71120019734812,8.35405945616691,9.33604601411246,8.76596031945126,9.86437447443679
"FAM13B",11.5221909986709,11.6251491103981,11.4398462544489,11.1233925439498,11.4566477400439,11.069669694199
"ARHGAP31",8.09516420208531,8.05278242919946,8.6684948890638,9.49707691685485,7.96799393447305,10.6730974591183
"NR2E3",5.04742567774093,5.2124335202594,5.88936033417274,5.25661469107151,4.99924798284876,5.22140032273235
"CENPQ",6.87271940713298,6.86100086831046,7.03759706541257,7.58907586411754,6.91945913830706,8.11339046848387
"SARS",11.6900538997582,11.5992390670551,11.5612430693293,11.6102906295134,11.7066981578697,11.1060069047178
"RANBP3",9.66648116516536,9.54056173958956,9.53294972756237,9.9134512860721,9.9888779322909,9.800741724027
"ARID4A",10.9110658953676,11.0787438172917,10.4480229512344,10.5668898339713,10.8965309067687,10.4040399033961
"TSSC1",9.51033966023747,9.42722525820161,9.63207500609705,9.43580201441432,9.52683793040165,9.01227043477643
"PNPLA6",8.52072763612895,8.02064177406534,8.46796826016975,8.06330259676767,8.43915772375497,7.56342037115229
"IFT88",8.93013246163848,9.15991862707476,8.83567220572049,9.46530583518882,8.74757612469874,10.3572329196666
"ALG1",8.37674317942589,8.44013107304247,8.31678371072775,8.61424117511111,8.62600777782423,9.00885774659924
"ZCCHC8",9.32381060255353,9.26832963742222,9.30944079031773,9.4691944072792,9.48312102437045,9.59443669165476
"ABCF2",10.1458775394758,10.0369216400313,10.122955833122,10.3694593774443,10.2581694888237,10.4462288492962
"CHPF2",9.5373323623839,9.09823652986495,9.30100614252949,9.49230793098306,9.59926523175762,9.53285362376619
"LRRC7",12.0667698316356,12.2884305505852,12.0181893562353,11.3512902238979,11.347898642408,12.1560376863844
"FUT8",10.7135997313253,10.7805051809182,10.6179510875721,10.40995448909,10.351643535545,10.6387815277444
"UBA6",11.5638672312615,11.5956284658165,11.4972183002604,11.5482768507728,11.409291471746,11.6223068711955
"GAB2",10.4244129979212,10.3607663063593,10.302568164937,10.1582057244156,10.7030132839668,8.88214088658023
"ATP6V0A1",11.7160704743937,11.7573329335419,11.6431101980407,11.0251914963442,11.4622836726924,10.5739548083869
"PIAS1",10.3685814704492,10.5235530332309,10.3685840446182,10.3288639465246,10.4023732028265,10.0900311893025
"SLC4A7",12.0594431326497,12.1578250043655,12.09757177351,11.9845689873278,12.2811133681721,11.1336496012672
"APBA2",11.2910748876574,10.9611335487209,11.3815968930969,11.3820158684106,11.5854064701418,10.2024720808327
"UHRF1",6.94431161196086,6.81901835644222,8.1239092480457,8.78955908314987,7.5734348367007,8.92623580383093
"MAP2K3",6.85421751109717,6.44792678694728,7.21295211595265,7.33668941949539,7.39394288903325,6.80127051198349
"EFCAB1",5.3344412562722,5.05426032044833,5.49586482724437,6.77423290581552,6.07080875752555,8.32911917638599
"TMSB10",14.447478373463,14.1853943197552,14.3359511818762,14.3761252704677,14.4458766260065,13.3971650770931
"ASTE1",8.06408889101343,8.00612109597467,6.94077887024594,7.89909052633311,8.2401400912153,8.47256108260949
"RNF19A",10.987182113999,11.0787438172917,10.8892938520199,11.5791675725748,10.9512654045744,12.0452183696804
"PEX3",8.74729920912343,8.74907569367151,8.57699109984022,8.61950899426717,8.57267226240335,8.66720157104918
"GABARAPL2",10.8808997100124,10.7889619229469,10.8414280549769,10.7809430997232,10.9536682827041,10.7331905689892
"SH3YL1",9.97773978179248,9.93865595293784,10.1792270301192,9.57040395414342,9.76447762255887,9.77287349535625
"FAM136A",9.03361949672067,8.93231906027272,9.28612555251092,9.06243576746389,9.01368218353162,9.17638417640136
"VCL",10.656465212615,10.6344693413878,10.5687781168347,11.4885110165557,10.6075610972939,12.4115819991757
"DEPDC1B",7.73905881029305,7.78555040601595,8.28710505000652,8.37761526210994,7.48654974865175,8.22973752692289
"DAPK2",6.40461685682177,6.186010907159,6.34796986470843,5.96211569431352,5.87375914045291,6.45980961472376
"NSMAF",9.71082857973831,9.76729426180825,9.72324084022193,9.32106011468672,9.61858583990845,9.25191754026147
"ADSS",9.98807100344887,10.0694005034163,9.52210744578734,9.71902675087141,9.94041781579514,9.5807220935992
"TIMP2",11.1473470073146,11.1742300158974,11.2553492400177,10.6852111951173,11.2493103133342,11.5570184464273
"RFC1",10.382743308538,10.4088877231026,10.3015123042135,10.6018243805378,10.2959104845487,11.0138127358822
"TBC1D23",10.0176195301291,10.1280814305341,9.90528073326631,10.0449282577115,9.98731463814814,10.1258741715663
"CUL3",11.2814502031011,11.339496100136,11.4865753545816,11.3446956803361,11.3137018494458,11.4895516531505
"MYOM2",8.42025359754767,8.41019435047483,7.01666422632071,8.3588189005965,9.06057327763718,6.88801804929274
"CYP46A1",8.14054424378127,8.05630930338481,7.40100650295854,7.40827444694496,7.72887297181842,7.66755485403753
"ZZZ3",11.4384357165789,11.4747144936543,11.3203750181109,11.271206617356,11.4478682952591,11.0708957986222
"SLC18A1",5.43226952355336,5.00838899562681,5.33538540566403,5.3280834021818,4.99924798284876,4.68467332000649
"USP2",6.29551855050175,5.79633174395148,6.23887088147353,6.5404029187479,6.03126530424217,7.07348929612911
"TUBG2",8.32206775092487,8.21294986883551,8.13348157800378,8.24510172719448,8.55373814166148,8.34819333498937
"RPL26L1",8.4977123644544,8.43743525109495,8.63863716092216,8.77861866539099,8.64798943308011,8.67584299192599
"FLT4",4.93817568778476,4.90491546544878,5.63329680407505,5.49445599134623,5.59610890044655,4.88837907797739
"NSUN2",9.6677673593202,9.6479557234452,9.63543222152982,9.71493960390413,9.68664863544286,10.0811323440527
"FBXO42",10.6157464417999,10.5776386372268,10.4829032534631,10.3952209648329,10.4592928890782,10.0147062367532
"MFAP3",11.3260973607272,11.3757359758292,11.098867603006,11.1843474960033,11.2767568375826,11.1060069047178
"MRI1",8.36087775999536,8.2161029397298,8.21235607275838,8.8430454729705,8.98259786983161,9.0325782539531
"METTL1",5.89520136979655,6.12926986364968,6.09823090651264,6.42715403265457,6.37900788898933,6.85711112771071
"AGA",7.037008143838,6.84436345213363,7.44043827095953,7.55250372585819,6.66022149182736,8.59156999981621
"PI4K2B",7.96658061404491,8.02784701667875,7.78383813845146,7.69678163213062,7.71369398086317,7.44588042081582
"BOD1L1",11.9012314457651,12.0555320881078,11.5713510212515,11.6527647723714,11.8842858015863,11.6323070185055
"MAT2B",8.78814509776648,8.7834071312589,9.34269378846979,9.88681605482093,9.1722099434197,10.1500576426295
"TLL1",7.88880247875315,8.09110660840326,7.11828713660677,7.4685394090624,7.0723947844243,6.27917803362026
"EDC4",9.87793777110515,9.59947438305679,9.78348755889255,9.90271246980339,10.0679182068112,9.38942297073236
"TRIO",13.4923087709849,13.3838765650769,13.5275408647556,13.116914860591,13.5696602757257,12.2423585828141
"VCAN",13.3325102270572,13.5322716402214,13.8367848613025,14.2018502423981,13.9746601197534,13.9498403392717
"CLEC16A",9.9431116859712,10.0163569525436,10.13367533322,9.7937833083473,10.0950249037855,9.43714671615689
"MSR1",5.04742567774093,4.33057497578978,4.63910910251109,4.87127988604197,4.33057497578978,5.22140032273235
"CDH1",5.0958257135656,5.00838899562681,4.63910910251109,4.64396487703681,4.99924798284876,4.68467332000649
"SKIV2L2",10.8979799843489,11.0950325788203,10.9982094315233,11.0085995224217,11.045515635792,10.8728364530793
"DNAH5",7.56603455452022,7.55466948165894,7.60189652432882,8.4124602172064,7.63525730672253,9.4535460299137
"ZFYVE16",11.3084863903246,11.4489326637189,11.3885731032393,11.0513479588453,11.0323142798437,11.1484367129724
"FAM65A",7.87989202519444,7.9691585288187,8.71055519067675,7.79374856646045,8.09603806330343,7.20697117667511
"C6",5.40082433975998,5.53524434648493,5.2426758087291,4.95373220111794,4.86095996838829,5.59411117987997
"RAI14",8.91068724939637,9.0444398969378,9.61686997478053,10.1761502269016,8.96997355521466,11.110783432694
"PNKP",7.86190181053377,7.66556973088888,8.12870343458196,8.40025855214641,8.11342664886969,8.11975609815991
"PHLPP2",10.2864300588393,10.2805672002978,10.045601102163,10.2788124308723,10.178218560946,10.2537678840879
"SPDL1",8.90633014081767,8.80027001543557,8.92901816256516,9.02062364169454,8.66768478986377,9.33326142907186
"STAU2",11.651914898191,11.7309699661613,11.5045760475806,11.4070455235737,11.5598745039845,11.0639340527008
"PQLC2",8.12181087574416,7.7727098763533,8.02961915669745,8.09399110690924,8.29445289230655,7.82440493355072
"CTNS",7.72417497187913,7.47734248484103,7.72786621708424,7.97533633310703,7.9060596315197,8.16045503996907
"RTN4R",6.62092605244302,6.24026434647469,6.52664985962964,6.5090360851835,6.8503189605295,5.47749470033185
"PHF23",9.53451472618957,9.48305352460337,9.43229960109338,10.017319965856,9.94283957753936,10.3322247475664
"CDH10",10.2474048576142,10.3937183326024,10.1241508320617,10.4210320840956,10.4123084448708,9.68374506224799
"INPP4A",11.5966324404805,11.6372001120245,11.5546125627733,11.2331515217664,11.4356012117251,11.2098293013467
"RAB27B",10.3129682304367,10.3313928282358,9.61346917678294,8.76917439345354,9.63665363709234,7.17633604835938
"PSMA4",10.6097389266764,10.6531189557511,10.5032498788832,10.7852357083921,10.6848073133227,10.8110760603908
"MYO16",9.46961563526219,9.63979305225456,9.90388971251469,9.28068690163363,9.19136177398489,8.90251908139843
"LSG1",9.89670484138313,9.93675390682458,9.84422044190428,9.99525062122744,9.85727199470236,10.1616152825839
"PARP3",6.75771729922596,6.66563710439642,6.84855731667408,7.07093402566131,7.36492552916603,6.69981722026509
"TNC",10.8803453517059,10.7564512624282,11.2166717289841,11.8789974795315,11.69931950368,13.2351897207227
"THAP3",8.25494991047756,8.13511063516641,8.40624481148365,8.47195701967692,8.5851575916591,8.27602730068936
"FAM65C",5.54851785949931,5.2124335202594,6.399200953035,5.39408088420441,5.87375914045291,5.63720988468804
"TDP1",9.46666224003285,9.46732217193212,9.41677173101426,9.73929039353038,9.54714768227108,9.70180607199407
"AIFM2",7.0771618631557,6.83596763058775,6.77503369616368,6.62299697790865,6.38909414439227,7.32874891051753
"SPATA7",9.28911633067063,9.55551728900228,9.46852090139005,9.36137875031349,9.42999855131585,9.63370771885064
"MED17",10.1614786495613,10.1956434328173,10.1572148965913,10.3579768285693,10.4609831406605,10.4053366578763
"RETSAT",8.3672450358431,8.31055174989564,9.09441420071506,9.31998370126168,8.82851329144132,10.1768827486132
"CAPG",4.99520527768772,4.77662214806139,4.7660846074949,4.91404266993799,5.17836802896297,4.98896808752624
"AP2S1",9.0356151437135,8.77490088306464,9.19117879616763,9.44274049351183,9.26164089249891,9.41025461702695
"USH2A",6.40461685682177,6.35439345161833,6.8122948523233,5.93722994218226,6.18224393265002,5.93108273336772
"TG",5.54851785949931,5.09718127405855,5.66493901424027,5.23135019106063,5.42310223496893,5.65810362455486
"ADAM28",6.06122660456922,5.77685464919912,5.07933519419276,5.56781120866857,5.17836802896297,5.28523604052962
"DCUN1D1",10.6853153726229,10.7412793597312,10.6120018357435,10.6307374719755,10.6944180440919,10.4631384185755
"JADE2",6.9872241670526,6.81046349923715,6.8122948523233,6.65179842733786,7.08440384257953,6.94047352051505
"ZIC2",6.76768353188172,6.81901835644222,5.93909051704448,9.99187711026056,8.1809377646698,10.4405479759674
"TRIT1",9.86341977688096,9.96968269992857,9.84276919745057,9.69100279186113,9.89528219888739,9.51853706914684
"CUL7",10.0613261502376,9.69823149785198,9.80898078778316,10.0732951226019,10.1741022349946,10.6639177456942
"CTNNA1",11.5617944839891,11.4867850544611,11.8930773193785,12.8489220440761,12.0067734366191,13.6433773708352
"PHKA2",8.61995696851919,8.63852083669891,8.75760331881909,8.94858142400585,8.67159164285877,9.3264272444231
"CNTLN",8.66453227349511,8.74254619225178,8.77599939552662,8.99655896609661,8.70818596523303,9.84538676274802
"EPHA3",10.6700004687781,10.736368586331,10.6297764705792,11.029145331187,10.4331245071698,10.2195285231975
"HSPA5",10.675762632035,10.7031957162155,10.9143714467237,11.0950679022963,10.9608529924591,11.9886077768538
"DSG2",7.51491967875223,7.71120019734812,6.399200953035,7.88743916870191,6.87839785072055,8.52853407857159
"GEMIN8",8.03232150805896,7.81088806238494,8.20329953523338,8.47389833002732,8.27914422267056,8.8840054332622
"OFD1",9.34809017593427,9.45408017697914,9.26892867330728,9.51128986746541,9.56507999829949,9.71964351216505
"GPM6B",13.3818066238597,13.4385596408955,13.7692867757085,14.294546045699,13.7575654459106,14.3530430731554
"PREX2",9.35928204576691,9.53679846623154,9.04978617623314,10.5445029525291,9.46974297376782,11.5164982774299
"WDR37",10.6499749317738,10.6030403685205,10.4191088921515,10.1073630266152,10.5473145029999,9.22864467878167
"YTHDC2",10.4634324854711,10.6309455309244,10.4847648546143,10.266581716299,10.2220747021403,10.4593978342054
"CTPS2",9.79327301949617,9.83217531161052,9.95716880956863,9.7991981791453,9.81206315480024,9.7165117297518
"ATP6V1H",10.5854554524617,10.5982363119178,10.4268761693712,10.4079312064104,10.6531226353558,10.0307618033088
"POLR2B",12.1449992785603,12.2346995064387,11.9035510728316,12.2523166064676,12.2065156885958,12.0874260731063
"FAM214A",10.4045000596278,10.454790793746,10.4239683408578,10.5555113805499,10.4861020246974,10.4259276933422
"ARAP2",8.20957127094734,8.62910859222468,7.92864829383441,9.34348087871083,9.18318503296805,10.3632509688538
"TPR",12.3856585714747,12.4402466563576,12.3176870947977,12.3921614178849,12.2641136170236,12.788547507345
"CP",6.58725916525107,6.81046349923715,7.04794528740955,11.1094553627694,6.15834206985003,11.9747016259904
"KIAA0556",9.15423236315607,9.05149548767832,9.24274193888673,9.70673036819782,9.47309915311183,10.3883872068719
"DTNBP1",8.33836663722997,8.37116533063057,8.21235607275838,7.93348273280204,8.24802647612564,7.4960534462844
"XK",7.68882550855379,7.92349862982285,7.50131371293644,6.96777562639213,7.3151852881193,7.09992669845435
"ANO2",5.83411797820783,6.15796744435664,6.49593802186075,5.71571562153576,5.81067810207035,5.71840792780094
"C12orf4",9.79562787589388,9.90110563660263,9.6454571872689,9.75370577913161,9.75440137828987,9.39073381408231
"SCML1",7.81122104803822,7.96164951102611,8.01414446739986,7.75895930936259,7.82728884990171,7.28360218235551
"WWC3",8.65156496581758,8.6100968777848,9.00112672005549,9.24483254291013,8.92979271367827,9.71022767200127
"ARHGAP6",7.10846414954516,7.26613346708606,6.74960856768488,7.1571156741233,6.64378255741951,8.78568773315671
"FAM184B",7.21276396249247,6.96445555233574,6.03261425473495,5.97436269294477,6.73179084413284,5.93108273336772
"MAP4",12.1812291426216,12.1966749482088,12.0213986614255,11.8520958095951,11.9961287665265,11.6068937433196
"GOPC",11.0486681853264,11.0561515994441,10.9791886278553,10.7742838368087,11.0269997207797,10.2239450449381
"USP28",8.87990647035073,8.98855297640755,9.39514380663259,9.56223617219842,9.22626717106345,9.67624187336612
"HDAC9",10.9585820297739,10.9275384501562,10.7676596293125,10.2108026138746,10.2013250009376,10.0770691848511
"TSPAN17",9.59661565527658,9.35211152887064,9.17972072930523,9.67425987955276,9.72186368347251,9.60802196881137
"NOP16",7.67856140727407,7.3613989484648,7.37680414175874,7.2006595156671,7.53499811285736,7.36709066927881
"CC2D2A",9.6869237617753,9.80532184408172,9.65210195660987,10.4310293110684,9.75715643924928,11.3507511449397
"RRM2B",9.12828967253227,9.26529951733079,9.62533701633068,9.84179998901078,9.32493744190816,10.6260472032099
"ZNF800",9.42466593791179,9.66184218248747,9.65541288542439,9.65134386092654,9.64956312233559,9.61139836671625
"SNX29",10.1514031103102,10.0737339493309,9.96118678043208,9.65305389876863,9.89861287266088,9.50165258049402
"LMO3",10.0376505848345,10.2356398954046,10.3796322863868,10.5691547914321,11.1022077811194,9.92892827075344
"MRPS10",9.1357497162713,9.14515643051904,9.02438124038737,9.1750992662576,8.99043215863396,9.37757137509462
"RSF1",11.7076586327271,11.9484983506323,11.6621516323212,11.4975758272163,11.7644068646497,11.4200573983133
"VPS13D",12.0040371732752,12.1312620863877,12.0865829263514,11.8138376474061,12.0104325086196,11.9940036658903
"CELF2",12.1094924822706,12.2255789462652,12.1252798970926,11.4333896696791,11.8455663531472,10.8568134322954
"FAM120A",9.99628300044947,9.97617914774625,10.2983400752451,10.2486043186447,10.093572634255,10.7347386436025
"R3HDM1",10.9126933181023,11.1216388331609,10.9478190017818,10.2553721359973,10.5589356505606,9.74034991274878
"COL9A2",5.9903111609895,5.92395793531019,6.16047993900056,7.03918568086747,6.3991018748316,7.59133478252114
"KITLG",10.7715495341916,10.7440003596007,8.89577128390487,9.95770054750144,9.64857418100272,11.0328129067958
"ERCC8",9.09231650683789,9.2346422697425,9.06481653161499,9.08289476215242,9.05011777622151,8.80746984176902
"ADAMTS6",8.52926401365878,8.44013107304247,8.38239530543292,8.95275708677088,7.95195488704681,8.98300116003085
"H6PD",9.04950768501134,9.03379119653601,9.10171944999658,9.54668064221337,8.92325828344737,9.7536512651057
"VAMP3",8.91068724939637,8.82313800716929,8.96151359439377,9.27847197614137,9.05311282450646,9.7898576689648
"PER3",8.2236879472729,8.28376756721044,8.05504282183853,7.74609406133652,7.65129641608071,8.41947342036659
"EPN3",5.22411723473243,5.13762512309315,5.91449335713677,4.87127988604197,5.32290848716218,5.25394328805817
"LTBP1",9.06522230888423,9.08110158900792,10.0506378561016,10.9621346147641,9.23683919676452,11.7589063663156
"RCN1",10.3096775464726,10.3190358946643,10.7375308498753,11.521161924937,10.2736411353437,12.6740829019536
"ELN",5.83411797820783,5.55970553524277,6.21973164683618,7.91639054272443,5.93352705716022,9.5564028406261
"RFC2",8.39866358208397,8.4641679579657,8.73583916653005,9.16434163911888,8.80025511246538,9.27197715659007
"ARID1B",11.2704922312231,11.3931735118759,11.6994966801105,11.0616791663631,11.3469849845383,10.6944690638126
"CLPTM1L",9.92709238178042,9.55799485536789,9.70418500432671,10.0494786708118,9.99744587741879,10.4462288492962
"NEDD4L",12.4903492013873,12.6141910745148,12.6604317013949,12.1366053594,12.6241578577057,11.3307607062806
"FOXP3",4.80259831140558,4.90491546544878,4.63910910251109,4.71402308857299,4.86095996838829,4.83010453277739
"PPP1R3F",8.48606469245659,8.39359767369775,8.43357651933152,8.42455884077224,8.60776895714336,8.02794453368651
"HEXB",7.88435423161158,7.94270187356128,8.27851112581537,8.74849627992998,8.23485823418197,9.74034991274878
"PTCD2",7.76352308206893,8.08421470978172,7.78383813845146,7.60701256006494,7.80242174547315,8.05145731144394
"KIAA2022",11.9293705381866,12.1027178242502,11.4631640065212,11.2448155111602,11.8905695339287,9.10467966039144
"JKAMP",9.80266944667197,9.84541672457744,9.82670831451534,10.2480388973717,9.93556205199981,10.6530427431597
"DKK3",11.8930113438375,11.7803100505917,11.7752131778502,11.9209167910874,11.6576797782475,12.6458414121884
"NFE2L3",8.60926436553399,8.85172611001252,7.90084240602467,7.00119606273514,7.7916296063901,6.21702304029175
"MCUR1",9.3735449486433,9.58618477519925,9.19117879616763,9.4387797422221,9.34217297647732,9.61812751773036
"LIMA1",8.57944213207293,8.4641679579657,8.91249082736972,8.99115613641441,8.31210843498759,9.80958612553072
"LETMD1",9.71207580997916,9.86755180730395,9.1611959404494,8.96933952878185,9.37842589141099,9.1425361134181
"SLC4A8",11.372954917569,11.4382207437539,11.2999050921089,11.1184525153512,11.2025972022409,10.5553854720139
"LAMC3",4.99520527768772,4.69525161239808,4.86296472820736,5.51331587387945,5.14598214718274,5.71840792780094
"PTGER3",9.76230450523298,9.70830257160587,7.23113467566778,6.33973246271108,8.26107457242537,5.07532107295397
"TNIP3",5.43226952355336,5.55970553524277,5.53204272811162,5.4150421589993,5.57607598002124,5.25394328805817
"MAPK9",10.9559536810968,10.9203396588624,10.5205938725924,10.4915115229273,10.8885991439417,9.94507087750159
"COL23A1",6.75771729922596,6.43659925234347,6.73671357377245,5.58533341826546,5.63503194179442,4.94087121374919
"BCAR1",8.65156496581758,8.2927514492747,8.99851952195043,8.89316453647128,9.08419002083006,8.93345524101333
"FAM160A2",8.96825130732817,8.79186331260931,8.75760331881909,8.8445447831955,8.90181391526014,8.78768162709428
"HERPUD1",9.77309984798789,9.72162210906736,9.792536749536,9.55127325966765,9.86239831078772,9.49557411975001
"HOMER3",7.26902704649298,6.97969885755654,7.40898199943496,7.68333641555569,7.48654974865175,7.16389018268598
"RAD51",5.72424503540458,5.69527237656877,6.57141063641404,6.85621029266722,6.01778816310778,7.26046915862092
"POLQ",6.86349994425119,6.91767973622659,7.82589467947357,8.26992250355276,6.89222287773343,8.90067840911913
"PIK3CB",9.11514080350288,9.25617070079906,9.22724342445483,9.0854318005214,9.02745391118211,9.31542462635113
"CYBA",5.62750733317344,5.31286008562374,5.29031095099465,5.05921631031587,4.86095996838829,4.33057497578978
"THOC3",8.07192140142713,8.05982747804389,7.98797398522681,7.90198851257261,7.78075476438535,7.97972245629034
"HEBP2",8.36406493692669,8.43202834479863,8.38639790174872,8.74207342933317,8.39962051460941,8.61198118289239
"MPHOSPH9",10.0276698481159,10.1788462890315,10.128920947657,10.1797124822639,10.0121261609304,10.290023923109
"PLEKHA5",11.2835479954528,11.3089523564226,10.9129896267273,12.0756299911004,11.1297396143721,12.9437156172265
"SIKE1",10.7565238895398,10.801554786137,10.5169597994044,10.5718680533347,10.5813828399266,10.703983927633
"RRP12",8.80697211819201,8.41568412165511,8.70095774384844,8.76917439345354,8.64798943308011,9.14874981729395
"FNIP2",11.1033711485897,11.1124034210726,11.1821001198938,10.6772541403893,11.2052884611066,9.63481417012042
"MSMO1",12.2285978945054,12.3472271376371,11.671578919589,11.9583732898428,12.3964326544842,11.2157533650292
"TTC17",11.3301623034611,11.4549233458806,11.3057081321337,11.2262798000269,11.2453930980202,11.6710896179571
"ALX4",4.33057497578978,4.69525161239808,4.33057497578978,4.82464481268825,4.33057497578978,5.69868419475818
"FSTL4",9.04357016000457,9.18097797195962,8.49786099064325,7.73311098382377,8.27657677634417,7.11942799821587
"FOXN3",10.7733421376185,10.7488852605935,10.8963036982492,10.7828958693761,11.0978693787995,10.6260472032099
"METTL24",5.26254826080776,4.90491546544878,5.0153475618871,6.92190735690644,5.11210946503177,8.40393712176816
"AKR7A2",8.50350090748699,8.23798184467487,8.77599939552662,9.4643320496292,8.88845660449804,9.77287349535625
"MRTO4",9.34326690275064,9.19697034292977,9.17280184623681,9.35823642387804,9.15558876676261,9.28613623446367
"NNAT",8.48606469245659,8.32813337198237,5.19204933581343,4.33057497578978,4.33057497578978,4.33057497578978
"USE1",7.79707923979468,7.85213789711754,7.65630972635039,7.80309035402005,8.1191760897541,7.43562724486477
"MCF2L2",10.4927451147075,10.6215063925172,10.0278325807221,9.19167514527474,9.87682463747538,7.56811129503746
"LAMA3",6.37820212442732,6.41364234346673,6.36527543281753,5.87256822454692,6.19402372481779,5.3153992589889
"AP5M1",10.5014239672703,10.6197296557882,10.3705991221451,10.3558792333017,10.4163796144101,10.7693899077379
"ANAPC4",9.40010653467529,9.45673833327171,9.40304613797014,9.3790568956645,9.3137475060278,9.67624187336612
"TRAPPC3",9.69829654272916,9.6054748265058,9.66201200638002,9.62021097109997,9.74425418552182,9.74137746378507
"THRAP3",11.6273491634007,11.6115075454415,11.2678345159655,11.8282799828946,11.74465536146,11.8153466202954
"PHPT1",9.55690300151516,9.12021117526401,9.86295484044014,9.74330915289094,9.69625139604607,9.45103518024498
"ENTPD2",4.60390596466056,4.90491546544878,5.53204272811162,4.64396487703681,4.56883750728876,4.58127373257168
"ARID4B",10.9143189067025,11.0291901409577,10.8016591231432,10.979607131353,11.0024520814847,10.9746079989078
"OPN3",7.33630691398512,7.15722908848611,7.53806547190816,7.71671305573469,7.3151852881193,8.07130711424953
"SDCCAG8",10.0426151602225,10.1487666662866,10.0111348106684,9.59641173055092,10.0167311525693,9.19901427417006
"PTPRN",9.39234503007702,8.77703217144969,8.36221278826824,8.61248092965797,9.29869101221186,6.94047352051505
"HHAT",7.29632919015158,7.10286449688796,7.3438698231556,7.66976224547184,7.06635083100479,7.97269840201164
"KIF1B",14.0026278018763,14.0826388452925,14.2306387944111,13.7527661406587,14.0149062573935,13.5044994258813
"FOXC1",4.60390596466056,4.69525161239808,4.7660846074949,6.39289578642982,4.56883750728876,7.37785530753697
"TBC1D22A",8.01210136645858,7.84398320320908,8.07506041228118,8.21287549559311,8.2636699680789,7.75226551809383
"SYNE2",11.2104538749009,11.3030604536999,11.97878012065,12.3867792349909,11.6995581148104,12.4260254009775
"PLEKHH1",8.97033968110083,8.86580970271222,9.25152388519973,8.48741438657549,8.8073719263142,8.81726268355521
"ATP9A",13.9909933509142,13.9601149552379,13.8333195835084,13.2466560786899,13.8818827875648,12.1783913469903
"FAM168A",12.4329180019512,12.4876062211588,12.4980627242845,12.0504021814107,12.3624779103262,11.4698583772335
"RELT",7.77319182083642,7.47734248484103,7.45590604430278,7.47638291567302,7.5734348367007,6.88801804929274
"GALC",10.2729755402648,10.2895361163862,8.6081451264466,9.69432815565877,9.99977377878279,9.87658369192511
"NOP58",10.1094357263731,10.0598208227392,10.0252762479025,9.82293675318608,9.92007665769168,9.70812688163029
"SZRD1",9.35289734691898,9.25922007618236,9.72166244312844,10.1455103510886,9.80053584171069,10.3818147703982
"KCNH2",8.79523417180489,8.53142616142683,8.6453260878984,8.44449893134492,9.00906214874504,6.94047352051505
"CUL1",11.0005072581504,11.0954587562999,11.0014636787317,11.0969526858694,11.1626528123911,11.0138127358822
"FAM114A2",9.19942642477404,9.15991862707476,9.0821557501178,9.1462316106376,9.11461010682109,9.44726067958056
"CYFIP2",12.2484935112427,12.244339344869,12.2953249515228,11.9246357643089,12.3615734826118,11.1472748048719
"TAB2",10.0681589137079,10.2969678325747,10.340073237276,10.6337702869881,10.0942989518825,11.233745925979
"GINM1",8.89317901711718,8.96632259343604,9.1305751083305,9.39958062950238,8.80914563565002,9.95661801716464
"EIF2AK2",10.6770399924238,10.7978932113485,11.0060073255216,10.3506218570713,10.1904974939942,11.2135346912455
"USP36",8.76184838695264,8.50335485026256,8.62177718223572,8.33764052430915,8.32210037747267,8.47998702889976
"KMT2C",12.4075595740689,12.5671880177698,12.8141539768158,12.1952543022773,12.2795181484885,12.1074784112998
"CCDC85A",8.75216532715029,8.49560269277639,8.46796826016975,7.72984654518072,8.48653826724274,5.99399275429218
"PUM2",11.7640351467017,11.8771763089722,12.1145008774023,11.6614936819452,11.7865895817352,11.7441242150106
"MRPL43",8.76906808702757,8.52889680918753,8.74209121903283,8.9992527888271,8.94921969054632,9.16416770169776
"ITIH4",5.49214979402744,5.55970553524277,5.69565584988958,5.54997731954909,5.51344929562775,5.25394328805817
"ITIH1",5.3344412562722,5.51016048524524,5.07933519419276,5.05921631031587,5.20943279770974,5.15195654074678
"C4orf27",8.92583397425425,8.81486442039938,8.62177718223572,9.07780722443661,8.84243669548744,9.1440920565254
"ZFR",12.2372818968264,12.3270468069167,12.0917825363767,12.3359519198752,12.2915978089885,12.3055202963413
"ZNF280C",8.8821270892434,9.01946918159659,9.06979195486079,8.82948082453817,8.66376727607359,8.70357373679164
"NPFFR2",5.26254826080776,5.48441204341114,5.07933519419276,4.95373220111794,4.80549449477315,4.33057497578978
"PHF21B",9.05934942303815,9.1335691036514,9.69938140990519,10.0357841147307,10.1365166996401,8.72454652267087
"TRAF1",6.35123217836489,6.48132831963925,5.86366298223323,5.81805978469791,5.61575483702208,6.72590736183652
"RC3H2",12.0849254198589,12.2185537783385,12.0875018674301,11.9338035980385,12.1609765161244,11.884845022981
"PCGF2",8.42331149666572,8.27472691615526,8.94535767324388,8.58939905639909,8.38301792117354,8.75951209785585
"IL17RB",5.72424503540458,5.77685464919912,6.51138402021999,6.21628853422501,6.21725309445207,6.22970329815221
"TRAF3IP2",6.70674692185684,6.75796460995273,7.10845497857026,6.7279384444836,6.60177306867266,7.22503328181531
"GYG2",7.79233381817689,7.81088806238494,8.26116683070521,8.51783797575473,7.93573309563782,9.36828555752142
"DCBLD2",11.1670252341275,11.2489215319935,11.0342442596817,11.1233925439498,11.1364531134127,11.1813528988777
"SOAT1",9.02761588958365,8.96818830715829,9.0548137635453,8.91330442248721,9.0827252779682,8.7493161660563
"PKP2",7.52069154069623,7.15054908264214,6.9628925018021,6.90430184754237,7.28446871963351,6.13809210754304
"MSH4",6.14437114006863,6.19979772223188,5.75456202992873,6.14439749474012,6.30608491752984,5.77550668699715
"F7",5.0958257135656,5.09718127405855,5.0153475618871,4.82464481268825,5.07654591073903,4.68467332000649
"GDI2",12.2951940904453,12.3605846446523,12.348933964676,12.3840805949256,12.2941280579212,12.0516494876652
"PRDM1",4.60390596466056,4.69525161239808,5.88936033417274,4.64396487703681,5.03903521958369,5.18746296578136
"ATG5",9.42618708337986,9.54556419363794,9.50568946027502,9.40263411699781,9.36282822509376,9.46229969400297
"TMCC3",10.131038308927,10.2624602516776,9.76061282904259,9.27957986484281,10.085558896615,8.55923063538039
"PITHD1",10.692280720613,10.5994388271348,10.2618917739999,10.4053981045043,10.7558327300577,9.95573305219618
"MTA3",10.3129682304367,10.3146492181154,10.5060023096135,9.99592437710767,10.2405631169155,10.3039967978137
"USP13",9.79562787589388,9.83217531161052,9.64212327599654,9.72147348640096,9.64063811964657,9.75059260094833
"ATP11B",10.4956438727499,10.6078284757656,10.5233134304809,10.6097674282199,10.4654808167677,10.8733050343233
"LAMC2",5.67698376420325,5.62971160557788,5.07933519419276,5.0909007841773,5.26812364332126,5.47749470033185
"CDK14",11.3995049725317,11.4475980156963,11.3374716936371,11.5979218658825,11.321784919415,11.6681223067202
"SEC61A1",11.4194832720476,11.3366148771261,11.5625655213533,11.8071376328926,11.6839657104913,12.2206134720269
"PPP1R12A",11.6023578397046,11.7191273747066,11.3379866247521,11.5272316621504,11.5474673755125,11.5622586598602
"RASGRF1",8.55178237037359,8.05982747804389,7.38491811861045,6.84391681936885,7.47755893523241,5.47749470033185
"CAMK2B",10.6519250846081,10.3964882990273,9.93145823332503,9.70012914068441,10.4204393228032,7.63219804937138
"CROCC",7.65257060002704,7.14383672489722,7.50874119576164,7.99716530369918,8.1559935466332,7.56811129503746
"POLR3E",9.29245680169012,9.15828584114802,9.20706837381123,9.33604601411246,9.42654029947296,9.18245374576098
"ATP2B4",11.6020216798029,11.6903585175278,12.136571048637,12.2203981702861,11.5742592669751,13.0333360120855
"ZC3H11A",11.9590726650773,12.029676145057,11.951447603287,12.1124304238255,12.1230541127236,12.185200289348
"RIOK2",8.87322395600214,9.11011071624947,9.06232235237928,9.34559809371799,9.1927200592238,9.44600031136112
"YIPF1",9.33357161491262,9.26378206223723,9.24274193888673,9.61846148285205,9.4797881422926,9.73313646702429
"NDC1",9.60469715082881,9.72603473652242,9.75753524751874,9.95285050861993,9.63265810543118,10.2047083100248
"DGKG",7.29632919015158,6.95676981986346,6.0767532850492,5.51331587387945,5.29596108369109,5.15195654074678
"FLYWCH1",8.6951841343469,8.3541074292864,8.55583946488962,8.43256820435577,8.93953901173915,7.82049194481516
"UNKL",7.67856140727407,7.12350224223334,7.69578817842309,7.59986520168274,8.0181379847393,7.52048453789093
"TBXAS1",5.72424503540458,6.34220771365591,6.4803071669202,5.7607533951804,6.18224393265002,5.71840792780094
"PARP12",5.18373077138573,5.24729833481842,5.29031095099465,5.3280834021818,4.99924798284876,5.45239055899795
"ALDH18A1",10.2755078438786,10.1594068380115,10.2683911394533,10.5509347431221,10.2053644450738,10.7814236834001
"TARBP1",11.0152261247054,11.0175434052812,10.9150618606131,10.3127329172753,10.5026081272947,9.99675005792766
"PET112",9.02158711969971,8.98487169429212,8.94535767324388,9.06114736821261,9.00442722589531,8.89698997909623
"MXD1",9.30243196170721,9.5393084071398,9.61006033266178,8.88590278913282,9.30372735856032,7.76861647121532
"CDK17",11.385509953145,11.432834806468,11.1472672844346,11.5798415840862,11.5980049704397,11.5927374539809
"DNAJC25",7.95814552402036,7.95788010161699,7.43264003745993,7.4685394090624,7.6671556408761,7.31198940754958
"SLC2A3",10.2653518363431,10.0190559980541,9.42066942190477,9.28400291364591,9.76630212180143,8.79958722914079
"PSD",10.1859150544553,9.63862317229147,9.91359878523495,9.22311367008242,10.1616822722822,7.09336464344323
"CTDP1",7.84825812045836,7.8316627210426,8.32097371919403,8.23367555975418,8.37823875941362,8.01433248455026
"YBX3",6.50519094232758,6.15796744435664,7.04794528740955,7.86681670060835,7.16566744120956,8.94063860963047
"STYK1",7.38154779352706,7.33818434225533,5.7255112363932,5.99848057344674,7.03572703226692,4.83010453277739
"WNK1",11.7825459094586,11.9660825307596,12.3448407708013,11.7533830409238,11.5679999114709,12.1514091938622
"CCAR1",10.7870119097408,10.9861709253681,10.5888220440202,10.7980374091544,10.8032372885877,10.9189569057897
"OGFR",7.88880247875315,7.35563129640412,7.80802279742507,8.30308959658247,8.45965574735079,8.09735108405167
"PIGV",8.12557726315472,7.93888189586916,7.97203780474367,8.04770717304165,7.91601970225924,8.41689570901026
"PTPRU",7.49746075667521,7.12350224223334,7.40100650295854,6.20627032032873,6.8853279124242,6.7682951030033
"SNRNP40",9.60738094053083,9.67901415239124,9.56675497820097,10.043625497233,9.66822518517061,10.0565798226557
"RIMBP2",8.27541791952294,8.31349705932105,8.84441318329675,6.71441314140921,7.55221058705847,5.5258120673756
"COL11A1",10.0485501710926,9.95847736170324,10.7858923757438,10.9710686163923,10.03424859457,12.1243064575941
"QSER1",11.7348963298595,11.9235147607624,12.0687006990221,12.0293382616107,12.1447708664949,11.8067870693563
"MPC1",9.28744318416097,9.17129655147424,9.26242651196847,9.16673918171736,9.22494019162892,9.26770213530466
"ACAA1",9.22412867730333,8.97005160344851,8.84150542723184,9.16314136834373,9.38200148678353,9.21390571951481
"BCAT1",11.6023578397046,11.6325092523471,11.5563836798575,11.4685112208372,11.4052008881396,10.2702315945105
"HDAC7",8.37358412581227,7.98034834265512,8.44513237632328,8.69129779065372,8.59135974874333,8.81921326867187
"LZTS1",9.33681063638317,9.1335691036514,9.16817070911359,9.31350826657486,9.54076495614395,7.75637096599122
"PRDM6",5.5207400332063,5.71625300812078,5.2426758087291,5.17826991240815,5.32290848716218,5.28523604052962
"WNT8A",4.80259831140558,5.17594971784969,4.7660846074949,4.64396487703681,4.56883750728876,4.33057497578978
"SPAG4",6.111792441977,5.69527237656877,5.98677983682015,5.3049269085433,5.74380775294986,5.54910236469605
"NCKAP1",12.6646392642328,12.7076064249126,12.7785598581682,12.541487001158,12.4106394581934,12.8659231058493
"MRPS35",9.79445092865638,9.80948585306356,9.87861902033256,9.8962305662551,9.90276542120911,9.68481376412447
"GUCY1B3",10.3129682304367,10.2224306333704,10.1157649644731,9.56314599365345,10.1540392884543,8.81530944705027
"SFSWAP",10.1440309666118,10.007323462595,9.91911760530514,10.1117208746245,10.3265208468352,10.2069410763355
"TNK2",8.73013678680276,8.32813337198237,8.70736316348302,8.51595529628347,8.83549185548443,8.03470212691223
"MON2",11.2742948028074,11.3718712651565,11.420527900455,11.1475389810487,11.1229947232466,11.4229408145306
"CDH3",7.25517290337706,7.06064047442664,6.9628925018021,6.26520864888704,6.97882523108938,5.65810362455486
"ARSF",4.7165496130104,4.69525161239808,5.0153475618871,5.63615875497389,4.66714835127326,5.71840792780094
"GPBP1",11.5724717636147,11.7015991288416,11.5273300686087,11.7431900182671,11.6127766635212,11.6839669310104
"DGAT2",6.80682798154666,6.73092761276427,6.95188035432216,6.26520864888704,6.57591271561808,5.11466593771837
"ZNF112",9.44281449952478,9.49732454187945,9.2537110262552,9.25838278884583,9.3199748703128,9.28754451339333
"CS",11.1208411340572,11.1411731353801,10.9322156696551,10.8141678542647,11.0009038940742,10.8358099692106
"MRPS24",5.18373077138573,5.34383018699978,5.13786241172375,4.91404266993799,5.34903754503733,5.07532107295397
"ELMO2",10.80989903949,10.7026363193389,10.6213396739918,10.5038778476915,10.7134494870276,10.5342051251368
"WAPAL",10.7309229900175,10.7900155378022,10.7051633756978,10.998887997073,10.7745289300268,11.0424283054578
"VMP1",10.438039549749,10.4347193220061,10.5341406661107,10.2332595764138,10.0365178653844,10.2254142177448
"APPBP2",11.4455728566901,11.5287273747735,11.371068909089,11.5908060927545,11.3539749507865,11.8566880838426
"POLD1",6.46838189693335,6.02312871455732,6.89544820275353,7.3750425574174,6.87143231354906,6.84138999912851
"SEZ6",10.4825533292137,10.3292198732048,9.95448392691932,9.58301806066733,10.1180644409346,8.20002648018411
"EIF4B",13.1812998112385,13.2068601444286,13.248653232382,13.7020765797848,13.4365686936002,14.0448227501871
"SLC6A16",6.2372372059446,6.67516177549202,6.89544820275353,6.97340256901771,6.14621490998224,8.19099138957331
"GLTSCR1",6.65375981739783,6.81901835644222,7.068411441721,6.64465633337608,6.79973756323268,6.52152479638696
"SPHK2",7.46787238298213,7.17049332813552,7.62936499745985,7.71341057016687,7.74389108278467,7.05332344381605
"RPL18",11.1611042632193,10.8753833264746,11.7358993033097,11.9212713923576,11.8526644851643,11.6635244229072
"CA11",8.98899981603422,8.81070969432837,8.26986526502253,9.14136353010717,9.50076731445007,8.5117289367599
"ISOC2",7.2895535690056,6.71259577484945,7.26680255576584,7.62119967607547,7.36492552916603,7.4811886036557
"U2AF2",10.2721304498287,10.028909488379,10.2983400752451,10.8038190131587,10.8902726173298,10.6431846327403
"EPN1",8.67225680584524,8.30760036652845,8.7452070695845,8.65926583899418,9.01828742588139,8.1165768313139
"MED29",9.39078769683536,9.41497522639679,9.45907694291546,9.49326299211087,9.59413750369727,9.67193672979951
"AHRR",7.66302429663445,7.56466638683442,8.32515149771504,6.48500758652161,7.22092843407769,7.15762512229537
"ZNF275",9.02560910591929,8.91887520896275,8.88168823501977,8.89171511871018,8.97787672927678,9.18093875143825
"MTMR1",9.63526297101948,9.63158387483697,9.79554056387487,9.57130863361975,9.62262053138256,9.64802573323646
"GPC1",9.9891000650144,9.29383136715744,10.1583818464195,9.96528922024337,10.292117225073,8.97951822356867
"ADCK1",8.13681717974602,8.16479953223991,7.92864829383441,8.01866490352035,8.13911874261562,7.93343430385265
"HAGH",9.14317128534866,8.77062879715972,8.94806296378413,9.2173432905283,9.40092282443618,8.97777358702147
"RNF4",10.3638297815204,10.2594201967548,10.173466866592,10.3277941405586,10.2346462260029,10.4816971738194
"CASP8",5.62750733317344,5.48441204341114,5.63329680407505,6.24586930570413,5.51344929562775,7.3991396335566
"LIMCH1",11.6868874644075,11.7546372679808,11.9688403888949,11.1766447375723,11.4069554159522,11.1515305667469
"ASUN",8.9556569712532,8.92465225905957,9.12341526183461,9.1869586278367,8.76960909262907,9.57266120339637
"TM7SF3",9.66003291661576,9.71830374867337,10.0020629466641,9.62805748605556,9.57031200752777,9.98204848631702
"SPA17",7.60454807259589,7.86428286000716,7.90084240602467,8.90470756782089,7.78801391176115,10.0130057282253
"ST3GAL6",6.91790282534075,7.13031363970509,7.08857834537339,7.32802183081119,7.48206152541301,6.52152479638696
"ATP2C2",5.18373077138573,5.2124335202594,4.7660846074949,4.99090412180236,4.80549449477315,4.83010453277739
"NGFR",5.26254826080776,5.28072429172865,5.78285907365734,7.46460118607582,6.82887204270028,6.40604308854489
"CDON",10.4722890033498,10.7098916098869,10.46792329465,10.7453334472567,10.3259025969726,11.1433950045214
"TAF2",10.6104076654509,10.6760968792874,10.508749497142,10.6027091048067,10.5694196793315,10.574531265046
"HIPK2",12.3596468219148,12.4948929409338,12.8799853731218,12.3363508361343,12.4205161032315,11.9339581537731
"TNPO3",10.6558174972725,10.5825116814548,10.6498256682321,11.1378067976629,11.2352241131277,11.0835048891207
"RFXANK",7.9238963428382,7.56466638683442,8.44896371376296,8.78644174133763,8.35653294098644,8.81335355191056
"TMEM161A",6.75771729922596,6.56643692587744,6.88387612917015,7.44073724444138,7.24243215644684,7.67191294711084
"LPAR2",8.46248153882753,8.12507557929939,8.32515149771504,8.41852229954071,8.69289134719179,8.02455368757363
"CTSA",8.78577427874634,8.63382242970392,8.76683080384328,9.15712495262734,8.89681945678756,9.73313646702429
"SUGP2",12.0290084676497,11.9273498384124,11.9156751116397,11.8665303204441,12.1328052850353,11.5995498121211
"SLC12A2",10.4106564560239,10.4745867371067,10.493112448941,10.7328614624781,10.2800389784641,11.7001677136276
"SNX24",8.40176786248422,8.60770260658266,8.41410721881369,8.75648466552255,8.29698848856491,9.37889304598039
"EYA2",5.79147317606317,6.00716920758814,4.63910910251109,7.00668785647124,7.54363062364894,4.58127373257168
"CNN2",9.41243858706752,8.89749183849585,9.65706550122315,10.2548093629118,9.6535121140947,10.4208074327511
"ABCA7",7.94112393594457,7.37856072812948,7.52347964195245,7.9917393367228,8.46867271964073,7.13227778960985
"SNCAIP",10.2125895529164,10.3292198732048,11.1901081635815,10.5600735403277,10.8802025284102,10.6293800562184
"DDX20",9.61806638523014,9.48955788338247,9.54371101527453,9.83729527645384,9.82086800257879,9.91169042507457
"BTBD1",11.08616779438,11.1382804839024,10.8906985493122,10.7561089595386,10.7645269639682,11.1437834544904
"FAR2",8.66711173835655,8.65020000749944,7.54530215955348,6.93351947928908,7.36492552916603,7.23100224333004
"SBNO2",6.80682798154666,6.06976574579927,6.83657729618024,6.97340256901771,6.9593212858361,6.74302312567997
"PMS1",9.61673503043875,9.82190617996352,9.95313960799102,9.87587619309807,9.84696433868994,9.73106883314095
"HMG20B",6.84487119178406,6.65604391987176,7.8318023376384,8.6018738729779,7.70220203043486,9.04095595006081
"CALCRL",7.47384006337657,7.74228866356456,7.09855240093192,7.59268147982136,7.40822937159216,9.09344794293081
"TAF11",9.62205308417768,9.46600343739296,9.43615555057683,9.64104079453331,9.71715488377369,9.40637156700623
"ANKS1A",10.6609910933408,10.5203821598241,10.6720528039983,10.5727713408001,10.7996798380496,10.4092199394251
"AP3D1",10.8602452120316,10.5127434971028,10.6390002964761,10.8153131553043,11.0097833638162,10.4730661343133
"ZNF76",8.96825130732817,8.70048871907336,8.94806296378413,8.9802892024838,9.03353260862948,8.935254450448
"SLC9A3R2",6.45587737080958,6.39026961629101,6.61470214021762,6.46052802040793,6.91270089209392,5.91480976668293
"NTHL1",7.00402004987821,6.47028950760066,7.18522450335871,7.1958881982195,7.60674326500401,6.87265238011493
"UHRF1BP1",10.0044484823128,10.0536913516516,10.2278369206519,9.93539450113274,10.1123389816018,9.70496994246723
"GNAI3",11.1624727998719,11.1661379834781,10.8787147892084,11.4467530354793,11.1740316215865,11.3701363848134
"IPO5",11.7763026988165,11.8506624877739,12.0258797280251,12.3485310137827,12.1096499392981,12.488218611765
"OAT",10.7935041100922,10.7634414738343,10.3836289342082,10.5142594682161,10.7558327300577,10.4975904755634
"WDR3",10.4167866815042,10.4400990888002,10.3390444944726,10.2936824350156,10.2247304628472,10.4841537268506
"PKN2",10.3928854937478,10.4527961712075,10.5069186203804,10.6185420306493,10.4705239916869,10.8686123574818
"WDR18",7.6314284560604,7.17707819150479,7.93414485834228,7.80928422984062,7.78075476438535,7.46112122694523
"TRAM2",8.70525771624932,8.85172611001252,9.34679693200341,8.94718683741315,8.59342119117607,9.82711375113803
"NTN1",7.32310766257761,7.03175530872374,9.7073785276798,8.80658460272577,8.2842653339578,8.8269892391492
"MCM10",7.02061302111871,7.10286449688796,8.08496485668686,8.78018669218393,7.47304188353518,9.07398719875292
"DGKA",7.68882550855379,7.65626437748541,7.70226217510557,7.54507410269512,7.59018729455927,8.54278339593474
"ERBB3",5.26254826080776,5.28072429172865,5.13786241172375,5.3280834021818,6.33784955861795,4.98896808752624
"ANKRD44",10.5662815057827,10.651960393452,10.500492184891,9.65219913352979,10.130156069248,8.45004958824174
"KARS",11.0272946875488,11.0309736289435,10.9143714467237,11.1769417593463,11.1455896646312,11.1892777498535
"ADAT1",9.58984627422949,9.68469296579113,9.62026276459832,9.41377517198598,9.49637596709566,9.01227043477643
"PDIA5",7.53786656908706,7.59910803920834,8.10456986944914,8.45633115326406,7.28446871963351,8.9244252661372
"TBC1D22B",9.13760869997324,9.13688930019841,8.78813386699181,8.78800125772473,9.10454137051378,8.66936680738772
"NDUFB4",9.45030942179406,9.31303238324726,9.45718069784818,9.68432895347536,9.64659425974179,9.68908066316949
"SPEN",11.6110706143834,11.7608297850435,12.09544159861,11.481314132131,11.5527600531061,10.9711099242131
"MYLK",7.30978258738388,7.25995789712136,7.43264003745993,8.15345689238913,6.54953549938818,8.44246649152755
"ZC3H15",10.833001739108,10.8946122617653,10.8709071962486,10.7231311146141,10.8222096934229,10.6655419465425
"MAP2K4",11.4022105297039,11.3976729545025,11.1997728254307,11.2619965533827,11.3414908514118,11.2902799760213
"TMEM206",9.05148142646217,9.12857440067687,9.19345950387976,9.46725143348671,9.38319138174656,9.63702452693222
"SNAP91",11.6786220571202,11.6852715255941,10.9322156696551,10.7762456372203,11.3642462947865,10.4007929063512
"SLK",10.3462717237875,10.4474636506072,10.1688421093875,10.4225360935481,10.1918553873016,10.7470637838221
"CYB5R4",9.2047555698784,9.34495421350006,9.01150850638572,8.96933952878185,8.80559602478546,8.87278170129689
"COL17A1",4.87482195210638,4.33057497578978,4.33057497578978,4.77291247508709,4.66714835127326,4.33057497578978
"GSTO2",5.9531937412958,6.08491777140764,5.41912560421338,5.87256822454692,5.63503194179442,5.81198514857821
"SEC61A2",10.2602468813378,10.3021473375301,10.0854108629669,9.71248173990032,9.87513489777603,9.74034991274878
"PRKCQ",5.76951971169128,6.02312871455732,5.98677983682015,5.15028716110163,6.03126530424217,4.58127373257168
"TLE2",6.86349994425119,6.69400971602305,6.68385737112564,6.63747569525174,7.39394288903325,5.28523604052962
"ASB1",9.62205308417768,9.46071639215507,9.76521691340845,9.7914564070017,9.56298186273511,10.2187911192272
"FAM107B",10.1458775394758,10.1553237515669,10.1097450548374,10.3261879419756,10.4411391840372,9.91351467327848
"ME1",7.77319182083642,7.79827577472242,8.21686291476407,6.83772806653164,6.66836552419538,9.33598604626019
"TBC1D1",9.09039803745238,8.98118096489675,9.12102070761667,10.0566004270842,9.17770794981611,10.572801203364
"CDK13",11.0247887170842,11.0933266086276,11.0606916411817,10.9836877341781,11.1784896531184,10.8629609175869
"MTHFD2",10.17510552769,10.0849403254977,9.98900330029094,9.70095594976668,9.90193586798676,9.37889304598039
"SLC9A7",10.2187432329204,10.2395020538315,9.61006033266178,9.76481889707083,10.1775333222062,9.4485199458496
"FOXJ2",8.4743216125901,8.4535346358434,8.56645426454561,8.09651893816397,8.38063033373842,7.82440493355072
"YBX1",13.8312494717835,13.7875711474208,13.5011177410383,13.7255136594004,13.9098374564408,13.2758040347104
"PDE4A",6.88187679516349,6.79318972059234,7.16642702427941,6.01035734573399,6.62713795454819,5.37273133131448
"PPP2R5A",7.46187926330275,7.33232000194245,7.97203780474367,8.18466272346384,7.85863412995419,8.49227875959925
"CTNNA2",12.3636182697823,12.3041856685645,12.3161199106671,12.1327828622974,12.3588567924616,11.574412302111
"ELAVL1",10.2266167118091,10.2075227055513,10.576654602057,10.568249235257,10.363741478659,10.3988411930013
"TIE1",4.60390596466056,4.58878259651035,4.33057497578978,4.77291247508709,4.74232802187034,4.58127373257168
"DIP2B",11.8585290942818,11.8574624005954,11.9369050036068,11.8766223672155,12.0181056147717,11.5417722390754
"SMARCD1",10.313789729394,10.2977089018941,10.365556138743,10.5907192890046,10.4872083286062,10.4593978342054
"KDM4A",11.1062185319286,11.0877682298882,11.2689151024008,11.4291569337785,11.4563653645786,11.6460821040503
"NFYC",9.76471046833387,9.77263625565238,9.82082333332167,9.85523026303513,10.0289396965644,9.67409090940292
"ZMYND12",5.3344412562722,5.55970553524277,5.45827589049947,5.73093733123111,5.61575483702208,6.50127544507696
"NGEF",6.19167384472197,6.19979772223188,6.20029399103025,7.86086919678128,7.04190649928189,7.90048343971049
"ASPM",8.44754256766867,8.52128187610374,9.82082333332167,10.2258127172484,8.86477842231069,10.7928625952028
"ELOVL1",7.15412798548242,7.27840315363716,7.5525018847791,7.56357526806495,7.3151852881193,8.23560635357831
"ZNRD1",7.33630691398512,7.30861351157057,7.53079143157882,7.60701256006494,7.49102369857769,7.80868786012119
"MPPED2",8.53774988172669,8.55399182076828,8.98541216167722,8.94439359993888,9.32864817832914,6.69981722026509
"ZBTB11",10.7899665330495,10.8340972703428,10.7760449252541,10.5119065628452,10.6357688825062,10.1266606483088
"ATXN3",9.8566695227322,9.96128687264958,9.85289735583415,9.86632734775005,9.91597375253919,9.72588673215536
"GOLGA5",9.75385186122933,9.93294226868903,9.60664340420261,9.80613039516859,9.76082167995975,9.88776267837736
"FGFR2",8.97450735232434,8.76634396910689,10.5160498484449,10.0410164391835,9.11890380414535,11.1012145072361
"LRRC40",10.7266116427456,10.8248740973482,10.5722840887652,10.4518005731456,10.5297052896602,9.98985034407517
"ISOC1",9.41090284309313,9.33487382519952,8.87317169905804,8.75807702542315,9.1967872408092,8.30421575342815
"EML1",9.69072467059024,9.60187756012177,9.93826875983936,10.335798405983,9.82961938711449,11.003576038113
"TRMT11",9.14317128534866,9.12523494112062,9.37519615884468,9.12172483349431,8.91833789714522,9.23011030807532
"THUMPD1",10.4992591457591,10.5455560569067,10.3492990446625,10.676413996267,10.5504932052065,10.9780976107122
"MSANTD3",9.69325305135858,9.59947438305679,9.52029243842483,9.47307250964913,9.72843026031086,9.07398719875292
"KIF26A",6.19167384472197,5.69527237656877,5.45827589049947,6.72119283924033,7.39872123984883,5.63720988468804
"ATG2B",10.9310102433584,10.9690626589799,10.7813557515923,10.8522348452589,10.8948646828504,10.8362907330357
"ARFGEF1",11.677027112054,11.7940277065586,11.6102367869725,11.5276975088897,11.640880229851,11.202016862096
"ZFAT",8.90633014081767,8.90140345591132,8.81209961871537,9.00328408614528,9.17496157203403,8.78568773315671
"MTFR1",8.3480576326007,8.38242541971237,8.72008892138754,8.37345956161714,8.28681903199853,8.52375267080254
"STAG3",5.14109345202186,5.05426032044833,5.0153475618871,5.45558649408591,5.74380775294986,5.40006335275449
"FECH",9.3351920364119,9.2878714723138,9.1041463139336,8.94858142400585,9.07095333839232,9.28048930270756
"MYO9A",12.168118391146,12.2674046139666,12.0309839610739,11.7501929762429,11.9609311667582,11.5251710160922
"DDX3Y",10.8836683101165,10.8279550461422,10.6580979345474,10.9265415073847,10.8839870554819,11.3039001653377
"PFKP",10.5942717240216,10.2294388434311,9.86008842746915,9.46627896284472,10.1582132104886,9.35357149092632
"IDI1",11.8497781909257,11.830324344542,11.2914224133638,11.4462602972957,11.6899827502571,10.7108169444145
"SP100",4.93817568778476,4.58878259651035,5.07933519419276,4.82464481268825,5.11210946503177,5.61588662529712
"KLF6",9.96419754057321,9.69710813245887,9.48536553940257,9.69432815565877,9.88943493630357,9.47347679477298
"PPAP2A",8.01616840558309,8.19388397067824,7.74049678459003,8.06071517241143,8.06955135614592,8.79760980043067
"NEO1",11.8460926003932,11.9653832634314,12.1096842280176,12.1654796847063,12.2218799068695,12.6039682294617
"TRAM1",10.0356599577441,9.97339853998175,9.79103249136151,10.6496957863247,9.97316817368867,11.5564350237243
"PHKA1",7.10070481615422,6.97209839855342,7.66959197425824,6.5090360851835,6.66022149182736,6.03906618111504
"TNFRSF1A",7.41299103728355,7.20954211151148,7.95592129618506,7.79374856646045,7.24243215644684,8.41431335157591
"CACNB1",9.71705396401333,9.55054933692076,9.21831162784639,9.20573266569056,9.85898279335195,7.92617754941335
"EVI5",9.97462592186617,10.0563214595482,10.0481216787662,10.7976511436133,10.2013250009376,11.7395056808153
"STOML1",9.13015831234546,8.67098600898378,8.87885499257802,8.6247575483965,9.12318472731536,7.57278667125649
"PKM",12.8791604701811,12.6414415255422,12.479980728041,13.06273866002,12.8289915293642,13.2864851992083
"DHX29",10.517913846078,10.636813774249,10.1618770396252,10.4109650668897,10.5578830436846,10.0900311893025
"DNTTIP2",10.1338323233728,10.245660070295,9.80003457926382,10.0106678922133,10.1925338546937,10.0374689098242
"METTL22",8.344834584039,8.40468346190297,8.44513237632328,8.52721447592187,8.59135974874333,8.23853175849234
"TP53BP1",13.0047559666684,13.0648050744756,12.8773310650953,12.9520430809786,13.0021485874862,13.0773110860873
"TRO",12.2119528749103,12.0592506714883,11.8241821285988,12.0922592132941,12.3731374726945,11.8843802158705
"RRP15",9.45925214862886,9.47127114675612,9.12580583788367,9.27291970784534,9.14018218792599,8.9760268314011
"RHOA",11.4734059518175,11.4324975167647,11.6821621909946,12.0987008448369,11.480727553753,12.6483073569032
"DHX8",10.4722890033498,10.4306712852434,10.46792329465,10.6976862635939,10.6019548598464,10.9121321515747
"PMS2P4",7.57160125842783,7.63746793871332,7.38491811861045,7.33668941949539,7.46851027478775,7.20697117667511
"PRKCZ",10.15048365117,10.1113168714833,9.80302282324439,9.74651611081057,10.3406679212715,9.58186997637936
"ZFY",9.85441239444642,9.88245133855313,9.95716880956863,9.87441125117494,9.89277913317022,9.68053419271904
"IARS2",10.5114837209662,10.5121051117946,10.514228222262,10.6250881249536,10.4987735670069,11.0001475974464
"SYT1",13.1235702139244,13.1654492235478,12.6139932214416,12.1738370426398,12.7226546347237,11.3608105124837
"NAV3",11.8905361518887,12.0031212128002,11.6772872502097,11.1417684196991,11.6849301249741,9.894243937876
"IDH3G",9.29078753500937,9.11853268139743,9.1281924489942,9.4298280255958,9.51711665792737,9.27339934728188
"ROGDI",9.13388832793336,8.79817294655836,8.70095774384844,9.0739797299561,9.4797881422926,8.50931204445061
"PDZD4",11.5391467281133,11.18868225401,10.9870897490257,11.3591640869355,11.9963230086975,10.2239450449381
"ATP2B3",8.53774988172669,8.13511063516641,7.36864289908543,6.96212547747526,8.0425635689601,5.65810362455486
"ROCK1",10.1984245893783,10.4567826612616,10.4054146682418,10.4429352125799,10.351643535545,10.5774100971806
"CBFB",8.82324580138695,8.69598911037403,8.80315924048954,9.41981597959272,9.03201534082737,9.20647925499943
"PDK3",7.13148432506259,7.15722908848611,7.18522450335871,7.4685394090624,7.199087088906,7.90048343971049
"HYAL2",8.71526112394065,8.28676846667809,9.10898779625106,9.32964257461733,9.00751883344009,9.3318971846777
"HDAC4",9.86902093963329,9.63510782238954,10.1699996901506,9.44471679213341,9.66627210088805,9.04429341443123
"RASSF1",7.99571614512264,7.55466948165894,7.75301579166825,7.69007498685752,7.85172803010065,7.61870787941855
"FGFR3",8.9951664423745,8.6100968777848,9.90944575934832,9.45161255993191,9.30874614909493,8.89883537704503
"IFI35",5.18373077138573,4.95891832408665,5.53204272811162,4.71402308857299,5.07654591073903,5.15195654074678
"HEATR6",9.66648116516536,9.70047560481704,9.82376882759716,9.64620153678739,9.65941538284432,9.97769580596763
"COASY",8.04431735647471,7.72015244174919,7.81996234402189,8.11159262389103,8.25847445877537,8.2030255287367
"PLEKHH3",7.21992247057651,6.86924378332948,7.17585758764933,7.55989440366878,7.65129641608071,7.21301798050329
"MEF2A",10.409888342273,10.432696724017,10.3390444944726,9.89911501145262,10.1343996058772,9.82032275835752
"OTUD5",9.46666224003285,9.50889657203573,9.20932406146196,9.59196099442727,9.80409253721919,9.76177610705622
"TFE3",8.81164057880624,8.52889680918753,8.96151359439377,8.72751613386689,8.98573670842184,8.93705141127774
"TBC1D25",8.33836663722997,8.14176170676316,7.79598198249195,8.031939315567,8.28936818020746,7.44076318907934
"ACSL4",11.9674478626636,12.033906617644,11.296200056516,11.3773709988759,11.8710001937818,10.1171944929458
"INPP5A",9.98807100344887,9.76836424585609,9.78952666147922,9.84479532791166,9.88608296249252,9.60350776133413
"GPKOW",8.70022975884059,8.45886115771458,8.67177440372227,8.67452798629983,8.84070362922729,8.43229287086765
"GRIPAP1",10.1832202607692,9.94340011691356,10.03293168752,10.1135844990066,10.4000255173559,9.79679338958531
"FTSJ1",9.41856523875609,9.13024122869852,9.29464757019393,9.36346983155138,9.46188134231831,8.91533821890828
"PRR11",7.26211718638985,7.46670362353506,8.0347402825363,8.54209052079175,7.61494902704567,8.99167177571807
"REEP1",12.1198609469744,12.0965574307711,11.8278528099368,11.6308170000168,12.22470112241,9.8868344005459
"ATP11A",9.25527826810056,9.17453093327016,9.33031373473615,8.70126645851703,9.00751883344009,8.502036828472
"POLR1A",10.6480221384366,10.6554332920458,10.7186722979815,10.4934209501973,10.5446602220334,10.5477728470799
"LAPTM4A",9.13760869997324,9.10163916561853,9.3073367562706,10.001303117829,9.5396984136465,10.5917186852178
"TTC7A",8.52072763612895,8.53142616142683,8.43743883491317,8.43456356962741,8.74757612469874,8.65414112207079
"IP6K2",11.2956553952367,11.1436479423432,11.0556912893671,11.3093676907037,11.5700893824876,10.9289084928171
"STON1-GTF2A1L",4.87482195210638,4.95891832408665,4.94418431550225,5.0909007841773,4.80549449477315,5.47749470033185
"SRBD1",9.44131082347357,9.57031917524013,9.66530026781542,9.80996726727495,9.56193164796194,10.06727062528
"CYFIP1",9.27398754712326,9.04267057878659,9.57552081011551,10.5292278358494,9.70293545476043,11.2658631085001
"KIF2A",11.5503408303511,11.6424591606339,11.4981400736144,11.1683031993419,11.3442405336609,10.8886834300742
"RASGRP2",7.95390916723045,7.57953014147469,6.99540769375669,7.0338224137936,7.61085210505094,6.80127051198349
"PSME4",10.4266930503723,10.5800772175335,11.0040618006234,10.3181300022441,10.2187481076442,10.8520667036293
"IFT80",8.85525052266829,8.79396960417558,8.80016670972546,9.20456643540401,8.63803948388853,9.91897360635857
"SIRT2",10.4021846180585,10.1804544744002,10.1952341294058,10.3320686105441,10.523248252833,10.0565798226557
"ERLEC1",9.97358647204753,9.95660130771502,9.79554056387487,9.93679878721377,9.89444832652024,10.3178355714521
"PPP2R5B",10.3725292855481,10.0977634389559,9.87720201753689,9.60084875985427,10.2774832466578,8.53804933581426
"PYGM",4.87482195210638,4.90491546544878,6.11933501176659,7.1222768919252,5.49165273270531,7.1886712995919
"TRPC7",5.62750733317344,5.67386991742712,5.13786241172375,4.71402308857299,5.39908280147121,4.33057497578978
"MAST4",11.1841946269555,11.3495353014515,10.9831445984521,10.3453452429887,10.9644319713997,9.20498935292968
"GPR116",4.93817568778476,4.77662214806139,4.63910910251109,5.17826991240815,4.91093888395682,5.5258120673756
"SDK2",9.63263066477135,9.65491568150077,10.830490670142,10.280472246493,9.78261950017244,10.7316408309746
"NUP133",11.1814972197596,11.1714029653165,11.1889668756196,11.2957566537177,11.069347171866,11.5116909041215
"NUCKS1",12.9741724102104,13.0551980790903,12.8412839837304,13.1854593077463,13.0025354213277,13.3185784268964
"VPS35",11.7742156099003,11.8567084356177,11.671578919589,12.0019398488458,11.8569494472029,12.3058674400026
"DNAJA2",11.1047955428456,11.1637014951838,10.9081428050878,11.1365856448592,11.2894943452862,11.007850161154
"BCL3",5.04742567774093,4.95891832408665,4.63910910251109,4.77291247508709,4.80549449477315,4.58127373257168
"KCNAB2",7.84825812045836,7.63746793871332,7.22207310011052,7.59268147982136,7.86550683231139,6.5513242749642
"ABCC9",7.18375548402539,7.37286346670873,6.73671357377245,8.27215772536701,7.39872123984883,9.0139737471853
"GAL",4.7165496130104,4.58878259651035,4.63910910251109,4.64396487703681,4.80549449477315,4.58127373257168
"CLEC2D",7.67856140727407,7.86428286000716,7.60881388150519,7.14725081659193,6.87839785072055,8.26172202680102
"FUNDC1",8.05225889084432,8.00612109597467,8.19418524668406,8.14127076135559,8.13344920618018,8.00058918410891
"MAOB",6.06122660456922,6.08491777140764,5.93909051704448,6.01035734573399,6.15834206985003,7.05332344381605
"RORA",11.4656666635419,11.6931768922516,10.2065599394826,10.2502992533526,10.7303656816764,10.0868015972579
"DRD4",5.14109345202186,5.17594971784969,4.86296472820736,4.87127988604197,5.23931319139556,4.76371589021208
"TGFBR3",7.26211718638985,6.78446930270084,6.46448655819503,7.57456057707826,6.5226185101805,8.41431335157591
"KIAA1107",11.8226254664576,11.889269921396,10.9074490705482,10.1247159389733,10.9911898916934,9.03425770110171
"HES2",5.81299943796065,5.28072429172865,5.66493901424027,5.83193623690723,6.40903241569879,4.58127373257168
"ATP1B3",10.5114837209662,10.4313467476368,10.250993970176,10.3993004436199,10.2477620538882,10.3081623930317
"NEDD4",7.00402004987821,7.15054908264214,7.98268170929863,7.24749340893775,7.18803634019307,6.3150496424646
"PIGB",7.72417497187913,7.81088806238494,7.70226217510557,7.64221678359325,7.50436083085122,7.92253524850315
"MAPK6",11.9480059080733,11.9607127991086,11.4137048891025,11.8714934204764,11.9191273045761,11.440437552218
"GNB5",10.1226236305861,10.0280164943544,9.69617009451278,9.55035590671412,9.87090186168325,9.17638417640136
"RAB27A",6.35123217836489,6.30493497245368,6.41583398350578,6.58609309898638,6.37900788898933,7.03285808344634
"CECR5",8.51500835691647,8.31055174989564,8.49044603867034,8.83250627494466,8.94921969054632,8.462599597548
"UFD1L",9.38140816436637,9.49990414998577,9.49648684740581,9.69100279186113,9.54395985411915,9.93612508971348
"LRP6",11.6378817520664,11.7432601424831,11.8747407071219,11.7296887824795,11.7370039182103,11.7742913984255
"PHRF1",8.80930824446235,8.63146744613922,9.02694202014253,9.11677299268828,9.31748715572539,8.90251908139843
"IKBKAP",11.5172078022591,11.470120786398,11.3198537605614,11.3449600417168,11.5450793205558,11.0802614673431
"NUCB2",10.1895002958792,10.1561412944237,9.70418500432671,9.99390216404006,9.95008054614371,10.5968352215598
"PFN2",12.3321444327511,12.2966076190475,12.1658691015403,12.6644575360521,12.5391198037532,12.8868415976897
"PTPN3",6.93556526942794,6.75796460995273,6.14008014374634,7.40827444694496,7.23172182181531,7.491115928106
"SPTB",8.62792446314032,8.54900782042151,6.82449048673678,6.68694592364447,7.84130553442437,5.3153992589889
"FGF10",6.63196100526831,6.40200899166213,6.6427968877454,6.44394842076515,6.35859427178238,6.3150496424646
"SLC44A1",9.87348625070665,9.96782118185205,9.97051872079788,10.9215869039554,9.85812764785629,11.8383268876664
"TMEM260",9.3735449486433,9.41770647442367,9.34679693200341,9.19167514527474,9.1804490968158,9.71860034075482
"SMG6",9.95263850782775,10.0091346947868,10.2020402856007,10.0681788534286,10.0537979449459,10.0680897203495
"EXOC5",11.7092200863303,11.7578714627201,11.7759734287518,12.0281864131974,11.7232220991771,12.5770407334681
"CLTCL1",8.94295135294703,8.82519898215955,8.90136609846895,8.80041682163862,8.71008638910114,8.84624705286912
"FSTL3",6.76768353188172,6.41364234346673,6.82449048673678,6.69386575843543,6.97235471318137,6.59003562630551
"DGCR2",10.904537779985,10.5241863721523,10.6646817546392,10.9247739592423,11.0360984405922,10.6934079715375
"RNF126",7.15412798548242,6.79318972059234,7.10845497857026,7.36660997602452,7.40822937159216,6.94047352051505
"MNT",7.93253620534926,8.11158483754391,8.43743883491317,7.94195246237163,8.25847445877537,7.96209693964475
"ZXDC",9.76711242144086,9.73372447065484,9.7451587745382,9.66157377810331,9.80498034133845,9.7112769198216
"JMJD6",10.0884650266536,10.0091346947868,10.0303843885937,9.69183485251752,10.0327337604543,9.1300276298855
"POLB",10.0326688538208,10.0369216400313,9.94504726011947,9.80305352600629,10.1101860588655,9.19751662073347
"WIPI1",7.19106458252092,7.35563129640412,7.24908276591028,7.51114736667832,7.42705447367088,8.31533747103444
"FRMPD1",6.07831789081791,6.29226341962715,5.53204272811162,5.77536139914715,6.00415649635366,5.54910236469605
"GBA2",10.80989903949,10.6042388864416,10.5169597994044,10.5871475236576,10.8160599885502,10.1321540055986
"NDST1",10.7798960209233,10.6749566361628,10.8187319788427,10.7385073303159,10.89319653189,10.6601208153616
"ASNS",10.9989760090601,10.9446703611198,10.7265600162841,10.7481348380468,10.9962493365166,9.54702929749518
"AP3M2",10.6190731689247,10.7110045761163,10.3390444944726,10.4948513633871,10.7270919231969,10.4853804359381
"CNGB1",8.33186933541099,8.01339992660753,7.99324667467734,6.21628853422501,7.4456304628159,5.28523604052962
"ST6GALNAC2",4.7165496130104,4.77662214806139,5.0153475618871,4.64396487703681,4.33057497578978,5.40006335275449
"CHAT",5.76951971169128,6.00716920758814,6.18054720532947,4.55239249687834,5.11210946503177,4.33057497578978
"PABPC1",11.1971614566471,11.2331279152173,11.9919274528038,11.8412680443656,11.523946099613,12.3098535997124
"TESK2",5.54851785949931,5.81547244195914,5.53204272811162,6.10134683232378,5.51344929562775,5.73777627602365
"C16orf80",10.0445962132391,9.94812871833201,9.86867062155362,10.1234833479357,10.0826337306832,9.97943845554583
"CSNK2A2",9.75142768602946,9.89621996922763,10.1036999039303,9.97898528313693,9.90607886816219,9.81934999917669
"PTPN21",8.89976961734573,9.03200872378282,9.07722297487228,9.58660189824998,9.04711647923565,10.1060715136064
"EIF2B3",9.08847700654475,8.97933204224389,9.04726577808308,8.84903335193215,9.03958572633313,8.35089758749689
"CAMK2A",10.0932579503566,9.9272058464861,9.46852090139005,8.5439392243761,9.82961938711449,6.91074633659562
"TCOF1",9.66905240642446,9.43398607704045,9.67021863269374,9.71001967654531,9.97000557266841,9.34683325030472
"CDC42",12.8830392792464,12.8595942913232,12.4820787159358,12.9035140648124,12.8755619430016,12.7741933046095
"OSBPL3",8.31219858346385,8.31643631995126,8.77294969540263,8.81578691619792,7.84826235284752,9.09022271051951
"EPHA8",7.84825812045836,7.13031363970509,6.68385737112564,5.74594758405598,7.02328422924964,4.83010453277739
"RAD18",8.94507676775659,9.01946918159659,9.03713979246116,8.67789765338904,8.48875588694496,8.6321061243264
"ATP2B1",12.4589525215689,12.482402070409,11.8326107749159,12.5412563203889,12.201301537453,13.0744615006534
"NCK2",9.1851181449304,8.98855297640755,9.66694158881373,9.79223245829067,9.64659425974179,9.3508799772661
"MAP4K4",12.3614353265269,12.457919921936,12.7696178247585,12.6473048085015,12.7199519550928,12.3280835719681
"MGAT4A",11.0066160505817,11.0170935704235,10.7843817526221,10.5250336614574,10.9048332758737,10.1746029095988
"RPL31",12.0682307167754,11.9588403713844,12.6319507591748,12.5280461681459,12.3048323801651,12.576896914822
"WDR1",11.0061079715269,10.8808328778137,10.8801298220697,11.0709783343038,10.9040051861584,11.4614689597642
"SNX13",11.2100127620772,11.3096871550466,11.1372431038526,11.1937716940262,11.1647283743714,11.3618126018112
"ARHGAP10",7.0451330407818,6.93345017433381,7.65630972635039,6.57103832417983,7.14865083799489,6.71726694632154
"RPS6KA2",10.1151024629771,10.0960602659178,10.4112995522247,10.2361135431509,10.3394432357877,9.87938657728779
"ING3",9.36722331489961,9.39154807483666,9.25589484940974,9.4594532220048,9.22095189762991,9.37492438869246
"VASH1",10.171484267828,9.95753963990719,9.92598654886531,10.0212965261319,10.6247529559229,9.3427751186104
"LMCD1",6.62092605244302,6.53516475243763,6.18054720532947,5.74594758405598,6.33784955861795,6.24225613351204
"WBSCR22",9.04555205928148,8.79817294655836,8.68806054272475,9.07014202555374,8.9731400387027,9.33326142907186
"SEL1L",11.4095287079891,11.4031915330692,11.2278286725969,11.1264714925395,11.1764338119919,11.2983279438797
"TRIP13",7.15412798548242,7.27228180361364,7.43264003745993,7.94757108047335,7.05418286515398,8.49472451004464
"ATP6AP1",10.9737327221111,10.862920870831,10.7375308498753,11.0205649493198,11.0960578529759,11.1418401577207
"TCF3",8.83704947571897,8.45620037119831,9.36713908353966,9.98578482449647,9.5354243298868,9.7556867739649
"TRIB2",12.7008778791728,12.5563940415471,12.4238488191983,12.0359026678683,12.7173620368897,10.8372517802072
"DAZAP1",9.40165382856769,9.05676456344544,9.25152388519973,9.46530583518882,9.47756192885912,9.13473106210508
"MBD3",8.53774988172669,8.05982747804389,8.87885499257802,9.01664071899125,9.02897599550607,8.7266270537123
"HLTF",11.72875094766,11.811252812696,11.7154368988363,11.9644078682379,11.8201150352344,11.9712040418275
"FAM50A",9.04357016000457,8.77062879715972,8.70416402517429,9.19754913987009,9.27195721633572,9.28754451339333
"FAM3A",7.77800158699728,7.38988622471017,7.63614948010193,8.17990596670228,8.03953315681097,8.02115475679679
"CPSF1",9.04158552640238,8.51106532078206,9.30100614252949,9.29937744430838,9.3772320506729,8.87840452188125
"MYO3B",5.97189916146181,6.19979772223188,5.19204933581343,5.3280834021818,5.46935070319513,4.94087121374919
"CYBRD1",6.94431161196086,7.11665715258327,7.85519030962788,9.10806605285834,7.74389108278467,10.4272049228874
"CDH19",4.93817568778476,4.77662214806139,5.0153475618871,4.82464481268825,5.7264309006772,4.83010453277739
"PDCD2",10.164214347916,10.1054029163388,9.94369410769911,9.97625646087804,10.1194922601667,10.1692692240285
"SLC6A15",10.5093339589782,10.5254522161921,9.93418630645876,10.5203591168227,10.1706629633739,9.65021593086558
"RDH11",10.9224194817672,10.8719046792207,10.713918877755,11.0304608713857,11.0840443831822,11.1653713732596
"PRKACA",8.73260115285752,8.79607281247516,8.80614555166744,8.25869370048115,8.53883685259872,7.74814814760953
"LPHN1",11.4133655202117,11.1324777202035,11.2613339430343,10.7219101924267,11.3014916800748,9.57034978351168
"ACTN1",9.0961457883771,8.77062879715972,9.21606999188072,9.84927669680332,9.17770794981611,10.7582700449113
"ZFYVE26",10.479628111844,10.4817776996153,10.7538322013611,10.2626682680998,10.5393369595707,10.4773881111148
"RPS6KA6",9.28241204623931,9.3563889038936,9.04726577808308,8.88590278913282,9.06206073673949,8.80943375659142
"EPN2",10.2822389919851,10.1163667392551,10.1906787772197,10.0828394628645,10.4456990795444,9.71337312630108
"PTPN18",7.46787238298213,7.35563129640412,7.38491811861045,6.68694592364447,7.3151852881193,7.03971372253163
"LIMS2",5.04742567774093,4.95891832408665,4.63910910251109,6.31229699252743,5.37441071259404,6.6642196588643
"ASIC4",7.34286011609801,7.15722908848611,7.46357654594288,7.57820342012802,8.3196089238137,5.69868419475818
"SPEG",8.95776370220868,8.63617355566335,8.81209961871537,9.07908079646163,9.32121711763132,9.2124234888049
"LNX1",8.56013643971704,8.60049573085151,8.68481806014692,7.52632687188067,7.52194936736348,7.97269840201164
"ALDH3A2",10.3858715852466,10.4719629259102,10.2355973334689,10.3007877419361,10.517303797527,10.3692440070136
"TFRC",10.3709514562145,10.5530233286218,9.71374442056726,10.5090779997505,10.5942746993576,10.3150784213148
"SREBF1",8.3480576326007,8.10479135437735,8.27851112581537,8.41043380959953,8.73269745384022,8.02115475679679
"TRPC5",7.54920138532055,7.53446047100866,5.41912560421338,5.85918570565528,6.98526535655273,5.15195654074678
"AFF4",12.5782461210695,12.6332469282422,12.7236628993477,12.5033904296348,12.476030892046,12.5696876409631
"UBE2D1",9.65485346007073,9.66988124163369,9.55084080548476,9.76481889707083,9.75071975144658,9.18547895858067
"MPP5",9.55412342081173,9.59827128966656,10.0854108629669,10.1467242619125,9.44488909097348,11.0336515775997
"RHOBTB1",9.74534934734069,9.56663293678612,9.88003463145601,10.3993004436199,9.60539451235307,11.1167319356853
"ASAH2C",4.99520527768772,5.2124335202594,4.94418431550225,4.95373220111794,5.11210946503177,4.58127373257168
"SMC1A",10.9999970223826,10.9907601593077,10.9116064816596,11.0837071881695,11.2680949939946,11.3091046462296
"HSD17B10",8.9556569712532,8.74472599239879,8.92353013357852,9.4682232480028,9.21160267712732,9.92078866622337
"MARK2",8.77146661305494,8.74036307900018,8.95076317415032,8.95136654606393,8.94115699109686,8.65414112207079
"HMMR",6.39147731265288,6.75796460995273,7.24908276591028,8.05031828145981,6.70835702131992,8.65414112207079
"CHFR",9.59796572309659,9.45141710591192,9.54013284390521,9.33711049088227,9.44032376162135,8.81530944705027
"TRHDE",7.95390916723045,8.14838194649489,7.81400512101009,7.48806676121239,8.81445366466997,6.06819675099262
"P4HA2",7.67856140727407,7.70670276700739,7.35217632584177,7.07615506021504,7.42705447367088,7.35078694996982
"NFATC3",9.73434331065721,9.74681215326646,9.99162471162337,10.1290217280497,10.1329864809846,10.3294949994122
"TRNT1",9.28241204623931,9.34351847140204,9.29464757019393,9.31134330044731,9.35920464386863,9.15029906011076
"ACADVL",10.1301057662488,9.61502385743582,9.8104664384653,10.6675628085673,10.669782952292,10.9605645097205
"STK10",7.13148432506259,7.31457793993222,7.24013763794434,8.34826887110313,7.96159997772213,8.8055032390256
"FBXW11",11.6954209402551,11.7069078911719,11.5277815081056,11.7292838118406,11.795769845515,11.7278942374025
"ACAP1",5.26254826080776,4.77662214806139,5.29031095099465,5.3049269085433,5.39908280147121,5.37273133131448
"CRMP1",13.7498391084683,13.5851179556565,13.4116167213131,13.6073577006603,14.1634054973945,12.1098660687264
"EVC",7.31646100731947,7.35563129640412,8.19874965625953,8.79887073063167,7.45482713624656,9.523325080561
"DERL2",10.1939693472323,10.1479449298718,9.998157460385,10.2194813485068,10.2510224539891,10.1485096001525
"SIDT1",6.07831789081791,6.39026961629101,5.69565584988958,5.25661469107151,5.8583162996779,5.65810362455486
"NDE1",6.77757659703764,6.86100086831046,7.66296644002311,8.30745435225579,7.16001841268955,8.91351389691328
"MRVI1",7.68370276245463,7.91962668990232,7.12804990920464,8.4124602172064,7.49992914835553,8.78169162450539
"TMEM38A",8.6951841343469,8.64553973613791,8.28281454063482,8.21054558503974,8.50856160689741,7.46616498671517
"AP1M1",10.2037527716036,9.81570939580568,9.81491422403141,10.267697896279,10.5020609568093,9.82614556616245
"PVR",9.33842741892492,9.30124670816547,8.93993177466995,8.77861866539099,9.27452478756204,8.36434276505752
"IKBKG",6.2520628250378,5.99099191043792,6.18054720532947,6.61569797312695,6.63548630992359,6.34993536391042
"XRCC1",8.77146661305494,8.51618269687899,8.90693922358983,9.21618643350283,9.0973060322158,9.37227252783962
"SCARB1",8.03633134806057,7.96164951102611,7.75301579166825,7.56724655127282,7.91932429112947,7.70630283433365
"MCM2",8.37358412581227,8.2161029397298,9.27540159928229,10.1117208746245,8.85794096092759,10.1942427724201
"MOV10L1",4.99520527768772,5.05426032044833,5.13786241172375,5.05921631031587,5.03903521958369,5.67858866699434
"PANX2",6.54099217405613,5.87100821421757,6.18054720532947,5.70027502758029,6.41888706613282,4.94087121374919
"TP63",5.04742567774093,5.51016048524524,4.7660846074949,4.71402308857299,4.80549449477315,4.76371589021208
"ALPK1",6.50519094232758,6.60701201275565,6.6427968877454,7.26124177581943,6.7774670989655,8.64976109989153
"PDE8A",9.42618708337986,9.39986006628348,9.28826079070427,8.82796570742587,8.81091715822001,8.62319652718111
"CLCN4",11.0904879063362,10.9889262175135,10.1024878261255,10.0572461183396,10.8418008648008,10.1753632565549
"NLE1",9.22762321706797,9.06724516950701,9.09197085184009,9.03382095767557,9.42075802904368,8.35089758749689
"SDHA",10.3913297929382,10.1602220695676,10.3088871446537,10.2480388973717,10.4000255173559,10.334268672837
"SMARCE1",10.9648705944659,10.9907601593077,10.8165165119664,11.085290425948,11.0518843894456,11.1301250756139
"GSDMB",8.12933374133874,8.05278242919946,7.80802279742507,7.30611477404241,7.65924825659466,7.52532030003391
"KDM5A",11.4526748588393,11.5627198287077,11.7475738385993,11.7164686933349,11.5887596672311,11.9190586365784
"ADAM11",8.47137075015292,7.95410068733368,7.60881388150519,7.48028832437801,8.22156759349832,6.41697671329194
"PPP2R3A",11.2789288186343,11.3722230306556,11.1872532487918,11.1742663590473,11.3693546703716,11.0598231574109
"FERMT2",9.92386704658279,9.9272058464861,10.1838186493639,10.7259759201713,10.093572634255,11.2972807518
"ABCB11",6.45587737080958,6.31748106638303,7.09855240093192,6.05671361986226,6.3482640446452,5.69868419475818
"PTGS2",5.6525384434395,5.28072429172865,5.33538540566403,4.91404266993799,5.14598214718274,4.76371589021208
"IGF2BP2",9.96628926087552,10.0324759432174,10.2367025621336,10.2113828241985,10.4371374134837,9.92892827075344
"MAP3K13",10.6090698776718,10.6749566361628,10.8666306283973,10.0891674331464,10.3715510618562,9.65894358079627
"ST6GAL1",8.29225369556463,8.25953102712355,8.36221278826824,9.16314136834373,9.4797881422926,8.54278339593474
"FRY",12.3229951930725,12.4434304733983,12.2459708234397,11.4892287341467,12.1918343877853,10.0664510645747
"PICALM",12.254922335539,12.33933278263,12.2682948057311,12.0106307850684,12.2217137810751,12.0217415005176
"NSF",10.5579854162325,10.5411822261337,10.1407776438126,10.4084372932764,10.9249743712858,9.77788965154638
"GLI2",6.69631622744201,6.94126765350759,8.67177440372227,7.69678163213062,7.37466490983108,7.48616102253718
"CLASP1",12.2874800500167,12.3573901042053,12.494833881623,12.0426003274385,12.3109359738879,11.7578917562419
"MRPS34",8.24460500817875,7.80249233411158,8.39436969427517,8.45436588749645,8.57476071043855,8.1355471002343
"NOTCH3",8.35448204461937,8.09110660840326,9.59806546082088,9.68432895347536,8.62600777782423,9.71232540421774
"CLNS1A",10.2746642367104,10.2798172663639,10.3995056702747,10.915903581589,10.4035456138436,11.1775638027812
"PPP2R2C",10.2797184922558,10.2395020538315,8.4297037653274,8.34402699597376,9.6535121140947,5.91480976668293
"TEAD2",8.10664516815297,7.92736006298722,9.02438124038737,10.1382053443795,8.80559602478546,10.349843254487
"EED",8.55178237037359,8.82931208581064,9.08707167074037,8.60895394823376,8.61184210728188,8.97427795153715
"CDHR2",5.54851785949931,5.60690679268508,5.19204933581343,5.3280834021818,5.53476861827663,5.15195654074678
"SNCB",7.65257060002704,7.40670473789636,6.46448655819503,6.75458712720843,7.46851027478775,5.94713050764567
"TSG101",10.2645022646252,10.1585911452419,10.0606588783785,10.1962209518909,10.3302247897858,10.0884172976111
"C17orf85",9.91739464452544,9.94340011691356,9.94639914350564,9.99592437710767,9.99355766857667,10.0843746465997
"ATP2A3",5.43226952355336,4.58878259651035,5.13786241172375,4.64396487703681,5.03903521958369,4.76371589021208
"CA12",9.88569500320504,9.88343918580145,9.82817581287071,8.38589066215898,8.72331940145372,7.6805890691043
"MGLL",7.12385340854776,6.90172495385375,6.36527543281753,6.01035734573399,5.99036612397887,6.1912683413666
"NTN4",8.6411061146322,8.4852008471135,8.49044603867034,7.86978114618273,7.68283904712796,7.15133162417071
"BCS1L",8.91068724939637,8.72498766237102,8.84150542723184,8.88298778747015,9.0694750500515,8.57549143590271
"NUAK1",9.73434331065721,9.71164401554334,9.79103249136151,10.2931344200017,10.3022104927532,10.629934783692
"DPP8",10.2593942955875,10.3699562853939,10.13367533322,10.1333146962818,10.2503709634882,10.4143814348275
"SLC24A1",6.82598312485697,6.77569217432756,6.89544820275353,7.09170070117212,6.7624132232569,7.96209693964475
"ZNF532",12.3323470916013,12.3577454026697,12.4736683960032,12.4580417712327,12.4630189317769,12.1964775950037
"SCARF1",5.5207400332063,5.45795213323723,5.63329680407505,5.60255728389094,5.32290848716218,4.98896808752624
"LMAN1",10.3162514219252,10.4574460061879,10.3431550694885,10.546343535831,10.3084830955908,11.1615400073474
"PTPLAD1",12.3474659383429,12.3508012497775,12.2574482078037,12.3911377870846,12.1843520824554,12.5367925169438
"IPCEF1",7.11618018037421,7.20954211151148,6.52664985962964,6.63747569525174,7.11981699628916,5.73777627602365
"ZZEF1",10.9943724842431,10.9611335487209,11.0805214886774,10.7352838268451,11.0300390089554,10.5536322756376
"ENO1",13.2327968174093,12.8860685475668,12.9223184124504,14.0676607119187,12.9303656874052,14.7684478333913
"SLC12A1",5.83411797820783,5.92395793531019,5.56693702969189,5.77536139914715,5.61575483702208,5.75680447202851
"C19orf10",8.21311353050452,7.93121104702694,8.06508672927444,8.29871148734869,8.24802647612564,8.75544240551484
"ANO8",9.00538575784659,8.68012850292475,8.78813386699181,8.46221083381507,8.98102587777097,7.46616498671517
"TUBE1",9.43980557591928,9.41907015852302,9.47977251912826,9.16673918171736,9.25515544578897,8.81139499085974
"ARHGEF10L",9.60469715082881,9.22998684560074,9.7682781516922,9.86632734775005,10.1123389816018,8.94242885835458
"WSCD2",8.03232150805896,7.84398320320908,6.82449048673678,11.1712878606377,7.90938740898269,12.2020833606704
"KCNQ2",9.96210278067534,9.68355899210578,9.99554791232201,9.87660810610123,10.2214099969489,8.58699448060545
"ACTR6",9.33194936777295,9.49603300340026,9.16817070911359,9.32964257461733,9.45736964043479,9.30989162665057
"TIPIN",7.16902082071916,7.37856072812948,7.31014150476043,7.46460118607582,7.10811313039174,7.6805890691043
"SRI",10.0336665781709,10.1585911452419,10.0239963796131,10.5804265273715,10.1651430073538,11.1507577251869
"EIF4G3",12.191543259921,12.3183109235326,12.1199004544949,12.1739858420569,12.2058439529121,12.2751717672216
"NUP37",6.92676259669851,7.10977802219848,7.3271073717309,7.77804094914846,6.97235471318137,8.29581737308345
"SEMA3A",9.99628300044947,10.2138185248118,10.777564300692,9.88172111709347,10.5911911467288,10.3949298238814
"GTSE1",6.14437114006863,6.02312871455732,7.08857834537339,7.66976224547184,6.64378255741951,8.0313273339539
"SEMA3C",10.1559916311766,10.2317673642586,9.18201965184832,11.4803518289781,10.7082408249147,12.5497476229265
"TTC38",7.6314284560604,7.86428286000716,7.99324667467734,8.23825698874332,7.65129641608071,8.75544240551484
"ACAT1",9.70958026907028,9.95753963990719,9.61856736835092,9.45455781226793,9.45736964043479,9.48088029965462
"GRAMD4",9.26721227218681,9.01225433978407,9.34063782382317,9.65561515631697,9.80586759890534,9.1440920565254
"CELSR1",8.54337936186997,8.32813337198237,9.63878163274787,10.7976511436133,9.44602816581555,11.750259349093
"WNT8B",5.14109345202186,4.69525161239808,4.7660846074949,5.6525587184268,5.29596108369109,5.37273133131448
"ZNF638",12.8382188369352,13.0204997733052,13.1446260176822,12.7964415155697,12.8231999610708,12.8176866974949
"SLC25A40",8.86875162420893,8.95883543783139,8.67831104441804,8.53838594974355,8.74201466907865,8.18796695439066
"TIMM21",8.70274593815867,8.69147535733056,8.49044603867034,8.80196125077407,8.69864593633242,8.8269892391492
"ADD2",12.4365045198269,12.4612303572904,12.4748394320709,11.8132645781814,12.4985574703189,10.6376786478861
"RASAL2",12.428374881642,12.5736258500376,12.5337854476472,11.8038720780624,12.2424964183296,10.9472733894846
"VPS9D1",8.64634506583055,8.10138244940046,8.30413957857438,8.66606905430101,9.07685134844725,7.98322153745751
"ZNF37A",10.3325561762043,10.6143862746922,10.4903352828229,9.85893879247369,9.90938471586958,9.65567690395344
"MARK3",11.3874618441067,11.4080030314416,11.2267168534368,11.4261616248634,11.429859852633,11.3634812052899
"SLC25A3",12.0219896065659,11.9449556473842,11.9049418454517,11.9937021197325,11.8916141667585,12.0906532365186
"FNDC3B",10.3252418426685,10.4960529401939,10.8885909900375,11.1584097698497,10.3221875208776,12.4026837582293
"FOSL2",7.15412798548242,6.32990443424444,7.16642702427941,7.04984994513719,6.19402372481779,8.43229287086765
"CACNG5",6.2372372059446,6.32990443424444,6.34796986470843,5.51331587387945,6.513522034208,4.76371589021208
"CACNG4",10.2499824286085,10.1330730200439,10.3665661472964,9.9304686983355,10.3601227409561,8.96901851449384
"FRYL",11.7020233641003,11.782428968077,12.2067577883802,12.0014368476466,11.7707796663951,12.1725022287675
"TMEM131",10.2516982529934,10.5005655878895,10.9240072968923,10.146117434257,10.2247304628472,10.3315427948304
"FSCN1",10.4522847982419,9.73153158762709,10.2278369206519,10.5509347431221,10.8793601721754,9.30711713280359
"ACTB",15.0400061283343,14.7592347265518,15.0677643728717,15.1215906875384,15.0962151028786,14.9045452160109
"MOCOS",4.99520527768772,4.90491546544878,5.19204933581343,5.3280834021818,5.32290848716218,5.37273133131448
"PLD1",6.57584372992704,6.73092761276427,6.68385737112564,8.25417738004072,6.75482273122502,9.13785816448196
"ATP12A",5.3344412562722,5.24729833481842,5.2426758087291,4.95373220111794,4.99924798284876,4.68467332000649
"WDR62",6.52916670743809,6.54567163620786,7.50131371293644,7.54134455499361,6.79235481056696,7.24286392443478
"DLG1",10.4075815431549,10.4320218937959,10.5278346614041,10.5763788437147,10.3988502397898,11.0871450423701
"RAB7A",9.92816589176384,10.057197096982,9.96918927943252,9.90271246980339,10.1322793988051,9.86343100620578
"BCAP29",8.98280663449547,9.27587715187871,8.85598573220306,9.33178022014982,8.88341544025648,9.75263243152193
"SEC31B",8.16270466126642,7.96164951102611,7.80201515746545,8.05552620041401,8.22156759349832,8.04477884312409
"SART3",10.5050247972938,10.524819433058,10.3675754489251,10.7871826787972,10.6644138810679,10.6709427770835
"ARHGAP15",5.0958257135656,5.62971160557788,5.0153475618871,4.91404266993799,4.91093888395682,4.58127373257168
"PAX2",6.40461685682177,6.17206882112393,5.96317797384801,5.15028716110163,5.63503194179442,4.33057497578978
"EXOSC7",9.09423242154179,9.00318459435402,8.920778243449,8.86093478417512,8.93953901173915,8.99167177571807
"KIFAP3",12.5970910094412,12.6310440200307,12.2368883806293,12.0255501582064,12.4319061707649,11.1979076829881
"MKRN2",9.50890488358432,9.58253895980188,9.67348824067804,9.84029998197171,9.74979787325952,10.0631681547798
"MCM6",8.22017182526003,8.29573358513945,9.17280184623681,9.80305352600629,8.81091715822001,9.96367824620249
"REXO2",7.8436809557428,7.81923443275588,7.90644722971276,7.65949546353462,7.50877860534628,8.0313273339539
"RBM7",8.30558112606882,8.46681400830921,8.47925120479722,8.34402699597376,8.36863232350315,8.70145951293704
"RBMS2",7.41299103728355,7.46670362353506,7.90644722971276,7.69678163213062,7.48206152541301,8.1635382126702
"BAZ2A",9.65873979686973,9.72823599367538,9.99685327683028,9.91914610858816,9.91597375253919,9.74034991274878
"PTPN23",8.21311353050452,8.24725699666395,9.04221169520246,7.99716530369918,8.30456843055663,7.91888360076693
"MLH1",10.1886048209568,10.2035738126658,10.1940966399133,9.86263780445501,9.73775948089661,10.0349574002241
"UNG",8.65935939785746,8.74254619225178,8.87317169905804,9.27625363774384,8.88341544025648,9.40766708065872
"FMO4",5.46268370782665,5.83429039028268,5.69565584988958,5.83193623690723,5.23931319139556,6.7682951030033
"KLHL20",9.42466593791179,9.47258506944051,9.50935410664662,9.31782845723895,9.51277494470214,9.04762315352636
"RGS11",6.41762377436216,5.97458977678836,5.56693702969189,6.28425515241289,6.59320902990356,5.94713050764567
"SLC46A1",8.45353685457023,8.17456027369429,8.10456986944914,8.17990596670228,8.50856160689741,7.81263346922393
"PLXNA2",12.450948751729,12.4368876617649,12.8845746367443,12.6015742991665,12.7227720277572,11.8505142960659
"SPAG5",7.84825812045836,7.92349862982285,8.74209121903283,9.46530583518882,8.35166441534884,9.72276850315806
"ANKRD13A",10.1431067925433,10.1397017035931,10.0643988760589,10.2055701875644,10.1651430073538,9.89885563104635
"TPD52",8.36406493692669,8.49819140515285,8.28281454063482,7.77487844920169,7.9291922595515,6.70857049326097
"ACACB",7.36877029660064,7.07485915820495,7.72786621708424,7.63524574948286,7.23708728805804,8.51895526805538
"TRAF4",9.98084693001903,9.72383011176354,9.97582425945368,10.3972621468001,10.07750036543,10.0786958229421
"PAG1",11.1348522866533,11.0726960223198,10.821680651018,11.2499066445645,10.891108626485,10.9676033454723
"GPATCH1",8.76425898750754,8.80236402807747,8.63191691685501,8.65071622892634,8.98730356245099,8.25017389671768
"ICAM3",5.18373077138573,4.95891832408665,5.13786241172375,5.28112095084593,5.07654591073903,5.47749470033185
"NT5C2",11.0392631118573,11.0613966832719,10.7422072095375,11.1050917420873,11.2083101376427,10.9906771498396
"MCAM",8.12933374133874,7.89617111940036,8.53076178760897,8.30527363848017,8.29445289230655,8.88027391822712
"GPC4",8.42636288355448,8.32229679462841,9.71374442056726,9.61670986771753,8.27142801894521,11.0432614057938
"MBNL3",6.58725916525107,6.86100086831046,7.62936499745985,8.08638063615661,7.20457967841515,8.47998702889976
"CAMSAP3",8.37989528015012,8.15825512381981,8.11427230764804,7.69343228097788,8.72331940145372,5.9629602809734
"RAP1GAP",9.21535503002207,8.75557564791784,8.55228367163176,7.8337930208669,9.03958572633313,6.65516992011782
"XAB2",7.98745233420534,7.39551484013009,8.38239530543292,8.38795206275874,8.67159164285877,7.92617754941335
"ARHGEF1",6.90000882976452,6.55609522107361,7.10845497857026,7.52632687188067,7.28963530626763,7.71898670555813
"STXBP2",5.26254826080776,5.45795213323723,5.29031095099465,5.05921631031587,5.32290848716218,4.94087121374919
"MAP2K7",7.52069154069623,7.20310972633089,7.62254778683394,7.42053615052125,7.60262243590723,6.99099058435697
"DGKD",10.5834132517508,10.3614753108858,10.5922796842904,10.3787866544625,10.7736225211012,9.73210302090751
"CTTNBP2",10.2956077501917,10.4143645403226,10.172312067265,9.86632734775005,10.232008682835,8.78169162450539
"ACTL6B",10.5854554524617,10.2745567794676,10.0890872788677,9.79223245829067,10.3888215168985,7.94783775386725
"RARB",8.01210136645858,7.99145094190824,7.82589467947357,7.59268147982136,8.09019446985166,5.94713050764567
"TOP2B",13.2126822892052,13.3099730690931,13.2071208567931,13.4673469587141,13.3957733848423,13.4651788792517
"TM9SF3",11.9091332681739,11.911221961574,11.6866164608702,12.0007659064488,11.8909874778383,12.3253465962213
"NFKB2",5.76951971169128,5.67386991742712,6.16047993900056,6.1653683000969,6.09646749403237,6.42781852490384
"UBE2T",8.63584797194149,8.57620798498917,8.46418745624302,8.86537253600958,8.71766303466794,8.32911917638599
"PPP1R12B",10.834719615157,10.9774109483644,10.6745014726408,10.6535431113345,10.6910615682733,10.6601208153616
"DNAJC10",11.188679126699,11.2128449944255,11.2116228125167,11.3768539778244,10.9790529583361,12.1423018196268
"GTF3C1",11.467882128879,11.3326437754193,11.4455916702088,11.6873679099295,11.6945389741315,11.7857856661314
"IL4R",4.93817568778476,5.00838899562681,4.63910910251109,5.0909007841773,4.86095996838829,6.09663944422455
"USP33",11.844672554576,11.9175019666494,11.804570035313,11.9039720336871,11.9211749061298,11.8445529407331
"PAK3",12.9756003182725,13.0333455384773,12.5919290486619,12.0169489059357,12.4845023236651,11.0786370174667
"CAPN6",4.7165496130104,4.84495094307666,5.0153475618871,4.77291247508709,4.95674843757777,4.58127373257168
"DCX",14.255337697647,14.4442926718193,14.1128230444726,13.7804909084409,14.342984848288,12.0360408244905
"SNRPA",8.52072763612895,8.11158483754391,8.71055519067675,9.32964257461733,9.00132895853774,9.28472657664277
"SPAG6",5.87520277529963,5.48441204341114,6.00991838444328,8.94299494376949,6.49513717052095,9.93881466016798
"EXOSC5",6.69631622744201,6.62684248559454,6.55665892062138,6.92190735690644,6.99805561656189,6.3150496424646
"DYNC1I2",12.1592350657273,12.2136549836603,12.1834530600739,12.0980736576551,12.1128783176336,11.841443273021
"LRCH4",7.49746075667521,7.03175530872374,7.31014150476043,7.22427350818905,7.72130380530875,6.94047352051505
"FAM76B",9.72325257000478,9.71497772932437,9.46852090139005,9.62370358757951,9.76994420544616,9.57381552416393
"SIRT6",7.16902082071916,6.74000049684547,7.30158068721242,7.33668941949539,7.63121893218586,6.83346059421358
"POLD3",9.04950768501134,8.96632259343604,8.87885499257802,9.39549921562476,8.93304882582425,9.7536512651057
"ACTN2",7.05321028673673,6.79318972059234,6.16047993900056,5.15028716110163,5.88899535302041,5.07532107295397
"CAPZB",10.2239969930227,10.2548480627146,10.3554169531893,10.4542535319362,10.304095140301,10.7992881619822
"GPR137B",8.38617874576254,8.35981600411131,8.47550008213014,8.05031828145981,8.33695871293833,8.35089758749689
"NAALAD2",9.09423242154179,9.35923344478065,9.118622161933,9.48368376482266,9.81911133096177,8.76963617057957
"JADE1",10.2010911416922,10.17239554989,10.2043018834589,9.81837260237513,9.93068987576685,10.2680947846043
"SLC25A43",5.9903111609895,6.15796744435664,6.00991838444328,6.5090360851835,5.84266003333913,7.23694571614715
"UBE2A",9.62999354070297,9.68808954237598,9.54013284390521,9.74491352392192,9.64560327794216,10.0147062367532
"FGFR1",10.5779532029759,10.5598345277902,10.7836258473362,11.6531918004666,10.9492599437997,12.3263735707244
"GTF2I",11.849495018016,12.016909779487,12.0683904326126,11.8859177783889,11.7725953079865,11.8698964080478
"FBLN1",7.41919597398627,7.07485915820495,8.71691803825858,8.09145879024988,8.25586960979723,7.89677467350811
"ITGA8",4.93817568778476,5.28072429172865,4.33057497578978,5.15028716110163,4.99924798284876,5.63720988468804
"MAP2",15.6681118876821,15.8120101633386,15.7814623836396,15.2826695713379,15.5231807102846,14.6414536155616
"PIAS2",10.394439518056,10.5024952654544,10.2919746040309,9.99794375742819,10.1109040570499,10.0908374581654
"AMPH",11.436174526827,11.4887329605295,10.8537243147138,11.1310776277973,11.6077000444692,9.89885563104635
"ARAF",8.04032994299301,7.71568339177883,8.01414446739986,8.25417738004072,8.05462122815303,8.77768436969042
"MCCC1",9.44431660735632,9.53679846623154,9.62364758391196,9.20922569764196,9.33604108477369,9.29736408279358
"LAMP3",5.29925920898593,5.45795213323723,5.0153475618871,5.17826991240815,5.32290848716218,4.94087121374919
"FAP",4.60390596466056,4.69525161239808,4.63910910251109,5.37262261357025,4.74232802187034,4.98896808752624
"NEBL",10.3741053903518,10.4047664165647,10.1849642730636,11.4798704365682,10.2516736502632,12.8426645947475
"ACER3",9.84421134585004,9.93484934762673,9.62364758391196,9.43679527455234,9.53221042460333,9.24613450377861
"UBE2K",11.1009940280068,11.0856246756809,11.026597934543,10.7754612372336,11.0880600005418,10.513911738885
"PIK3C3",10.9938600733709,11.1031084974982,11.0994751396419,10.9434006640316,10.7902995679992,11.2153838229644
"N4BP2",11.9783670346982,12.141822238255,11.9731560170047,11.7074504498346,12.0644185283251,11.4763499144268
"C12orf5",7.66822231500951,7.59423896180188,8.37031995901842,7.91352177677454,7.83080600963922,8.46758899351877
"TULP3",8.19889151572816,8.20978982772904,8.19418524668406,8.97755959016727,8.33202305094227,9.39465920021297
"SYNJ2",7.26211718638985,7.24126526423778,7.90084240602467,6.45226469243349,6.19402372481779,6.99099058435697
"ADCY2",11.3138333484149,11.2323530537772,10.6736857116013,11.7307007119839,10.960056456384,12.7918970227156
"PPP2R5C",11.5793186264106,11.6073300294071,11.4307022866657,11.4519166502364,11.4754420795509,11.4592859377023
"PMS2P1",8.15903505160868,8.24108025118725,7.62254778683394,7.88157749475574,8.06061204489979,7.74814814760953
"RBFOX1",4.7165496130104,5.09718127405855,4.86296472820736,7.29725485245688,8.09311925753903,6.45980961472376
"GNB1",13.1403345175683,13.0689338540522,12.9053950070092,12.9396692460841,13.2516432142946,12.6797190323015
"EDN1",4.80259831140558,5.17594971784969,5.41912560421338,5.70027502758029,5.20943279770974,6.16496703674859
"MLLT10",9.9494698912264,9.95847736170324,10.0693704948555,10.0093337861241,9.76447762255887,10.0001875703721
"ZCWPW1",7.01234157832621,7.24126526423778,6.82449048673678,7.00668785647124,7.1139774433399,7.37785530753697
"ADCYAP1R1",11.096705314028,11.1345528165665,11.2244906409621,11.3383364292221,11.1771194179763,10.9387918902205
"NRD1",11.247893672539,11.3531038653739,11.1630462331799,11.2473633239345,11.2869558257517,11.4094352866437
"VDAC3",11.5097005819238,11.4952070495053,11.2377966695784,11.4151253053421,11.51339797904,11.1352132970611
"PCM1",12.787681429,12.9348668587679,12.8602268634895,12.808280600852,12.7377200159625,13.0302931049296
"TNRC6C",11.4312630890413,11.4691345144874,11.3513107194428,10.7461344000003,11.3931541587683,9.62705110862998
"CBFA2T2",10.2196201900645,10.2677649736448,10.6043165592583,10.2332595764138,10.3751412692734,10.0001875703721
"BRINP1",11.0476810604634,11.015743223523,9.51665554875407,10.625523476624,11.0304184700927,9.97769580596763
"ITCH",10.9856366459395,10.9564489236947,11.0762069437025,11.0862395351564,10.988067543305,11.2828924102614
"TP53INP2",9.12641860295638,9.26226300594309,9.46097069480703,8.60541827705831,8.72519991723393,7.8514981122475
"SDF4",9.10946858250594,8.57130070609712,8.9906694493425,9.40770891967464,9.46974297376782,9.67516679273869
"MYH7B",5.0958257135656,5.24729833481842,5.19204933581343,5.02596345433389,5.14598214718274,5.07532107295397
"TP73",4.33057497578978,4.77662214806139,5.29031095099465,5.47521948736164,4.66714835127326,5.3153992589889
"TOLLIP",8.93441813638862,8.56143550191553,8.76683080384328,8.70457402807259,9.17083215375322,8.32637343054268
"UBE2D4",8.54618583798645,8.44013107304247,8.50523779269717,8.09651893816397,8.35410074742384,8.39872068668933
"CLUL1",7.45586048096702,7.55967679243628,6.11933501176659,5.15028716110163,6.61028206685648,4.68467332000649
"RUNX1T1",12.1357397828126,12.3142892291864,12.5719318106488,11.2507534225894,12.161323032951,9.21093973016392
"THOC1",10.0216480691921,10.0000556911348,10.0915330247766,9.95215631189838,9.9331280223752,10.1305866095548
"FKBP7",7.84825812045836,7.81923443275588,7.92313041789343,7.52254730534119,7.83080600963922,7.40441060627693
"OSBPL6",10.0445962132391,10.2169561554946,10.5879563371494,9.48752310362095,10.0693965367775,8.71619412677721
"SLC1A3",12.224891305507,12.3255944949955,12.5736817466969,13.7318446533148,12.320275982141,13.8948862391472
"XRCC5",13.3727709961324,13.4756980667559,13.6798092300653,13.4106402741036,13.3755322702435,13.1718500453256
"LXN",5.29925920898593,5.24729833481842,4.94418431550225,5.12120644125242,5.11210946503177,5.77550668699715
"SP140",5.36825224778896,5.55970553524277,5.2426758087291,5.17826991240815,5.57607598002124,5.28523604052962
"MKNK1",8.22719544304341,8.20026757039308,8.17578040881632,8.2244684261654,8.12775706975868,8.40133127865555
"TNS1",6.85421751109717,6.92558771782441,7.66296644002311,6.63747569525174,7.16001841268955,6.82548453408029
"REXO1",7.52069154069623,7.07485915820495,7.52347964195245,7.47638291567302,7.80242174547315,6.59953871009217
"SAR1A",11.300221404024,11.3423715797977,11.0304261637619,11.539757020411,11.4387492461444,11.7489833460438
"CDC14A",6.92676259669851,7.19664743352791,7.60189652432882,7.52632687188067,6.79235481056696,8.0313273339539
"RAPGEF3",6.76768353188172,6.57669813123392,6.25772181162451,5.80400878913798,6.64378255741951,5.63720988468804
"SENP1",9.51463543563667,9.69260589288135,9.60664340420261,9.58839047948132,9.61959557248857,9.47841669041785
"CIC",9.26890908258958,8.82725700554831,9.58075482190222,8.96796493881151,9.40678512009778,8.11019697759067
"LIPE",6.76768353188172,6.51389521262857,6.83657729618024,6.66596874216255,7.078412375402,6.03906618111504
"FDFT1",11.6502901334306,11.7027183876896,11.1496158257422,11.7238055520589,11.9763743492167,10.8227683991445
"PAFAH1B3",10.4410502656634,10.0046023402992,10.3675754489251,10.4571915855292,10.7808578929804,9.13159714940931
"OPHN1",9.97670257566038,10.1104735045327,10.2110654703047,10.3849714901581,10.3034671981048,10.3785172846378
"KIF22",9.28073108559907,9.22531631626295,9.50568946027502,9.98238906283406,9.76356450602476,9.6858816739817
"SCGN",4.99520527768772,4.95891832408665,4.63910910251109,5.3049269085433,5.39908280147121,4.76371589021208
"LRRC16A",9.52886286651649,9.61621304865666,9.67185436406061,8.98301364370541,9.34339622751529,9.08860737905608
"PGM1",8.72271821537243,8.44013107304247,8.5839729087344,8.15102796989229,8.19460977828675,8.61872090139936
"DDX1",11.2345096671552,11.3166491370575,11.406849452395,11.3886988299233,11.3096432658436,11.4074955620483
"DNM2",9.79915296176499,9.70830257160587,9.82670831451534,10.1672058921916,9.98731463814814,10.4474882322499
"EPB41L2",9.28911633067063,9.34351847140204,9.4872250638378,9.25725846048021,9.37244676578344,9.57266120339637
"RIMS1",12.5260468192856,12.5147835265834,12.2918740905389,11.7704098153371,12.5496141921715,9.97157988891
"MOXD1",7.30978258738388,7.50359283809551,6.73671357377245,7.46065189899311,8.46642378882248,6.09663944422455
"STX7",12.3903380014445,12.5002132408879,11.9764669680195,11.8740601732251,12.2866827869644,11.06885171186
"RABL2B",8.344834584039,8.54149919794881,8.14299016679706,8.47777308141497,8.50856160689741,9.00885774659924
"KEAP1",9.02761588958365,8.68240505884543,9.41090534445228,9.02591710708937,9.22494019162892,9.04595924739587
"PTPRH",6.22223378738274,6.09988234759329,5.53204272811162,5.05921631031587,5.03903521958369,4.58127373257168
"DCT",5.3344412562722,5.2124335202594,5.45827589049947,5.20526093226038,5.14598214718274,5.28523604052962
"SLC35C2",9.00538575784659,8.68012850292475,8.81209961871537,9.02591710708937,9.07537911120753,9.08537126519685
"CRYBG3",9.0356151437135,9.22843168569077,9.03204994338449,9.51693601294656,8.52161505215278,9.61252207666058
"EPHA6",11.6906863536546,11.722166141119,11.026597934543,10.4285364942416,10.6491744324641,10.294929845911
"RFX3",11.759520824659,11.9010192312063,12.3732522022679,12.3942065031176,11.7002737114884,13.1483300691321
"RIF1",12.0222408690888,12.1539432174559,12.2188297317326,11.788987759638,11.7518063000118,11.9613213787074
"RAB21",10.6097389266764,10.6238719750845,10.5215009618339,10.4340150143149,10.5860371960701,10.5018396829806
"SLC4A4",8.69012071758765,8.75341226294318,9.118622161933,9.15229364445896,9.13170855443281,8.5404183190413
"SMARCA2",10.9050829195073,10.9351777651072,10.5114914614142,10.4094489344917,10.9118529093173,10.0803206277973
"SESN1",9.31398296671504,9.22531631626295,9.59461993227118,9.59996244648262,9.48644621251567,9.90986386521915
"MID2",8.61995696851919,8.65484519824644,8.32515149771504,8.0266443740023,8.51944771280452,7.64112048431256
"PIH1D3",4.33057497578978,4.33057497578978,4.33057497578978,5.4150421589993,4.56883750728876,6.00920807852439
"COL5A3",5.26254826080776,5.05426032044833,5.0153475618871,7.46065189899311,6.13396671442646,7.72737996107839
"SRCAP",10.2072939857715,10.390943035236,10.9185089816178,10.0344730609788,10.0251356211174,9.96455834842518
"KIAA0020",9.26721227218681,9.51401000680911,9.45528195302108,9.23344241606941,9.20219233311756,9.39987645987423
"CHRNA3",7.81122104803822,7.65158864104377,6.41583398350578,8.25417738004072,7.39394288903325,8.4849163748375
"KCNN2",6.68580357978683,6.75796460995273,6.74960856768488,6.52481329577584,7.20457967841515,6.15160304901779
"CNOT4",9.43074090385078,9.55675660479095,9.58075482190222,9.38421531582686,9.62563915275321,9.42055852203972
"PSEN1",10.399865452717,10.4333712385956,10.43748832202,10.7968783020582,10.6161826431971,11.1324757159954
"CPOX",8.1845265564615,8.15497164171249,8.0347402825363,8.23137932875426,8.2842653339578,8.375008746827
"CLDND1",10.2805591484619,10.2760617350461,10.1049109635847,10.2898419489583,10.32837400757,10.41502532472
"MOK",9.28241204623931,9.36632031032236,9.02181589353066,9.87000747075552,9.42999855131585,10.5371655072768
"HSP90AA1",13.3843499478354,13.411947708711,13.1913929830941,13.2251327683383,13.4911356788581,13.4225173244337
"RBL1",8.79287503142726,8.82519898215955,8.97218424115071,8.95553414058716,9.03201534082737,8.64316590535277
"DLGAP4",10.2439609130473,10.2185224141391,10.4810392461132,9.80920070957923,10.2160812950464,9.02415147894233
"IGSF9B",9.06717462180755,8.88569271606989,9.50201546713426,8.4484538693029,8.48209271024696,8.46009837150516
"CROCCP3",8.69770916277194,8.68467801082702,8.58048625117165,8.19412899676964,8.46191531390061,8.22384451131824
"NDC80",6.62092605244302,6.77569217432756,7.44819344488401,8.32262701286369,7.23708728805804,9.00543694179581
"AP4E1",9.04950768501134,9.08282429545459,8.92353013357852,8.79266967581449,8.82851329144132,8.63432490859355
"RSBN1",10.9580567430502,11.0757230894079,10.9478190017818,10.7918447126613,10.9636374098346,10.2630965458149
"MAGI3",10.7449987848222,10.8330753810271,10.4004921862461,10.4330204665888,10.6417422931766,9.84634211268774
"CXCL2",5.0958257135656,5.13762512309315,5.19204933581343,4.91404266993799,4.91093888395682,5.07532107295397
"AFP",5.72424503540458,5.71625300812078,4.33057497578978,4.71402308857299,4.74232802187034,5.3153992589889
"COL4A4",5.6525384434395,5.71625300812078,5.56693702969189,5.05921631031587,5.23931319139556,5.75680447202851
"TCF7",5.40082433975998,5.40267998277688,6.18054720532947,6.13377621276322,5.65395698090973,5.9629602809734
"OSTM1",9.72325257000478,9.73153158762709,9.33651706677462,9.23800928750258,9.26293448311582,9.08212785604339
"CDH7",9.97566462271064,10.1070950946515,10.2211517319055,8.64038902406979,9.86665635726582,7.09336464344323
"IMPG2",9.27567639537996,9.33053196164497,8.76989350743494,8.52534407396537,8.98102587777097,7.88932800041491
"PCNP",10.6124120232687,10.6449894070746,10.713918877755,10.790680616166,10.599399347987,11.0256644480189
"EXD2",9.8879037088386,9.87849316542695,9.7420479767848,10.0259220252357,9.85298609289245,10.1446322064976
"ARG2",10.8069850082977,10.6600508530745,10.0780297859441,9.78289214809205,10.4267958630277,8.80353394096369
"MEF2C",11.0015271885376,10.9375567772988,9.80152947573203,9.39345416284459,9.97553557940475,7.78879360873929
"CACNA1S",5.18373077138573,5.28072429172865,5.07933519419276,4.64396487703681,4.95674843757777,4.33057497578978
"UBA5",10.0186277207894,10.1138440163331,10.0214332291796,10.0891674331464,10.0365178653844,10.2580809209807
"STK17B",6.76768353188172,6.79318972059234,6.94077887024594,7.41646081015636,6.57591271561808,7.8930562109277
"CDC14B",9.08462723266314,9.18097797195962,9.39910039251952,8.8249306724755,9.15558876676261,8.14493855589429
"ZNF510",10.438039549749,10.5598345277902,10.5457791621075,10.2183271976484,10.3691526147742,9.98898555322033
"LRP2",11.6060504377579,11.684421946872,12.7966540043643,11.5269986823551,10.9841550791027,13.2473499383054
"ZNF506",9.93992203541429,10.1247440773829,9.36106655455054,9.98238906283406,10.130156069248,9.6600308293974
"JMJD4",8.59849149349291,8.21924907137084,8.75760331881909,9.094276369162,9.02745391118211,8.81726268355521
"DUSP12",9.28911633067063,9.29531749389626,9.10656909142671,9.13403039155652,9.30498369725566,8.41689570901026
"AACS",9.31562557135797,9.40949714200264,9.15184335248517,8.9802892024838,9.27836757882288,8.68870837862989
"KIAA0141",9.81549031266684,9.74898192449905,10.0569091531189,9.84029998197171,9.84005138577964,9.96455834842518
"CADPS2",8.92583397425425,8.95130909473487,8.63863716092216,9.66327172539836,9.14440036658452,9.26054876739282
"PCDHB4",7.57714608324443,8.01702544944932,7.3355137098602,7.34100315303529,7.34027647530114,7.45097907944464
"PCDHA6",7.68370276245463,7.79404665123918,7.68928444166657,7.79686933256452,8.22423562383171,6.92569080701315
"PCDHGA2",5.49214979402744,5.90657782030436,6.21973164683618,5.12120644125242,5.53476861827663,5.07532107295397
"HSPB11",7.92822283064298,8.0421491716111,8.00894867808749,8.30963174811785,7.9127074203427,8.56854507780522
"PHLPP1",10.0613261502376,10.1322422876437,10.4268761693712,10.2406681726529,10.1734150366723,10.7249059904947
"ATP8B1",4.60390596466056,4.90491546544878,4.94418431550225,4.77291247508709,4.66714835127326,5.25394328805817
"IL12RB2",6.09517066737624,6.2134331229608,5.3782345210694,4.91404266993799,5.61575483702208,4.33057497578978
"SMARCD3",10.9591071252708,10.7264965919105,10.6531402705844,10.7754612372336,11.1065331741388,10.0892244692862
"WDR70",9.51891843862347,9.64096198312603,9.5038536350343,9.62108491925644,9.6554825588174,9.50528738305195
"MPP4",5.97189916146181,5.85279833732561,5.53204272811162,5.0909007841773,5.46935070319513,5.3153992589889
"STRADB",10.131038308927,10.1504087354228,10.188395692667,10.2609878191261,10.0500589853931,10.5483598623819
"BZW1",12.2484935112427,12.246643352793,12.3682195963962,12.3540575231237,12.2503355222176,12.3829122647154
"C1QTNF3",7.27590283438528,7.52936261263497,7.5525018847791,6.62299697790865,6.76996117782249,6.93310215294778
"ME2",10.5107674896426,10.5770283473318,10.3584662014292,10.285991206837,10.3571001736659,10.2956293314548
"C5orf22",9.50603103590383,9.66069007540449,9.31154175413897,9.44767616476307,9.70483950507067,9.51973556479276
"CCNT2",11.4099128487632,11.4284438769365,11.5926520423147,11.3439023053833,11.4390350907283,11.0655751359687
"FAM135A",10.6764014536438,10.8733965554711,10.7491934423044,10.8994381732575,10.5547206055832,11.3876255416224
"COL19A1",7.19833542104688,7.30262350826576,6.92958651312438,6.43557845627955,7.19357270284301,6.87265238011493
"EPB41L3",9.51749218542274,9.42179365914095,9.56851241665407,10.043625497233,9.73589846212503,10.0070381019114
"COBLL1",6.89097298392508,7.07485915820495,7.43264003745993,8.0266443740023,6.82164699980973,10.1132318440883
"DLG3",10.4507919077513,10.3776869366369,10.2813026392539,10.4419467998551,10.7456998080044,9.33734642394161
"KCNK2",9.32544204007221,9.24698362579486,9.12102070761667,8.97755959016727,9.38200148678353,7.09336464344323
"SERTAD4",10.0074986531387,10.0324759432174,9.36106655455054,9.78445307626045,9.75532031728291,8.51655053485238
"TRAF5",6.84487119178406,6.80185420069733,7.25797082264261,7.2748558624593,6.45757155210179,7.83607962613993
"MRPL22",8.54056738369723,8.56884075769906,8.59438233136493,8.57681482929997,8.80025511246538,8.56156492192857
"GEMIN5",9.94629429422387,9.96595725679898,9.95984870080025,10.075209052202,10.0357618386044,10.3116245535263
"OPRK1",9.08462723266314,9.26074234505838,8.13824378640928,10.8507461944603,8.09895091182468,10.0996767832693
"NFE2L1",11.3784611961102,11.3012142878864,11.0144077415203,11.6138051703535,11.5458757782046,12.5142880034508
"SEMA5B",9.88679977908324,9.61025725292547,10.45183472531,10.5142594682161,10.2359631905419,10.1700323881826
"GSK3B",11.9253457318155,12.0952795755968,11.9681752987308,11.6357952471868,11.85716336157,11.2064862927941
"ITGB5",9.10187066939362,8.94753109884105,9.78348755889255,10.5104929747754,9.35435897433361,11.4232608386278
"ERC1",11.931244945265,12.0625238333289,11.7549191412894,11.3268721850998,11.7028945331718,10.9911089763655
"XPO1",12.3911164328944,12.5157390533127,12.6105878377381,12.547127188441,12.5932865001446,12.6313721155399
"RNF13",9.74046814979321,9.74681215326646,9.88709190737751,10.1320894377249,9.71053660722739,10.8714297952847
"TRPM3",11.0976594641455,11.2214610610702,10.8098496197518,9.45062946926625,10.2678587045466,8.08764021415036
"PALB2",9.2722967153584,9.50633303168787,8.9561484306793,9.10681789211349,9.22891746565755,9.11582438106304
"DOPEY1",12.1278222117097,12.2075572843504,12.0268381483646,11.7004429876671,12.0135066502582,11.2604999580238
"LYRM2",10.42060488112,10.476551467439,10.1849642730636,10.4350088766143,10.3443357493421,10.6041938745974
"BCKDHB",9.53592423316634,9.51655993350031,9.12341526183461,9.4387797422221,8.78951335673895,9.88961744249228
"KAT6A",11.6670988981906,11.7282245379661,11.8683387232968,11.7696223126938,11.7639505854498,11.5426562215871
"ZCCHC6",10.0544608488099,10.1804544744002,9.96519358306548,9.97966668233848,10.0913914833328,9.99244160827961
"ULK2",11.3662403419702,11.2773722863477,10.9705799552354,10.7405183675849,11.0898815921455,10.5151134050654
"TNPO1",13.4158644972685,13.5282526953426,13.4214890642613,13.7878501670913,13.5002725457672,13.5543640715059
"PLOD1",8.57670003068496,8.33684385775816,9.0673063941228,9.45161255993191,8.83026111206753,10.6036291554537
"P2RX5",5.9903111609895,5.97458977678836,5.75456202992873,5.71571562153576,5.61575483702208,5.15195654074678
"ITGAE",7.62609313702697,7.62797515941513,7.64962153261386,7.78434487800204,7.70987368248261,7.94425053129944
"DIS3",10.8747900186142,10.9361298408954,10.9088362061253,10.7312442897103,10.8023487482076,10.7326741746499
"PIBF1",9.62602878246184,9.78537682658869,9.81934832573433,9.88608930825607,9.66235797248496,10.3308605194298
"TDRD3",9.74046814979321,9.79380839522769,9.58596988757857,10.0732951226019,10.0251356211174,10.1352836950198
"NUFIP1",8.74485995418759,8.62437922204943,8.50891201053144,8.2788425118065,8.32210037747267,8.09735108405167
"PDS5B",11.5569464601933,11.7254738749283,12.0026845212952,11.5422952031911,11.6682029302861,11.2665766910198
"OXCT1",11.207805172301,11.1842816347565,10.0866373768971,10.5198908279236,10.8852463610611,10.2158377263092
"RRAGB",10.0554436100382,10.0536913516516,9.79704012657024,10.0501275589323,10.2787616787922,9.94596241040983
"CYLD",10.9326153304539,10.9834103599923,10.7964226677868,10.4872060455503,10.952467344006,10.0590539768512
"SLC27A5",7.41919597398627,7.21594487438752,7.12804990920464,7.16202190379093,7.27407779684721,6.80939009577328
"ZNF324",9.18870857221074,9.05325399149441,8.80016670972546,8.83853813449292,9.25775313162315,8.55220489792328
"ZNF671",8.87322395600214,8.86580970271222,7.60881388150519,7.79998325159792,8.38778118877184,7.73572379093135
"ZNF416",8.66453227349511,8.67327709623374,8.52351545556864,8.59832069251482,8.73269745384022,8.53567643325285
"ZNF586",9.46518326838979,9.74028316927003,9.46475074526939,9.3790568956645,9.71432220065896,8.92261244559331
"ZNF446",8.86426533335222,8.77062879715972,8.66520786575491,9.16194009568756,9.3914932309284,9.09022271051951
"ZNF264",9.95158307599823,9.90500228228079,10.0405466893855,9.77506204680653,9.7862206309522,9.70074990293933
"RPS5",11.6087300391998,11.2599891273334,12.1312336229115,12.3212482914681,12.1746010356583,12.1086727339795
"FAT1",13.4636406835317,13.5159690803893,13.8817984706605,14.5262182204595,13.8050743471056,15.5840414690347
"YTHDC1",11.1009940280068,11.1469410939385,10.8260923871736,11.1261638932545,11.1712813536908,11.0445101547973
"CHMP2B",10.3462717237875,10.4238992029886,9.65871622375896,9.95977415061213,10.022848348265,9.5841630018552
"SMAP2",10.5143450944447,10.5782486689762,10.127729897513,9.8809917964673,10.4256422105541,8.99512543803271
"PPIE",9.06717462180755,8.87578558812551,8.85598573220306,9.14744606200707,9.13170855443281,9.37492438869246
"ZMPSTE24",9.74169000004418,9.7619323928998,9.81639377419634,10.0998616470341,9.81029571197305,10.700291158035
"STARD7",11.7228884859312,11.68781726384,11.6687162613936,11.7292838118406,11.5432192075125,11.9310355451053
"NOA1",8.32534240882815,8.36550191101615,8.36221278826824,8.27215772536701,8.47763332468454,8.19099138957331
"REST",8.74973432875822,8.84564778038799,9.26676454762241,10.106739400224,8.89848620500244,10.9280066349402
"SSH1",9.34969435007194,9.41086861783338,9.48350361129794,9.21618643350283,9.49857331418491,9.25480036981179
"GSTP1",10.1216856275338,9.8301273303448,10.9672551982037,11.1000885293374,10.6731892565768,11.2860631437569
"APLP2",12.5837041817402,12.5299965244731,12.4368866086789,12.6695321763989,12.6854330556183,13.2685203419365
"KIAA1467",10.6532237230753,10.5861556894544,10.2520874644292,10.0546616163537,10.4547758421294,9.83001440988396
"SLCO1A2",7.22704432932557,7.49838179734488,5.88936033417274,8.06071517241143,8.61387435525855,8.53329959829096
"WBP11",10.2771935789949,10.3357289395465,10.128920947657,10.2632279828315,10.4035456138436,10.288619159653
"EIF3I",10.8979799843489,10.8078102259951,11.0118282049339,10.9517569178297,10.5772329865685,11.2072298534106
"NKAIN1",10.0366556148741,10.0624397821957,10.0493803163817,9.68181827357675,9.93231576496977,8.58928406404957
"COL16A1",6.41762377436216,5.7368316223205,6.23887088147353,6.02211641227821,6.63548630992359,6.17818765351574
"TXLNA",10.2805591484619,10.1347330502439,10.2972811128636,10.7525260596063,10.537736141726,11.185509440773
"APOB",6.79714772954774,7.15722908848611,6.51138402021999,6.33065288233021,6.17035088062347,6.44923337026561
"NCOA1",11.466774821524,11.5871684189173,11.6233916982789,11.2118577026909,11.2639058532867,11.048664860967
"AGBL5",10.0376505848345,9.96222216078835,9.92324289808476,10.3379253942048,10.0365178653844,10.5240941266587
"EFR3B",9.89341071103665,9.74355135873951,10.0239963796131,9.78054758135248,10.4508117863569,9.0139737471853
"KIF3C",12.2687539460805,12.1399642901798,12.0335293212084,11.6602195749797,12.3785123773699,10.356562694559
"RAB10",11.4745081827103,11.4887329605295,11.361476926259,11.4555936629164,11.5247543077841,11.3731212275938
"GCKR",5.43226952355336,5.71625300812078,5.53204272811162,5.39408088420441,5.53476861827663,5.50195500208462
"HADHA",10.8517867730294,10.806248907636,11.0105367046696,11.1978754980965,10.803681353594,11.5119918347671
"MAPRE3",9.78262828932815,9.72933536261523,9.7804584912872,9.2971911091335,9.92824759821214,8.682290095258
"CAD",9.43225564995682,9.14020185378065,9.87861902033256,9.49039590691598,9.41378852041681,9.57381552416393
"CD59",10.8585574878192,10.8960808467853,10.9417334360907,11.6657325962501,10.9460453955252,12.3741659482164
"CD82",8.27541791952294,8.03501602693746,7.90644722971276,7.30611477404241,8.22689868447515,6.3150496424646
"BCORL1",7.99983014660569,8.33973561473077,8.75760331881909,8.10658572845733,8.24277372158141,8.03806895081865
"ATRX",12.6923769523699,12.8939292561166,12.6001085638958,12.388831958739,12.6270459036826,12.4080292861589
"TAF9",10.1859150544553,10.1188850557073,10.1193648819337,9.99322746214251,10.0656978656379,9.99761020480449
"MYNN",9.87237121915166,9.79380839522769,9.72796568502479,9.53188509670835,9.60539451235307,9.46851989911571
"MECOM",4.87482195210638,5.17594971784969,4.63910910251109,7.77804094914846,7.73640192013404,5.73777627602365
"SCAMP1",12.6912713037329,12.75261246175,12.1404136119306,12.1238754674589,12.2705521735534,11.7966951435531
"PREP",9.64182277389928,9.64096198312603,10.0743250280202,9.4594532220048,9.79786254810626,9.15029906011076
"HACE1",10.1008936393341,10.0369216400313,10.2909109548261,9.84554319100305,9.89611558912783,9.7465042574925
"SEH1L",8.87545491444252,9.01586628446346,8.90415536165726,8.916158654783,8.65590003111265,8.86525022738942
"WDR47",11.94137801913,12.0935740060598,11.7074888062257,11.656177462958,12.0668250823006,10.7582700449113
"WDFY1",10.6979547268598,10.8259018116907,10.9246931149338,10.9880953988249,10.7885059124246,10.8988453522303
"OVGP1",7.36877029660064,7.35563129640412,6.399200953035,6.59355663474754,6.75482273122502,6.27917803362026
"SLC25A24",9.96524378012194,9.91566405861298,9.89411479810368,9.65048808035549,9.78711950943548,9.5841630018552
"MAP3K4",10.52005086574,10.5825116814548,10.494960926303,10.4473747053854,10.4308263942125,10.4963741131286
"PILRA",6.28119912210877,5.99099191043792,6.00991838444328,5.93722994218226,6.03126530424217,5.91480976668293
"IGSF9",6.79714772954774,6.61696431031565,6.78756865288512,7.0338224137936,7.15434627732596,7.13865823321848
"ABCB1",5.5207400332063,5.75702651981449,5.86366298223323,5.23135019106063,5.42310223496893,4.76371589021208
"ZNF213",7.36233757036877,7.3498397812423,7.8318023376384,7.33668941949539,7.79523611205512,6.80939009577328
"AKR1B1",10.2055244658438,10.1155263219839,10.0643988760589,10.4693694505414,10.3911874987106,9.96631694250901
"CPNE3",10.1633030250918,10.1900660992975,10.4995717804628,10.7100543524226,10.4439908079376,11.1775638027812
"RRN3",10.9564797341233,10.967666567734,10.6874912859027,10.7449328040255,11.0507625331058,10.3552213090904
"CTTN",10.8979799843489,10.617357263488,10.6891068172323,10.967982335482,11.0140108212701,11.0108345294736
"WNT11",5.83411797820783,5.24729833481842,5.41912560421338,5.92458453824114,5.8583162996779,6.08250174298976
"MTIF2",8.86875162420893,8.97377096881457,9.01924596320379,9.15712495262734,8.95243215413596,9.53047739017774
"DDHD2",11.249182332831,11.2238019930226,10.7889088837762,10.7320531027516,10.9420171095345,10.6126382338009
"TTC39A",6.4305009759227,6.5245731111976,5.93909051704448,5.3049269085433,5.90403138225395,5.25394328805817
"EPS15",12.2037793391083,12.2775803820016,11.7042972670945,11.4990019203737,11.9209702767083,11.2941346065583
"ORC1",6.52916670743809,6.37842206372085,7.3438698231556,7.82159149973688,6.70045381273315,7.92981055186659
"MGST2",6.02629639048941,5.94108086001497,6.43225541936395,6.71441314140921,6.18224393265002,7.76454637346845
"CHERP",7.82522337839033,7.52936261263497,8.16648831832517,7.73961738834925,7.98385436074853,7.43047244718852
"ATG16L1",10.0105423839345,9.97432600531415,10.0124261434793,9.7937833083473,10.0619896810292,9.48579491314048
"USP40",9.57209556688697,9.59706719079912,9.98242884057307,9.89406343805956,9.57968200736109,10.1987373076279
"POMGNT1",10.2972701635883,10.0027854010448,9.80152947573203,10.3018777651953,10.2601125476277,10.773412332428
"RAD54L",5.85484684019812,5.62971160557788,6.46448655819503,6.96777562639213,5.88899535302041,7.16389018268598
"MAST2",11.0904879063362,11.0152928268214,11.0519296169649,10.5849106699202,11.2796325989911,9.90345261650259
"DNAJA1",12.6909552484223,12.7404023571137,12.3984020854472,12.7738429293494,12.8673021946294,12.7567775857664
"B4GALT1",6.06122660456922,5.95795537545197,6.29459653090917,5.89887096339096,6.00415649635366,6.17818765351574
"CHMP5",10.6323038679726,10.6502208031082,10.4044315151607,10.6989278561672,10.7658949595421,10.5536322756376
"NFX1",10.1930766444362,10.185268296022,10.0976292990459,9.89334033733624,10.0819015109053,9.78288840909747
"AQP6",4.93817568778476,5.05426032044833,4.86296472820736,5.39408088420441,5.20943279770974,5.81198514857821
"DIMT1",7.75866388103475,7.78128312950899,7.76542522490381,8.01599512300708,7.87575397768233,8.39872068668933
"IPO11",9.33842741892492,9.49474030586583,9.49278927708468,9.50940289037947,9.22891746565755,10.0290801396182
"FOLH1",5.54851785949931,5.28072429172865,5.93909051704448,5.71571562153576,6.07080875752555,4.68467332000649
"EIF2AK1",10.5447515543059,10.6137913417942,10.3318226714653,10.6018243805378,10.5720288212222,10.9780976107122
"EPDR1",8.63057049591439,8.76419675287601,8.55228367163176,9.4387797422221,8.93953901173915,10.290023923109
"SNX10",9.77668040010728,9.74789744723876,8.85598573220306,8.27438946005318,9.32741232844961,6.38389343266527
"SEPHS1",10.3967674189745,10.3881623863602,10.5991701950307,11.0132645457185,10.7195810247078,11.1163361310922
"MRPL28",8.94507676775659,8.55895856412948,9.07475023047096,9.21618643350283,9.25255306398883,9.08537126519685
"ITPKC",8.48898549385237,8.37398866355746,8.65198398976558,8.77704892531192,8.89848620500244,8.55689254420254
"FAT2",6.46838189693335,5.60690679268508,6.23887088147353,5.54997731954909,5.20943279770974,6.3150496424646
"RBM22",10.2482645600141,10.2035738126658,10.127729897513,10.3315349942138,10.4794463194249,10.291427319361
"TMED2",11.3183422685395,11.3858754039584,11.2222609874376,11.5372143638384,11.3579108700467,11.9957260965588
"ERO1LB",7.24819384114694,7.35563129640412,7.01666422632071,7.79374856646045,7.54363062364894,8.00058918410891
"ZFAND6",10.4869300598925,10.524819433058,10.5484516827835,10.5947269797618,10.6272639742742,10.6965889092624
"HSD17B2",4.80259831140558,4.58878259651035,4.63910910251109,6.60835857260747,5.20943279770974,8.32362240762868
"TXLNG",9.21711404294371,9.214359116568,9.03204994338449,9.02062364169454,9.10020453506765,9.15647940677177
"PPEF1",6.20704769793219,6.26653250017841,5.60065691610817,6.40154607385148,5.96229157958667,6.12443048056718
"LAT2",5.57553933579376,5.28072429172865,5.41912560421338,5.3049269085433,5.32290848716218,5.18746296578136
"HUWE1",13.1309285784344,13.2535259335346,13.3557593718789,12.9973118997601,13.0273646616575,13.0151938492647
"ZW10",8.76184838695264,8.82725700554831,8.89296569000798,9.10306690025399,8.76413245157079,9.24032814132615
"ALG9",9.16703041184271,9.39847806166044,9.06979195486079,8.98573293344925,9.22626717106345,8.7796893942694
"NOX4",6.46838189693335,6.73092761276427,8.11427230764804,6.97340256901771,7.24775658987465,7.51563211554337
"ACOX3",8.92798482432825,8.78552584720267,8.96952399330208,8.62824595144245,8.70246955679619,8.56622213080097
"MTMR2",10.453776144861,10.5788584427984,10.5332414947221,10.3652944765073,10.4833325462317,10.4373822384772
"PPP1R15A",9.90327060302018,9.70271622243005,9.54906166329671,9.67257483865142,9.95328711594382,9.43206297557623
"HSD17B14",6.00844026539826,5.99099191043792,6.3126379774091,6.33973246271108,6.10909595759182,6.20421240927874
"TRIP6",6.94431161196086,6.39026961629101,7.75923408296481,8.13882100771673,7.32527586400282,8.61198118289239
"ACHE",8.26522052484028,7.69766482825907,7.66959197425824,7.39175697258473,7.85518527529004,5.50195500208462
"FTL",12.4520682260825,12.212869630486,12.9585976871218,12.4912610176404,12.8654956993,12.4252267721216
"SRRT",9.49737493088277,9.17614540245084,9.38719787370666,9.95562395723702,9.97868608459249,9.67409090940292
"BAX",7.82522337839033,7.54964432540627,8.54514553185727,8.43854598406872,8.37344359628965,9.10627705806585
"NLK",10.5942717240216,10.651960393452,10.4451574941349,10.1997340232602,10.503701845844,9.77688781607451
"PIGS",9.26040496001852,9.1084203916571,8.90971770521768,9.24936347813048,9.22361198775743,9.48946990026244
"ATXN7L3",11.1569908456272,10.9160030750824,10.6068828711435,10.8867830104426,11.3681543261135,10.1187765079294
"PGS1",9.42618708337986,9.35211152887064,9.30100614252949,9.57582352913655,9.71998200957284,9.3126607843239
"PSMC5",9.65744551559191,9.54056173958956,9.42066942190477,9.93398884566304,10.0365178653844,10.1384066054604
"UIMC1",9.90980659278488,9.81674404516997,9.89411479810368,9.98238906283406,9.82437493554365,9.63481417012042
"MMP2",6.56432869610102,6.45915625855364,6.92958651312438,7.59986520168274,7.48206152541301,8.04477884312409
"MT3",7.02061302111871,6.70333499340347,6.29459653090917,6.79359655144538,6.9395354864449,5.47749470033185
"LPCAT2",7.77800158699728,7.53953995283721,6.68385737112564,7.33668941949539,6.70835702131992,8.04477884312409
"GNAO1",10.7745359700056,10.8778629479758,10.8356051060517,9.85893879247369,10.5541928577062,8.68657213707634
"OGFOD1",9.67673871521427,9.70607063002826,9.50201546713426,9.64705986628676,9.60437477464621,9.62148034432844
"SH3BP2",10.0730197081791,9.71053106157512,9.68972591403338,9.48848134147388,10.1540392884543,8.67368750799541
"NOP14",8.54056738369723,8.41568412165511,8.18501245887936,8.56957397218127,8.40197668249007,8.7956296465034
"ADD1",12.3522706965632,12.3223214377106,12.2146300520251,12.5386008369886,12.5606896721987,12.3935669867461
"L2HGDH",8.41104054542838,8.33104276038431,8.07008228672197,7.80928422984062,8.08726367540621,7.69778336659097
"TXNDC16",10.6802284526441,10.6185439474481,10.5775271175989,10.5100214706743,10.9085538075275,9.35357149092632
"C14orf166",9.82934785379102,9.91276411361442,10.2054313535062,10.4606117664086,10.1315719696832,10.7834195874245
"NID2",5.04742567774093,5.24729833481842,4.7660846074949,6.37541862210786,5.67254547946021,6.71726694632154
"GMCL1",8.56844213982876,8.72498766237102,8.87601615466618,8.67621380842172,8.49097008170469,8.96020981308936
"SF3B2",11.5680038124915,11.4545911820771,11.3765931489885,11.7988633579638,11.8205538942464,11.9777550715029
"KLHL42",11.6299895287823,11.6055359554065,11.3665332878981,11.1819817944415,11.5739990020255,10.6944690638126
"GNAS",13.9257407634885,13.8278794446621,13.7106535436043,13.9175665142151,14.0178751537461,13.5968999920437
"DNM1L",11.9994501305182,12.0418883870466,11.7126600448732,11.6546854041272,11.7462731907252,11.4828123702648
"PTHLH",4.87482195210638,4.69525161239808,4.86296472820736,4.95373220111794,4.66714835127326,5.25394328805817
"PHACTR3",9.77548787087988,9.64911805360417,9.02438124038737,8.68795946244627,9.59002214055639,6.78488350934427
"ERGIC2",10.2072939857715,10.3860733753348,10.3266419923076,10.0942098872836,9.96127247232054,10.2180533379401
"TFAP2C",4.33057497578978,4.33057497578978,4.63910910251109,5.60255728389094,5.03903521958369,6.51143928016197
"AURKA",7.34286011609801,7.29056586476305,7.88956606158594,8.36720331224614,7.52194936736348,8.682290095258
"CASS4",5.3344412562722,5.58358169504195,5.33538540566403,5.47521948736164,5.11210946503177,5.86456156907527
"PIR",6.55271216369173,6.69400971602305,7.56679197810507,7.04452813531072,7.10811313039174,8.27602730068936
"AAMDC",6.59857684600822,6.62684248559454,7.17585758764933,7.26579459058132,6.95275775737551,7.61418238061003
"RFX2",7.30307208814694,6.94126765350759,7.50131371293644,8.91330442248721,7.59434452332097,9.93253117166098
"METTL2A",9.67290068587224,9.60307764714408,9.46097069480703,9.69930185693037,9.7862206309522,9.5528949053045
"ALG6",8.21311353050452,8.28076036019112,8.37031995901842,8.37345956161714,8.35653294098644,8.21198510259766
"CNOT3",7.75378797125387,7.62320475048297,8.01932138505468,7.86384605958538,7.99014941412436,8.17885505101344
"GP6",5.40082433975998,5.13762512309315,4.7660846074949,5.35063533644267,5.37441071259404,5.18746296578136
"PTPN4",11.2069211895386,11.2519831529894,11.4484558196729,10.9648894367598,11.1162181450318,10.8933113627192
"DDX18",10.6003438780553,10.6018408537698,10.5914160510611,10.6675628085673,10.5662824654111,10.707667266487
"KHSRP",9.47256298712832,9.37618369136868,10.2054313535062,9.85523026303513,9.85470198324886,9.562230484275
"GNA11",9.64965531825665,9.27738191812508,9.34269378846979,9.56768650211998,9.67212342982401,8.935254450448
"ASAP3",8.41718915815296,8.25340717882698,8.87885499257802,9.89189304671749,8.85794096092759,10.4014428909097
"EDEM2",8.09516420208531,7.83578143291402,8.1711419178634,8.14859490983899,8.03953315681097,8.27317766751525
"DNMT3B",8.68249195481236,8.59325247693861,8.94264728331416,9.05856710290398,8.96680008400184,7.72737996107839
"TPX2",8.2583816495782,8.14507566255721,9.09928848577034,9.88608930825607,8.92652921080005,10.0948620528137
"FER1L4",5.5207400332063,5.31286008562374,5.07933519419276,5.23135019106063,5.34903754503733,5.42659714675519
"PDRG1",8.38931017155583,8.19388397067824,8.1239092480457,8.7848805302984,9.17496157203403,8.85957561010754
"EPB41L1",11.4664055301087,11.5271487077887,11.3880759198178,10.5759283990315,11.2786746487229,9.54467635090953
"DOCK9",9.68945881462963,9.72493284573832,10.081725048064,8.74207342933317,9.53649404024446,8.38295642421106
"ANKRD10",11.463077646236,11.4529292148188,11.3780960955088,11.4163836932114,11.3332102160172,11.2839500960042
"TGDS",6.89097298392508,7.08893281579373,7.08857834537339,7.08135641528514,7.16566744120956,7.71477135620991
"DOCK3",11.5139952048027,11.5397299335552,11.1496158257422,10.5015079292802,11.180200618682,9.52571313162221
"C3orf18",7.68882550855379,7.65626437748541,6.92958651312438,7.34959092106743,7.67109281969654,7.78075715668249
"COQ9",9.33032529086652,9.34208129630874,9.26459716379155,9.50940289037947,9.36403406204377,9.91988142197902
"KIF9",6.82598312485697,7.13031363970509,7.1377443071229,8.21287549559311,7.078412375402,9.40637156700623
"ARHGAP28",8.28217602211833,8.47734963347558,8.26986526502253,8.49316819996182,8.3196089238137,8.30978741587605
"CRLS1",9.17248064076179,9.20014760361899,9.26242651196847,9.67930321153188,9.26164089249891,10.349843254487
"PPP1R13B",9.39545465336253,9.32908175945099,8.66191329916477,8.53094797761333,9.42999855131585,7.3724833288726
"ATRN",11.5939302519438,11.6132942127494,11.4875039515914,11.3856182328908,11.5144833940932,11.5915989266976
"SMOX",7.93253620534926,7.53446047100866,7.87248208979373,8.05031828145981,8.3196089238137,7.32874891051753
"SIGLEC1",5.04742567774093,4.77662214806139,4.86296472820736,4.33057497578978,4.33057497578978,4.33057497578978
"FKBP1A",10.031670438487,10.0909386411729,10.081725048064,9.93609681517992,9.98731463814814,9.840600491338
"NSFL1C",10.3756797743932,10.3706607869225,10.2716298693288,10.2090605807152,10.5393369595707,10.2815747406628
"SLC4A11",4.93817568778476,5.24729833481842,5.29031095099465,5.45558649408591,5.17836802896297,5.77550668699715
"C20orf194",11.3618789024133,11.3806397709242,11.3589420835129,11.1175243735513,11.3863519280075,10.8568134322954
"ZNF343",8.76906808702757,8.72498766237102,8.42192671374476,8.50460701438518,8.70246955679619,8.45256839691374
"EBF4",7.64731463068176,7.55466948165894,7.98268170929863,7.61412392885074,8.01196563195928,6.88801804929274
"CPXM1",8.55178237037359,7.93888189586916,9.43807966095142,9.21502864595236,8.90347488624985,9.69014541666828
"MAVS",8.86875162420893,8.86580970271222,8.79416288500709,9.0892289894907,9.01060380982844,9.40377703826272
"F11",5.18373077138573,5.37374005388151,5.33538540566403,4.95373220111794,5.11210946503177,4.88837907797739
"XRN2",11.4041399684593,11.5160493993404,11.4321499300322,11.7827566098147,11.6465843525764,11.6783472454743
"PLK1S1",7.32310766257761,7.78128312950899,7.72786621708424,8.04509127508831,8.0181379847393,8.08764021415036
"DYNLL1",11.4110646576976,11.2222417939037,11.2411040868107,11.5399879489308,11.4310099539686,11.7845407163338
"TESC",6.17610689899361,5.81547244195914,6.76238112537073,5.71571562153576,5.93352705716022,5.42659714675519
"SNX5",9.42770662393499,9.48174912088029,9.81934832573433,10.2395308633552,9.51168746862854,11.007850161154
"RPL6",13.0786140075491,13.0729426596085,13.5229063274213,13.7726518369534,13.419795096749,13.9932177416325
"MAPKAPK5",10.1966441441589,10.3102491559921,10.1085380507258,9.97898528313693,9.98496651363047,9.77889079107673
"P2RX7",4.33057497578978,4.58878259651035,4.7660846074949,5.25661469107151,5.14598214718274,5.73777627602365
"ESF1",9.06130971675503,9.27286289268798,8.81506742590681,8.96245340169289,8.9919939082137,9.22570893573207
"RBBP9",9.56658951697758,9.69147813161039,9.6881103558922,9.60968203433804,9.58071936662626,9.45980407102384
"ANAPC5",11.1071664120339,11.0265107674153,10.8609087418174,10.9325350207461,10.9110288410295,10.844439294979
"SLC23A2",11.3559101533896,11.4284438769365,11.2344816515194,10.643260682775,11.102568726343,10.2032178759915
"SLC8B1",6.19167384472197,6.00716920758814,6.4803071669202,6.18598823092721,5.97641267591333,5.99399275429218
"TMEM230",9.87682617921952,9.89328060019694,9.90667041293327,10.568249235257,10.1414445290157,11.0494943680911
"DZANK1",8.601192303016,8.72277767559956,8.14299016679706,8.43057005667427,8.37584318476493,8.73491916930381
"KDM2B",9.84648449310148,9.68808954237598,9.95179403420881,10.1011145905158,10.2594651522464,9.42440355969753
"C20orf26",6.56432869610102,6.72179300651678,6.99540769375669,7.89909052633311,6.43837371911831,9.05921691820462
"LHX5",7.32310766257761,6.84436345213363,7.46357654594288,7.11215977246549,7.79883347609376,5.15195654074678
"TASP1",8.62792446314032,8.67784833156328,8.26116683070521,8.52721447592187,8.48875588694496,8.5404183190413
"GCN1L1",10.8775703597348,10.6857527207362,11.162464895276,11.2416953941294,11.2176706331719,11.4029593688661
"RPLP0",13.5604141780125,13.4173265550094,13.9315185681954,14.1781228926023,13.8724957923313,14.4063410752574
"PXN",7.66302429663445,7.62320475048297,7.82589467947357,8.08383476622187,7.77345828366695,8.1324028396901
"SIRT4",6.60979856227587,6.25346714605822,6.49593802186075,6.61569797312695,6.76996117782249,6.33841262084272
"RPH3A",5.43226952355336,5.31286008562374,7.35217632584177,4.82464481268825,5.70876948923922,4.83010453277739
"KIF16B",8.41718915815296,8.54650931110655,8.56997514870699,8.51595529628347,8.45739261302119,9.15029906011076
"TRMT6",8.84845211348478,8.69373400747699,8.32097371919403,8.54023943131496,8.49538823886037,8.375008746827
"CHGB",10.6979547268598,10.5879742465168,9.52392016920357,9.74250629707844,10.5688972840343,8.17580479159128
"PEBP1",12.7975499315405,12.7081638221763,12.4323126616324,12.4144994707896,12.5654104007275,12.2039471190589
"TBX5",5.14109345202186,4.95891832408665,5.33538540566403,4.99090412180236,5.11210946503177,4.76371589021208
"BRAP",9.49882123213004,9.7205168377512,9.50201546713426,9.797653148053,9.76447762255887,9.5761213947702
"ERP29",10.2847550935937,10.0100394582291,10.0804943461064,10.45327284905,10.4128907446768,10.8956197725564
"NOS1",5.49214979402744,5.51016048524524,5.07933519419276,4.71402308857299,5.17836802896297,4.33057497578978
"FUS",9.93779167388947,10.0909386411729,10.4461132792733,9.98849568619539,9.92007665769168,10.1994850365933
"IGBP1",9.97877624218171,9.94907258008944,9.974499704309,10.055308176351,10.0826337306832,9.77186816559728
"ZNF302",10.3913297929382,10.4607581616055,10.2256119665688,10.4048909497321,10.508068444118,10.4449683655608
"GRAMD1A",9.39855757657233,8.82313800716929,9.20932406146196,9.17152231771162,9.51820004463837,8.66503306417162
"HEPH",7.48569998499647,7.60879611156309,5.41912560421338,8.63866057645434,9.07095333839232,9.98030899098026
"CDIP1",9.7392452627055,9.49861492338322,9.46286196008094,9.47113476364875,9.74702869507624,9.25480036981179
"CMTM1",6.111792441977,6.06976574579927,5.78285907365734,6.15492760336544,6.27350364256348,6.05371984338478
"KCNH4",5.72424503540458,5.51016048524524,5.13786241172375,4.64396487703681,5.29596108369109,4.58127373257168
"GANAB",10.4978141239432,10.5745846019193,10.7522876054452,11.3003988304912,10.7708998715575,12.1110584171734
"GMIP",8.29559720822196,7.96164951102611,8.36221278826824,8.24282378603388,8.75863485136611,7.32874891051753
"RBM41",9.08076712991475,9.17129655147424,9.27970077105899,8.7848805302984,9.03807483320352,9.00029043092283
"BIRC5",7.673401304741,7.48263188491263,8.72325281888699,9.33711049088227,8.06359804403511,9.65130978250241
"LAG3",5.70087603390657,5.53524434648493,5.78285907365734,5.58533341826546,5.42310223496893,4.83010453277739
"MLF2",9.92709238178042,9.73919212364942,9.78952666147922,9.90773387524758,10.1166352062772,9.81545238363408
"OTUB2",8.63584797194149,8.51873455296006,7.88956606158594,8.58939905639909,8.76778586449696,8.1511653914015
"DDX24",12.1484563244131,12.1052592777095,11.8565274511031,12.107141291971,12.1897976046821,11.9694520646874
"ZBTB25",9.76471046833387,9.79380839522769,9.52934469316027,9.63672601098936,9.85470198324886,9.6102737796752
"NECAP1",11.7471091104376,11.7699355227049,11.2476962576778,11.1375016063666,11.7140392632223,9.88031966250334
"ARHGAP4",6.59857684600822,6.27946357496297,6.67031052339294,6.54812888578483,6.61873678184173,6.30320502760512
"ANKRD24",6.71709701753066,6.49227442759739,6.27629400697231,5.68460767469218,6.78493148136335,5.67858866699434
"DHX32",9.10757286225941,9.14680417259033,9.14714416613549,9.62457542044372,9.14299568041629,9.71546628796278
"RCOR1",9.08847700654475,9.0845449416309,9.20932406146196,9.53930186408273,9.42538570108963,9.55172369277373
"GPATCH2L",11.8401189916331,12.0047102178034,12.0013848981998,11.5879052538419,11.7081219355323,11.564871645547
"LTBP4",7.61536167932807,7.52424624116357,7.46357654594288,7.63873556371324,8.06657780568588,6.36135507851925
"BLVRB",6.60979856227587,6.41364234346673,6.65662472716031,6.71441314140921,6.66836552419538,7.05332344381605
"SLC9A1",7.39420983209523,7.39551484013009,7.65630972635039,6.81268653696954,7.22633559280886,6.69100632749698
"SPTLC1",9.5373323623839,9.58132163489962,9.57377190540356,9.85893879247369,9.49857331418491,10.3478213015995
"PAPOLA",11.7324413175697,11.7653898383326,11.8658413700859,11.7884047313558,11.6759845937371,12.1305912061266
"CCNK",7.86190181053377,8.05982747804389,8.63863716092216,8.01866490352035,7.91932429112947,8.35629081786045
"PCBP4",10.4774302983346,10.0728683015647,10.587090110311,10.4335178261893,10.7699911783912,9.1440920565254
"YPEL3",7.46787238298213,7.31457793993222,7.36864289908543,7.58183688290282,8.06061204489979,6.85711112771071
"MRPS33",8.7738611411883,8.81486442039938,8.63191691685501,9.10681789211349,8.91669401918567,9.1580203551405
"NDUFB2",9.62999354070297,9.46071639215507,9.68162994925216,9.458475470235,9.41843860496149,9.25191754026147
"NUDC",9.55829078334178,9.3859799742616,9.31154175413897,10.0357841147307,9.99666907417831,10.5518769453784
"MAEA",9.22762321706797,8.91307485178166,9.25807536473635,9.41579159114068,9.58899146038197,9.11899279638269
"ICAM1",5.04742567774093,5.00838899562681,5.19204933581343,5.15028716110163,4.86095996838829,5.94713050764567
"STRN4",10.5942717240216,10.1964384365039,10.5114914614142,10.7182412123836,11.0109375360502,9.99675005792766
"IRAK3",5.46268370782665,5.24729833481842,5.29031095099465,5.25661469107151,5.23931319139556,5.25394328805817
"LYZ",5.26254826080776,5.17594971784969,5.0153475618871,4.82464481268825,4.95674843757777,4.83010453277739
"MUL1",9.0356151437135,8.72056428283615,8.61156529937367,9.14501613350372,9.24209623480643,9.30433728213604
"TFAP4",6.93556526942794,6.77569217432756,7.05821634900997,7.05515127625664,7.43637318374401,6.47030047129559
"PDCD7",8.50350090748699,8.70497427220764,8.32515149771504,8.65585210283206,8.70628302304003,8.66286127681148
"SPG21",9.75021406753562,9.58253895980188,9.76061282904259,10.00197405152,9.74979787325952,10.192741475192
"DNAJB11",9.80617737252654,9.91952159876882,9.6636570750972,10.044277024629,9.90110583707219,10.4587734590945
"LEPREL1",6.37820212442732,6.12926986364968,6.8122948523233,6.02211641227821,5.81067810207035,8.35629081786045
"CHRD",5.67698376420325,5.24729833481842,5.66493901424027,6.46873913714878,6.69250366550329,5.71840792780094
"RAB11FIP3",9.69955466223707,9.46995602440841,9.81787180706001,9.71166151941903,9.79786254810626,9.06415721364255
"GNPTG",8.44754256766867,8.23487670991194,8.6453260878984,8.83552536934532,8.80559602478546,9.11582438106304
"ZNF268",10.0356599577441,10.1764306427061,10.1407776438126,10.1973929270066,10.0745587864429,10.2232098967844
"GOLGA3",11.252613142639,11.0125874892432,11.0240401255001,10.927600997518,11.3304394072871,10.8549166149715
"PABPC4",10.3406399355401,10.0994646023314,10.2498996460247,10.2810250940574,10.4855485543243,9.87283801272375
"CERS4",8.66711173835655,8.52636298817639,7.5525018847791,8.23137932875426,8.68904210188699,8.04142784365371
"MCOLN1",7.49746075667521,7.24126526423778,7.62936499745985,7.42459969106249,7.79883347609376,7.30070367541957
"USP48",10.4045000596278,10.5555038518636,10.5032498788832,10.1642120743299,10.3546775499619,10.3585724360769
"EFNB1",8.97658666733327,8.54650931110655,9.3073367562706,10.1302495953072,9.66724897393888,10.3315427948304
"PDPR",9.70708039894514,9.84135538520762,9.75445107967976,9.5383768537147,9.37124795580525,10.0491317810197
"AARS",11.6674202319654,11.5484719565627,11.3860854707648,11.3217774199169,11.6441070701138,11.401985468847
"GLG1",11.4792748084135,11.5553037158172,11.6764731560393,11.6162164598466,11.6246368627271,12.1544965049363
"KIF4A",7.58817079353714,7.75104724377962,8.6684948890638,9.31674962422192,8.0813839661163,9.67301422215777
"TNRC6A",11.5782936663964,11.7320666761424,11.5952388473372,11.4343838051802,11.4732108100013,11.439488637153
"FCGBP",5.70087603390657,5.31286008562374,5.29031095099465,5.43553531135657,5.26812364332126,5.47749470033185
"PLEKHG2",9.21183054218733,9.00863330186558,9.47228121491397,9.57492168124479,9.22095189762991,9.22570893573207
"DLL3",7.99571614512264,7.63746793871332,7.52347964195245,8.00257068731471,7.87234646332605,7.03971372253163
"NAT14",8.56013643971704,8.3455016641455,8.49415830819509,8.63693004494885,8.71766303466794,8.72246297328624
"PITPNM2",8.13681717974602,7.9654089690686,7.84354444978498,7.36660997602452,8.14194509234496,6.03906618111504
"EXOC1",10.9352865127893,11.0692287205689,10.8091069481185,10.7856253127852,10.9130881296503,10.7306067464192
"RBM27",10.6960658705804,10.8093698560604,10.6858739429315,10.646696310775,10.697288819308,10.8909992525201
"POU4F3",4.87482195210638,4.69525161239808,4.7660846074949,4.99090412180236,5.07654591073903,4.88837907797739
"OSBPL8",12.3065852139224,12.3662464199222,12.2319101139217,12.111964514959,12.3884626669795,11.6397618974002
"DTX2",5.9531937412958,5.90657782030436,6.25772181162451,6.04529202176455,6.04459192115025,6.11061427847656
"PUS7",7.91955666087489,7.81088806238494,7.86097764282631,7.82159149973688,7.45940299913427,7.9691733424189
"LAMB4",5.87520277529963,6.0388771203416,6.0767532850492,5.23135019106063,5.20943279770974,5.11466593771837
"NRCAM",12.3657979149178,12.4442671534747,12.3322326299074,12.4167646688783,12.501297396649,11.4363210712114
"LAMB1",9.35928204576691,9.10503377358561,9.62364758391196,9.15591864530993,9.3137475060278,9.26054876739282
"DLD",10.8387200536329,10.8320527671976,10.4451574941349,10.5486409665072,10.6126388344754,10.773412332428
"WDR7",11.2353769089058,11.2856124982268,11.2526206906086,10.9279539880246,11.2548415553058,10.2759143215744
"TXNL1",10.8608073482025,10.9559796232941,10.6390002964761,10.5245668882393,10.5798280439187,10.229812775578
"IL5RA",4.99520527768772,4.77662214806139,4.33057497578978,5.54997731954909,4.91093888395682,5.50195500208462
"ABCC6",5.14109345202186,5.2124335202594,5.13786241172375,5.05921631031587,5.37441071259404,5.7938961322474
"CMTM6",9.01148267442324,9.00136376179609,9.40304613797014,10.1678039105121,9.17633541602329,10.7547138519721
"ITGA6",9.99012839250781,9.75331169097067,9.77894156671365,10.2898419489583,9.64956312233559,11.6613556315918
"RAPGEF4",10.2780357080955,10.3727722287598,10.0681291965357,9.44964570712947,9.88943493630357,8.69722170369532
"FH",10.3072045959424,10.2083111879806,10.0150053440894,10.1926992999831,10.1741022349946,10.1124380056731
"SEL1L3",7.9238963428382,7.91574418510972,7.7715894574761,11.629515496508,8.48875588694496,13.0082779593306
"TF",7.71416483505751,7.72015244174919,7.35217632584177,6.72119283924033,6.97882523108938,6.37267378303614
"CDV3",11.6731920338258,11.6664642301222,11.3969991083925,11.5744406536329,11.5690450252879,11.721402821217
"MYO15A",6.55271216369173,6.05442078166421,6.23887088147353,5.789777878405,6.2844576999073,5.61588662529712
"ALKBH5",10.3889930903559,10.1699690625735,10.2422160335036,10.5133187666774,10.5615638114802,10.369908365274
"APOH",5.57553933579376,5.81547244195914,5.60065691610817,5.83193623690723,5.79433681434327,5.77550668699715
"NLRP1",10.3260563809632,9.96968269992857,9.93826875983936,10.298059073404,10.4169602729474,10.0900311893025
"PITPNM3",9.56796800352742,9.25311485236932,8.45659579775425,9.17390793758876,9.28856515674562,8.44752634496484
"SPAG7",9.68311280066463,9.35211152887064,9.35496830894949,9.74411156167275,9.815591551336,9.52571313162221
"ORC6",7.01234157832621,7.05347576660264,7.54530215955348,8.15830238138819,7.28963530626763,8.60972755787944
"ZFHX4",12.7832407214796,13.0678484781971,13.0947695242524,12.5764661634586,12.6594201837351,12.0198382774675
"SLC17A6",12.3693575188308,12.3850182198036,11.5904928224072,10.7047078642349,11.596211907045,9.1440920565254
"ZC3HC1",8.76906808702757,8.78552584720267,9.02438124038737,9.07653252401615,8.91340061362166,9.10787268429672
"ESR1",5.04742567774093,4.84495094307666,4.94418431550225,5.7607533951804,4.80549449477315,5.93108273336772
"RGS17",11.6846668170013,11.7345312294185,11.2054278188027,10.7457339792277,11.3621375766433,9.05921691820462
"ANGPT2",5.9531937412958,6.35439345161833,5.93909051704448,5.92458453824114,5.70876948923922,5.881557447727
"TMEM101",8.32860959222088,8.17779909173693,8.49786099064325,8.78175300944217,8.61590372944342,8.84624705286912
"CD200",11.4137486407544,11.4465962187026,11.0014636787317,11.1575069933118,11.5864390535087,10.0656310377034
"CCDC80",8.3512734418971,8.14507566255721,7.5525018847791,10.9321831496973,8.62197469065874,12.3528214849952
"PSME1",8.28217602211833,8.20344870999435,8.50155413570858,8.87860417126332,8.43456251568314,9.20498935292968
"PPP2R3C",8.99926288615758,9.07072180600046,9.22946774065048,9.12542756298105,8.89013307157339,9.08050340540972
"HAUS4",6.16034128042322,6.36646410882688,6.73671357377245,7.44073724444138,6.68450597902808,7.79279483069123
"JPH4",9.76831189842386,9.70607063002826,9.15886348549954,8.69129779065372,9.58279184703499,7.14500941893176
"MYH7",6.44325127059483,6.2134331229608,6.55665892062138,7.0338224137936,6.82164699980973,7.36709066927881
"SLC7A8",8.06015644934267,7.92736006298722,7.18522450335871,6.52481329577584,7.20457967841515,6.40604308854489
"OSGEP",9.39855757657233,9.26529951733079,9.17511183834421,9.33498074982398,9.38912615350872,9.23449826355145
"SLC22A17",10.6712829404631,10.2011992752584,9.916360836488,10.6346356354576,10.6039960140189,10.3464717562103
"RNF31",8.04431735647471,7.78980488734531,8.00373387735555,8.23596810912026,8.31461296790953,8.17885505101344
"SCFD1",10.7036064985809,10.7639777817686,10.7607624857533,10.4454032845622,10.4314012658825,10.8643758548618
"G2E3",10.0226534474095,10.0109436541871,10.0743250280202,10.017319965856,9.9943361497789,10.1889813788266
"HECTD1",12.8430627772761,12.9238713009345,12.8611227309192,12.9446489656209,13.0627590830633,12.8781137563527
"HNRNPC",13.039181013077,13.075860989935,13.1483003778206,13.2539239858441,13.1058823808113,13.2617366081548
"SUPT16H",11.8266591709901,11.9073437107381,11.6397728347953,12.0247253395817,11.9240366744898,12.1174010184576
"TOX4",10.5419499364485,10.6663759565617,10.3685840446182,10.6612071082754,10.7336320260959,10.7613112470012
"GEMIN2",8.13681717974602,8.08421470978172,7.99324667467734,8.28328174582559,8.08726367540621,8.29300692357761
"TGM1",5.9903111609895,5.71625300812078,6.14008014374634,5.74594758405598,6.19402372481779,5.50195500208462
"TINF2",9.42770662393499,9.36065361083876,9.4983320793504,9.79300809192262,9.74610445194705,9.69863523967168
"DAZL",4.87482195210638,4.33057497578978,4.63910910251109,4.82464481268825,4.56883750728876,4.98896808752624
"TBL1Y",5.0958257135656,4.90491546544878,4.33057497578978,6.03376044615837,5.63503194179442,5.8297852851543
"SEMA6A",10.7185705017453,10.7994635960461,11.4408054142493,11.0106006658462,10.8675152371766,11.1760453730508
"TRPM7",10.6434553117393,10.641491237836,10.6111499357256,10.6535431113345,10.505340869973,10.8747098653779
"TYRO3",9.85441239444642,9.39709472954062,9.42843330044212,9.67930321153188,9.73123537344564,9.2198194259136
"WDR76",7.85282058766129,7.81923443275588,8.27851112581537,8.36720331224614,7.72887297181842,8.87090252926426
"CAPN3",5.29925920898593,5.24729833481842,5.19204933581343,5.23135019106063,5.39908280147121,5.07532107295397
"SNAP23",7.86642075436646,8.05278242919946,8.06508672927444,8.8249306724755,8.1163042636743,9.51132507964023
"TBX15",5.29925920898593,5.24729833481842,4.33057497578978,5.47521948736164,4.95674843757777,5.65810362455486
"PHGDH",8.51500835691647,8.40744155608265,9.14714416613549,9.98442747957588,9.70007465370609,10.1882281814291
"COL9A3",4.93817568778476,4.84495094307666,5.07933519419276,5.39408088420441,5.14598214718274,5.3153992589889
"EZR",9.87904850638977,9.72603473652242,9.98769080486723,11.3223145591389,10.0797026176174,11.9929261014668
"MYL6",12.9146476684657,12.6582694040538,12.9178478415807,13.2277153822089,12.9047252523641,13.4883032546453
"AGO1",11.2543254924735,11.4062864808799,11.8413536938937,11.5948130331855,11.2783551905451,11.8908739266568
"TEKT2",7.65257060002704,7.38988622471017,7.54530215955348,8.77075275667069,8.02121416697394,9.36828555752142
"CLSPN",7.25517290337706,7.32643096545362,7.64962153261386,8.30090221630662,7.4639640124845,8.7266270537123
"RFFL",8.81396913356261,8.81070969432837,8.57699109984022,8.44449893134492,8.55585431634013,8.02794453368651
"UNC13D",5.14109345202186,5.00838899562681,5.0153475618871,4.99090412180236,5.20943279770974,5.03357482878391
"MFSD11",9.21183054218733,9.32472236857087,9.0166714329497,8.94159492577377,9.19407706382981,8.93345524101333
"DPYSL2",14.6511231261109,14.5968593257827,14.134325544744,14.4308504324335,14.8618462535733,13.7543045671277
"TGFB2",8.15535599076309,8.19068144629386,7.39298538920024,9.58570677428282,9.0365623514475,10.0019032576359
"GPATCH2",9.75506242136882,9.8342203869539,9.69938140990519,9.96184477515771,9.68761179631344,10.2580809209807
"NUP50",10.5517318800107,10.6426582372648,10.6120018357435,11.0039193627048,10.7767924633635,10.9667253671783
"CDC45",5.93418371095413,6.0388771203416,6.54174004934149,7.67656560704024,6.513522034208,7.78478107247728
"COMT",8.59307457615746,8.38242541971237,8.61156529937367,5.89887096339096,7.68283904712796,5.28523604052962
"CECR1",5.49214979402744,5.69527237656877,5.75456202992873,4.91404266993799,4.56883750728876,4.98896808752624
"ECHDC1",9.78262828932815,9.88738381852671,9.76368385235193,9.64963179121211,9.69337728113903,9.70812688163029
"LRRFIP2",10.5114837209662,10.5349107955955,10.352361243419,10.0853739849347,10.1533424585061,10.0273965119669
"SEC22C",10.7504695264539,10.7445439441126,10.5224074808912,10.6013818147949,10.5113347381062,10.7165735498652
"XYLB",7.2895535690056,7.53953995283721,7.28429996695587,6.77423290581552,6.73951207025976,6.48070743372353
"HDAC6",10.9170241563943,10.6942192253941,10.6230309862429,10.9948502301268,11.2253144299474,10.5882975486228
"GABRP",4.7165496130104,4.90491546544878,4.94418431550225,4.33057497578978,4.33057497578978,4.33057497578978
"CDC6",7.35587515452893,7.42882027812935,8.13348157800378,8.55681386040482,7.13718924578107,8.96550150626289
"UPRT",8.89317901711718,8.95695754193457,8.72325281888699,8.80812242009165,8.87497401227327,8.65414112207079
"CDC23",9.70958026907028,9.75439210305962,9.6636570750972,9.96115489739889,9.74240154044933,10.2268818950932
"AAAS",9.56382858057774,9.23773754230105,9.38918847095614,9.88899409855682,9.87344317484586,9.76783981885991
"CBX5",13.6538616569096,13.848251270518,13.7459052514633,13.6947839065762,13.7215978010154,13.7925829546302
"SUCO",11.4191016717302,11.470120786398,11.3109634413649,11.3560196972716,11.2732342145482,11.9001002420487
"MSH2",10.7185705017453,10.8803383139859,11.0316999856725,10.9363999474856,10.6944180440919,10.9798392558102
"MAP3K1",9.70081168425929,9.87948372819375,9.77438118950172,9.96872545464042,9.73216919907673,10.1044754881381
"DHPS",9.7719043510415,9.49861492338322,9.47040228525843,9.83353056436819,9.98653235487715,9.29456531891408
"HOOK2",7.70913311376738,7.53953995283721,7.60881388150519,7.40827444694496,7.70220203043486,6.88801804929274
"ARCN1",11.1819471380558,11.1567756780679,10.9639227598597,11.2225439038755,11.2170040370039,11.4350520947515
"EPB41L4B",9.60738094053083,9.81260098370768,9.40107461657889,8.82644899120242,9.31499513546089,7.5867205581135
"TMEM38B",7.93683654726281,8.03858705976951,8.29138273173614,8.13390885696022,7.91932429112947,8.21495919100212
"PSMD5",8.30558112606882,8.31936955677578,7.81996234402189,8.72588951096918,8.61184210728188,9.15339255120316
"PTGS1",5.18373077138573,4.95891832408665,4.63910910251109,6.30301855394286,5.11210946503177,6.70857049326097
"NUP188",9.75748049527805,9.61383368388071,9.93009225816982,10.0384026507483,9.87259656821199,9.97157988891
"CRAT",9.09423242154179,8.82931208581064,8.78813386699181,9.19285186357795,9.26680829525021,8.94063860963047
"SH2D3C",8.50926617579326,8.02784701667875,8.20783497667597,7.9917393367228,8.6057280384882,6.9032122694239
"NANS",8.21311353050452,8.19068144629386,7.62254778683394,7.92211078054445,7.96799393447305,7.82440493355072
"TBC1D2",6.41762377436216,6.25346714605822,6.57141063641404,6.46052802040793,6.84320759903549,5.97857887220761
"DFNB31",7.24819384114694,7.13031363970509,7.3271073717309,7.23825186811295,7.36003032060166,7.4960534462844
"CWF19L1",9.15423236315607,9.16480589922472,9.09197085184009,9.18222660334164,9.13029141831288,9.1456463191189
"SEMA4G",8.41718915815296,8.36266177971322,8.09480102749024,7.50349580743111,8.02428372515973,7.29502642405222
"BTAF1",11.3362383201863,11.355596617815,11.4360032249596,11.4755306605409,11.4821152553056,11.5305279870605
"IKZF5",8.48313792825853,8.4641679579657,8.51987851266151,8.30963174811785,8.33942017719165,8.60747038819856
"TLL2",6.41762377436216,6.09988234759329,7.38491811861045,6.33065288233021,6.82164699980973,6.16496703674859
"CYP26A1",7.87092537703759,7.9691585288187,8.61838128862913,10.4008272777596,7.73264244605026,11.7187980537326
"SORBS1",11.1227171697181,11.3304731033748,11.2166717289841,11.2541355726544,10.973932726145,11.5967152381365
"BAMBI",6.30967770216152,6.15796744435664,6.14008014374634,8.73238497806447,6.8990831194017,10.1531487501173
"IL11",5.81299943796065,5.40267998277688,5.75456202992873,5.60255728389094,5.84266003333913,5.03357482878391
"MYO3A",5.76951971169128,5.81547244195914,5.41912560421338,7.08653824488785,5.59610890044655,7.046535392754
"WAC",11.4125989737346,11.5074283415553,11.274843901685,11.3773709988759,11.4390350907283,11.518895969629
"CREM",8.344834584039,8.2777468188277,8.05504282183853,8.09145879024988,7.82376295836512,8.47998702889976
"NUBP2",7.85282058766129,7.44518124642502,8.13348157800378,8.16794432804148,8.25064563604669,7.77672179555769
"HIVEP1",10.6903844138857,10.7978932113485,10.5879563371494,10.550476279566,10.6977667267929,10.5121073601171
"FKBP5",6.41762377436216,6.31748106638303,6.49593802186075,6.66596874216255,6.15834206985003,6.34993536391042
"SRPK1",10.9768475772315,11.0933266086276,10.6793863730454,10.7926202553523,11.0186085062375,10.390353110686
"BRPF3",9.32707163117772,9.44607614639958,9.93554840932711,9.34453987534675,9.44830361650736,9.09505785200406
"MRPS18A",8.70776510855364,8.41019435047483,8.76989350743494,9.02459556593177,8.79489427307196,8.8858675645699
"TMEM14A",10.0778641690607,9.9030552761839,9.49278927708468,9.51975080848467,9.73868908981691,9.1456463191189
"EFHC1",9.92601807171921,9.90500228228079,9.97846972414403,11.0422470514284,10.271074028478,11.9362022921471
"HSP90AB1",13.925606449852,13.8761730266783,13.4561721036125,13.7957523588741,13.9139560522789,13.8315003382216
"CDC5L",11.2717608691798,11.2736111178488,11.0189108600119,11.3099094699111,11.2789940361689,11.3035525313934
"ITPR3",5.85484684019812,5.6520241287847,6.0767532850492,5.4150421589993,6.12159469522682,5.3153992589889
"ZNF184",9.50170948542293,9.46203997398007,9.31363965669937,9.4643320496292,9.32121711763132,9.37094476386717
"DSP",4.33057497578978,4.90491546544878,4.33057497578978,4.55239249687834,4.86095996838829,4.76371589021208
"SIRT1",9.52034328109943,9.63158387483697,9.73267508908087,9.62805748605556,9.68761179631344,9.55990225490298
"HNRNPH3",9.75748049527805,9.87353011455324,9.80451462501076,9.84479532791166,10.2813151476791,10.0433121394199
"IFT74",8.64895738851833,8.76634396910689,8.58048625117165,8.96245340169289,8.62399265091434,9.61588795758608
"JAK2",10.3566727605819,10.5702980581486,10.45183472531,9.8053617934796,10.1166352062772,9.64473418188173
"ABL1",10.6290075547729,10.51720429923,10.8921018799277,10.8813251933838,10.9069014225923,10.8615445909114
"ACOT7",10.1207470138208,9.62922977916301,9.94909911268884,9.9070176017095,10.468844892213,8.73491916930381
"SH3GLB1",12.0878092270417,12.1950852021907,12.0036584708583,11.670802906451,11.8560934723949,11.3239209249591
"CDC7",9.18331956688118,9.11516980833788,9.03459711917213,9.48752310362095,9.42654029947296,9.06415721364255
"SYDE2",6.48076738158518,6.42517175702489,6.99540769375669,7.04984994513719,6.21725309445207,8.47998702889976
"PCSK5",9.08847700654475,9.02843713817398,8.84441318329675,9.42783117672129,9.21026210316021,9.79283420864744
"SCD",12.6332357503577,12.7874483494886,12.2013913247856,12.6803616316033,13.0513999455746,11.6762006412877
"TMED1",7.43152415055498,7.03175530872374,7.17585758764933,8.10407567937615,7.55648106711701,8.27032234655235
"ABLIM1",11.8803155078104,11.9725927327209,11.6183136951805,11.6819371084552,11.9481351895694,12.7846921527208
"ERMP1",8.97658666733327,9.10503377358561,8.97749001891469,8.65414218569472,8.68131251477216,8.94778626948371
"RAB18",11.9703156436717,12.0028940691415,11.565646536243,11.738770695148,11.8423283476992,11.5657415900523
"NRP1",10.3772524414271,10.434045437827,10.0866373768971,11.3444312704988,10.4163796144101,11.9657220336868
"HSD17B7P2",8.17728956042556,8.07033023615464,7.92864829383441,5.47521948736164,6.20569266903883,4.94087121374919
"PRTFDC1",8.48898549385237,8.52382468248111,8.83567220572049,8.85052643171638,8.47539841908288,9.59329878168596
"PALMD",5.87520277529963,5.90657782030436,6.95188035432216,7.54507410269512,6.7624132232569,8.34819333498937
"TSPAN15",6.69631622744201,6.69400971602305,6.74960856768488,6.79998987983057,7.17689695338959,5.97857887220761
"H2AFY2",11.1297306525266,11.0193413431658,11.1425586993261,11.4034963382902,11.4793385159782,10.6886233719132
"FAM21A",7.02883500481642,6.98725741936592,7.18522450335871,8.73238497806447,8.85794096092759,8.87278170129689
"MAST3",8.22017182526003,7.98034834265512,8.3334706512509,7.44873701099171,7.91601970225924,7.40966184429143
"MZF1",8.52357874480435,8.38242541971237,8.38239530543292,8.58760805312461,8.54524208458489,8.41172633116895
"OCEL1",6.02629639048941,6.11466471136286,6.25772181162451,6.18598823092721,5.67254547946021,6.15160304901779
"MYO9B",9.38454146792885,9.20490038255927,9.87009603223881,9.91416437051536,9.67795109392997,9.85680937982031
"CATSPERG",7.19833542104688,7.51395740488749,7.11828713660677,6.95645192050632,7.17129355743574,6.64605828080328
"PSMD8",11.0726441009303,10.8679187820435,10.7429851308361,11.0728948379088,11.0447645185805,11.0411777520635
"FBXL19",9.86902093963329,9.40949714200264,9.57726759434378,9.56949870621213,10.182323168477,8.39610532840677
"STX1B",9.86902093963329,9.91952159876882,9.62026276459832,9.04689829242072,9.88272317544928,7.60051823044533
"HSD3B7",5.85484684019812,5.34383018699978,5.78285907365734,5.93722994218226,5.70876948923922,5.9629602809734
"SETD1A",7.45586048096702,7.50878465907413,8.02961915669745,7.67316801531201,7.76979592090996,7.42529865342838
"BCL7C",9.08269847586965,8.98487169429212,9.01924596320379,9.21502864595236,9.33358099775476,8.9760268314011
"EFNA2",7.74398555506371,7.24126526423778,7.36043382064508,7.63873556371324,8.0813839661163,6.30320502760512
"CIRBP",12.2424673172559,12.0867314918253,11.8075474906414,12.4428089871322,12.4926489482742,12.4005724938758
"ATP5D",7.25517290337706,6.84436345213363,7.28429996695587,7.27033258636037,7.48206152541301,7.046535392754
"C19orf26",7.13148432506259,6.55609522107361,7.48634011036382,7.12730784464336,7.74015144791177,6.45980961472376
"PCDH11Y",10.0115555344476,10.1297472146161,8.99851952195043,9.63153115681897,10.4105601333415,7.05332344381605
"PRKY",8.37041808834304,8.43743525109495,8.73896859456404,8.46025361903124,8.30708618189687,8.32911917638599
"HNRNPM",10.3470744724477,10.4259341689723,10.4288114693756,10.6132836780447,10.5741127414149,10.9148659295094
"MARCH2",8.84617881199788,8.58109853610596,8.65198398976558,8.7144512711863,8.66963954531538,8.462599597548
"NDUFB7",8.26862773983864,7.7597520469772,8.30836671377887,8.62824595144245,8.68904210188699,8.03806895081865
"TECR",8.23418472593573,8.17456027369429,8.26986526502253,9.26399129666955,9.08419002083006,9.62482538688536
"TIMM13",8.47726641310471,7.87232222785439,8.37031995901842,8.63693004494885,8.73269745384022,8.36701671733974
"CDC34",8.85976499569522,8.5084997679839,8.95883351473242,9.08289476215242,9.21561692396593,8.76559509945436
"MTAP",8.93441813638862,9.06724516950701,9.35903667418322,9.21271027326648,8.90844631601676,9.41798944874487
"MISP",5.22411723473243,5.31286008562374,5.2426758087291,5.3280834021818,5.26812364332126,4.88837907797739
"CEP170B",9.38610556689202,8.95883543783139,9.15418720389201,8.79422245037405,9.42999855131585,7.46616498671517
"POLR2E",9.30408778983115,8.90140345591132,9.21831162784639,9.78523290682312,9.81206315480024,9.5761213947702
"POLRMT",7.73411488001588,7.33232000194245,7.57388309620775,8.21054558503974,8.43456251568314,7.99713254947996
"HCN2",7.47384006337657,7.04627361157714,6.95188035432216,6.84391681936885,7.19357270284301,5.71840792780094
"IZUMO4",6.26671530794524,5.51016048524524,5.75456202992873,5.77536139914715,6.2287072513673,5.89830401412361
"RASSF7",6.52916670743809,5.95795537545197,6.05488661074004,6.5090360851835,6.64378255741951,6.06819675099262
"GADD45B",5.85484684019812,5.48441204341114,7.26680255576584,6.87444438951238,5.81067810207035,7.83607962613993
"PALM",10.2152300608731,9.73372447065484,10.0316586006782,10.2996968940711,10.7129767488229,8.82504918771244
"MADCAM1",4.87482195210638,4.90491546544878,4.33057497578978,4.71402308857299,5.17836802896297,4.98896808752624
"MKNK2",8.3480576326007,7.95031121423043,8.44513237632328,8.85499638697564,8.65195018122067,8.65414112207079
"ARVCF",9.38766796890965,8.78128528618915,9.33651706677462,9.53930186408273,10.0560366749413,8.64316590535277
"TRMT2A",8.01616840558309,7.60879611156309,8.08496485668686,8.4950810177533,8.5259399289731,7.84765914901282
"RANBP1",9.62205308417768,9.4882593591773,9.78348755889255,10.2576210344277,9.97868608459249,10.0206422695901
"ZDHHC8",7.45586048096702,6.93345017433381,7.35217632584177,7.54507410269512,7.72887297181842,6.89563633808235
"KLHL22",10.0024114438115,9.76085762106256,10.0111348106684,9.85745652553697,10.1442528878852,9.66869940996807
"MED15",8.68758229762323,8.70497427220764,9.2205497782648,8.75169696722551,8.90844631601676,8.53091881779662
"SNAP29",8.95354714924206,8.97933204224389,8.85310131906389,8.89026423806686,8.78771523027141,9.07398719875292
"CRKL",11.5086249254959,11.4595656260672,11.4837859716298,11.7070391870926,11.5784171327467,11.6616269088861
"LZTR1",9.86790244703591,9.42586927764961,9.52753878717314,10.0166561380695,10.2180818667649,9.57842358065742
"MMP11",6.99564779673892,6.58688018095247,7.18522450335871,6.04529202176455,6.8853279124242,6.05371984338478
"CECR2",8.55735715223255,8.82519898215955,9.24933341612418,9.73606729742646,8.90181391526014,9.86908257426169
"SMARCB1",10.5538194064697,10.3957963060765,10.5114914614142,10.7441311835351,10.7790524499342,10.6332586753071
"P2RX6",5.79147317606317,5.7368316223205,5.96317797384801,5.45558649408591,5.87375914045291,6.03906618111504
"DERL3",5.22411723473243,4.95891832408665,4.86296472820736,5.56781120866857,5.46935070319513,5.75680447202851
"SLC7A4",6.33753079965724,5.87100821421757,5.33538540566403,4.91404266993799,5.81067810207035,4.33057497578978
"BCL2L13",10.3422512635491,10.3957963060765,10.3645454222732,10.366336830021,10.2749229769525,10.4780044803574
"DDT",7.24117963765951,7.13709168804272,7.275578697877,7.2748558624593,7.36492552916603,6.79310186108496
"CABIN1",10.5813681551161,10.5260847217984,10.8421542734609,10.8225456854866,10.6202220763005,11.1379456924479
"TBC1D10A",7.27590283438528,6.92558771782441,6.71054607635312,6.72119283924033,7.37950932416922,6.50127544507696
"SUSD2",5.43226952355336,5.37374005388151,5.33538540566403,5.28112095084593,5.07654591073903,5.37273133131448
"SF3A1",10.0326688538208,9.99000229833245,10.3513412328595,10.2440747280582,10.3203263873812,10.292829351069
"RNF215",8.7738611411883,8.30760036652845,8.56997514870699,8.71772864628175,8.67159164285877,8.56854507780522
"SEC14L2",6.93556526942794,6.81046349923715,6.68385737112564,7.11722758116921,6.40903241569879,7.94783775386725
"SPECC1L",9.52176671564277,9.42315348053761,9.70098438789616,9.86706412443217,9.84954817173239,9.61588795758608
"PPIL2",9.64835284738618,9.40399814063403,9.53654576285002,9.42783117672129,9.6584331827196,9.26341438135149
"UPB1",5.5207400332063,5.71625300812078,5.33538540566403,5.02596345433389,5.07654591073903,5.11466593771837
"YPEL1",10.7456076707475,10.7204302729735,10.485694754806,10.392153764321,10.8063428763602,9.11740946080916
"SNRPD3",10.2413725456906,10.1828633941906,9.96785861086943,10.3793030718089,10.2685023431711,10.4007929063512
"PES1",9.68056654897455,9.39986006628348,9.61856736835092,9.9680388627361,9.81382843282062,9.99157837098357
"MAPK1",12.4287540219233,12.4146907235935,12.2404731415957,12.3539261853032,12.3253873279922,12.4750051046755
"GGT1",5.9903111609895,6.29226341962715,6.3126379774091,5.56781120866857,6.00415649635366,5.37273133131448
"PRODH",8.79051201102661,8.35696456156378,8.74209121903283,9.01397929669736,8.23750160145687,8.27317766751525
"PPM1F",9.50026608267283,9.10672807900063,9.3073367562706,9.39038112814611,9.61453981834653,8.83472335947809
"SLC35E4",7.18375548402539,7.00225076772355,7.07853172863903,6.74132882678262,6.99805561656189,6.45980961472376
"TOP3B",8.73260115285752,8.20978982772904,8.77294969540263,8.90470756782089,8.85107081666072,8.56389541627863
"DGCR14",8.97450735232434,8.60770260658266,8.83859177605447,8.85499638697564,9.30246992263291,8.52853407857159
"CRYBB2P1",8.40176786248422,8.69824067719828,8.41410721881369,8.45829372797316,8.56848622357422,8.57086426954066
"MFNG",5.62750733317344,5.28072429172865,5.88936033417274,7.10196809322995,6.15834206985003,7.35078694996982
"CARD10",5.46268370782665,5.05426032044833,4.94418431550225,5.20526093226038,4.99924798284876,5.5258120673756
"LRP5L",6.90898517037246,6.74000049684547,6.88387612917015,6.1653683000969,7.08440384257953,5.93108273336772
"SLC25A1",9.40474343802344,9.07419006118042,9.21382485946965,9.74571504013572,9.68953618885242,9.29456531891408
"ADRBK2",11.4327760824881,11.4789670202098,11.0310632153327,10.7529245994111,11.2834580510827,9.48456783090704
"PLA2G3",5.0958257135656,4.95891832408665,5.07933519419276,5.25661469107151,4.99924798284876,4.88837907797739
"GGA1",9.31069212483879,8.83954363430369,9.08707167074037,9.5485194464961,9.48201092031927,9.13473106210508
"HIRA",7.14662114384871,6.94126765350759,7.43264003745993,7.34100315303529,7.23172182181531,7.046535392754
"SH3BP1",4.93817568778476,5.17594971784969,5.49586482724437,5.02596345433389,4.86095996838829,5.22140032273235
"SEZ6L",9.97981195790052,9.971541817242,9.77590291920157,7.24288030421585,8.46642378882248,6.7682951030033
"LGALS1",5.9531937412958,5.60690679268508,6.09823090651264,6.43557845627955,6.10909595759182,7.1886712995919
"HPS4",10.174201065035,10.045772115206,10.1607129164121,10.141862474225,10.1589076909101,10.1707951486016
"PIK3IP1",7.52643984619218,7.61361533928163,7.88389418139776,7.3323623405347,7.82376295836512,6.74302312567997
"NOL12",8.33836663722997,8.20978982772904,8.2258341973096,8.39616812554411,8.49759222236428,7.78879360873929
"SRRD",9.61939651093801,9.44339822117206,9.33445225746564,9.5558512826385,9.49417526294008,9.61252207666058
"PATZ1",10.0671847850706,9.92624755274738,10.1490196943792,10.2217868823887,10.4451298804881,9.81349961608177
"TRIOBP",6.9787484957864,7.06064047442664,7.36043382064508,7.3105237476609,6.83605876652294,7.67625765763734
"TFIP11",9.85779676276125,9.72272653330518,9.68487379556799,9.88754243514659,9.99822226229933,9.79382502400382
"GCAT",7.09290167116183,6.70333499340347,7.47879312224272,7.85489669964497,7.58601778618675,7.71054342470368
"ANKRD54",9.00334769545298,9.0444398969378,9.10898779625106,9.54943796923908,9.53863108094688,9.88776267837736
"EIF3L",12.3723171608926,12.3491939949949,12.5618282762236,12.8574707082805,12.7577947099544,12.7876778435268
"NHP2L1",10.7419504934738,10.5891853451814,10.3786313912769,10.6329044189924,10.8521416909736,10.3994920576618
"MICALL1",9.93672531129211,9.67787569914652,9.71691685228939,9.7742766917795,9.97316817368867,9.89793447204031
"POLR2F",8.73013678680276,8.55647734205739,8.74831617567287,8.88735807625832,8.94277315184952,8.88214088658023
"CCDC134",6.97022010436025,6.90972567126368,7.40898199943496,7.53385572028899,7.41767348983945,7.72737996107839
"DEPDC5",9.08655340724694,9.0845449416309,8.93448532338502,8.78800125772473,8.92979271367827,8.66503306417162
"PICK1",9.23284917116764,8.77276642812238,8.09969380630289,8.90757890178793,9.33358099775476,8.38295642421106
"TTC28",11.7780892320341,11.7866574889339,11.9355447209673,11.5225649020215,11.8148382871078,10.9936972241729
"CENPM",6.00844026539826,5.55970553524277,6.55665892062138,7.00119606273514,6.03126530424217,7.15762512229537
"SEPT3",12.8251735805624,12.8792788617018,12.6940035249035,12.3651777609413,12.9421098180501,11.4379057236077
"TPTEP1",4.60390596466056,5.13762512309315,5.2426758087291,4.55239249687834,4.66714835127326,4.33057497578978
"KDELR3",5.36825224778896,5.60690679268508,5.63329680407505,6.20627032032873,5.37441071259404,7.08014625782913
"CYP2D6",6.00844026539826,5.81547244195914,5.7255112363932,6.05671361986226,6.19402372481779,5.61588662529712
"DDX17",13.9223791655047,13.9500769138411,13.9211609806748,14.139785416732,14.1178920574441,14.3792167308928
"DMC1",5.04742567774093,5.37374005388151,5.13786241172375,5.3280834021818,5.23931319139556,5.15195654074678
"TCF20",11.8523242489104,11.8629794693898,11.6330748559595,11.4779432588691,11.962124990914,10.5922880864765
"HSCB",6.56432869610102,6.51389521262857,7.0271704621372,7.11215977246549,6.66836552419538,7.34530990145589
"CBY1",8.72023681804644,8.58353757450613,8.56292471789015,9.36451423457152,8.76230225491156,9.9698277075413
"TOMM22",9.75627196548309,9.59586208477016,9.65541288542439,10.0179834881055,9.84005138577964,9.85965094543341
"RTDR1",6.54099217405613,6.58688018095247,6.25772181162451,6.85007747191337,6.66022149182736,7.15133162417071
"XBP1",9.47256298712832,9.2878714723138,9.56146976290134,9.70425845026474,9.52576102298762,10.3192121720972
"RTCB",10.2872668124115,10.1553237515669,10.2144354031555,10.6075654106671,10.3691526147742,10.7834195874245
"JOSD1",10.5510353658377,10.4061414945366,10.1036999039303,10.3527271082407,10.4348456916999,9.83675999736168
"FBXO7",10.33498606586,10.3407713113736,10.3318226714653,10.5296931031699,10.3504281401074,10.8290623951294
"GTPBP1",10.0196352068638,9.9272058464861,9.7819738208955,9.96460098933691,10.1130559086806,9.81252223922528
"POLDIP3",10.6635709485091,10.5928125509434,10.7131251157187,10.9982158203547,11.0862361056378,11.1147518257534
"RAB36",7.9152037029292,7.80249233411158,7.8318023376384,8.92326954298752,7.9127074203427,9.92622017298321
"TIMP3",6.00844026539826,5.88893120691801,6.78756865288512,7.42865150172668,7.04190649928189,9.02921346567643
"PPP6R2",10.42060488112,10.1577749907365,10.1872527932729,10.5577942644159,10.6600060891122,10.2158377263092
"SBF1",11.5359826724314,10.8887229231118,11.5123527516425,11.421656967552,11.8447035954149,10.234197956143
"SUN2",9.91847539843675,9.58375525699587,9.80898078778316,10.2643467609183,10.6595155018672,9.40507488690959
"CYB5R3",8.93869107491571,8.82931208581064,8.95883351473242,8.92893303956472,8.98886871128201,9.22276719298563
"DNAL4",8.47137075015292,8.21924907137084,8.29989991996498,9.01929722586009,8.63803948388853,9.31542462635113
"LMF2",7.69901571886135,6.86924378332948,7.58795930644445,8.18228632444168,8.14476585961214,8.16661474546285
"RHBDD3",8.344834584039,7.99513266426283,8.19874965625953,8.67789765338904,8.94115699109686,8.388230479572
"PACSIN2",9.44281449952478,9.29383136715744,9.40894456001009,9.83654312030927,9.70388779439902,9.77387812430708
"TTLL1",9.18151873839169,9.10672807900063,8.98277629335664,9.61933649251355,9.46188134231831,9.5989793654791
"RASL10A",4.99520527768772,4.84495094307666,4.7660846074949,5.23135019106063,5.11210946503177,5.22140032273235
"AP1B1",10.5969736158959,10.2813167444038,10.6145545207135,10.7918447126613,10.9139110225896,10.5860122739545
"HMGXB4",9.54575235510021,9.49474030586583,9.26025258226211,9.42483070270163,9.59824114510191,9.51011956313806
"TOM1",8.344834584039,8.13844004306714,8.49786099064325,8.47389833002732,8.53669540293574,8.65632613171377
"NEFH",6.35123217836489,6.34220771365591,5.75456202992873,5.60255728389094,6.2287072513673,5.5258120673756
"CHKB",5.9531937412958,5.34383018699978,6.09823090651264,6.01035734573399,5.97641267591333,5.42659714675519
"HMOX1",5.91485715615986,5.92395793531019,6.25772181162451,5.89887096339096,5.82678316373963,6.3267847648848
"MCAT",8.51500835691647,8.42387953790099,8.39833901483169,8.5439392243761,8.53455075113621,8.87278170129689
"THOC5",9.97254627217298,10.0235432080352,9.98900330029094,9.90916535541815,9.95888150668698,9.57381552416393
"MCM5",7.7827951013011,7.61361533928163,8.96952399330208,9.65646789811103,8.35410074742384,9.41154664392642
"ARSA",6.77757659703764,6.43659925234347,6.54174004934149,7.34959092106743,7.18803634019307,7.28360218235551
"TSPO",6.32368052195683,5.77685464919912,6.09823090651264,5.3280834021818,6.30608491752984,5.93108273336772
"RASD2",6.30967770216152,5.83429039028268,6.43225541936395,5.51331587387945,5.63503194179442,5.47749470033185
"TTLL12",8.71775112588941,8.22238829450998,8.89015460981113,8.8249306724755,9.21828688247022,8.55689254420254
"CBX7",7.09290167116183,7.16387706458242,6.84855731667408,6.97900650440671,7.45940299913427,6.6642196588643
"PDGFB",6.22223378738274,5.85279833732561,6.25772181162451,5.7607533951804,5.63503194179442,6.11061427847656
"CABP7",6.48076738158518,6.41364234346673,7.24013763794434,6.42715403265457,6.3991018748316,5.9629602809734
"RPL3",12.554642497624,12.3516933959748,12.9395546060413,13.4026626649829,13.252131298045,13.5522442297469
"ZMAT5",7.73905881029305,7.29056586476305,7.98268170929863,8.24737604559895,7.99328654100108,7.86675109047803
"RBFOX2",13.8905289165709,13.9369994424851,13.5328353756946,13.3908689894281,13.9127217076241,12.2200610178485
"SYNGR1",11.2047088596927,10.9484499761294,10.6580979345474,10.284337735571,11.0074722450677,9.21538642544446
"TAB1",8.7738611411883,8.46151701385177,8.70095774384844,8.79887073063167,8.90679108220131,8.56854507780522
"ASCC2",8.73260115285752,8.76419675287601,8.88733802173831,8.61950899426717,8.81798148867854,8.73077909581354
"MTMR3",11.3220209308112,11.2641650666807,11.2189100318599,11.3322157271308,11.4264040366918,11.4283715921477
"MIEF1",9.93565815924814,9.94718423814957,9.91911760530514,10.0059931093679,10.0716111932806,10.0615238922423
"APOL4",5.26254826080776,5.34383018699978,5.33538540566403,6.1757212913575,5.59610890044655,7.39384877311
"PNPLA3",8.8301642122989,8.82313800716929,8.15713539366096,8.57500803822539,9.40912337299681,7.5867205581135
"MYH9",9.27060389541086,9.03379119653601,9.69617009451278,10.4180193511778,9.38675517893996,11.579015459993
"CACNA1I",8.19889151572816,7.90794724598954,8.02961915669745,7.70345665799784,8.53240288755316,5.77550668699715
"SAMM50",9.45180373741922,9.40812435886994,9.33445225746564,9.21965421899244,9.24471757186586,9.33870551759448
"TXN2",8.84162139295442,8.65252448181681,8.60471678266823,9.00997790682076,9.1260316168917,8.96373977128747
"FOXRED2",8.48313792825853,8.63146744613922,8.65861115442126,8.37553891920523,8.61387435525855,8.06801793626152
"EIF3D",10.3748927972328,10.4211814403355,10.7676596293125,11.029145331187,10.7549144913907,11.4029593688661
"TNRC6B",12.3746805106152,12.5969884511209,12.6925950222935,12.1489211369035,12.2493579605611,11.9001002420487
"SGSM3",9.19407747491802,8.65484519824644,9.15652724409517,9.41478373446348,9.5396984136465,8.93165377732011
"IFT27",9.66905240642446,9.68015170689161,9.47790334252625,10.3548292903497,10.0020979270531,10.7373150811962
"KIAA0930",11.4571423853903,11.2167677693656,11.1647888424855,10.9813087856791,11.5956991935965,9.95838631889027
"SLC25A17",9.04158552640238,8.99405729168664,8.7137401384434,8.90757890178793,8.85622650111369,9.22717755568559
"FAM118A",8.43244623192903,8.31936955677578,8.19874965625953,9.797653148053,9.44943999520147,10.247997026138
"KCTD17",8.87098952953717,8.6100968777848,8.71055519067675,9.61407844575712,9.30372735856032,9.88404597470252
"ST13",12.1123276438168,12.0755427181502,12.0671486992547,12.2769091705015,12.0468967924766,12.5129355245533
"RBX1",8.66194816560455,8.57865534434949,8.42582051594171,8.74207342933317,8.72331940145372,8.6993421716549
"EP300",10.7775162349231,11.0215856185853,11.2898263427807,10.668830594538,10.6958541459686,10.698705643542
"L3MBTL2",9.77070786156682,9.61025725292547,9.52573061442293,9.91701318587131,9.95648656869731,10.1012781269036
"CHADL",5.04742567774093,4.90491546544878,5.2426758087291,4.71402308857299,4.66714835127326,4.88837907797739
"RANGAP1",10.5579854162325,10.2662513291417,10.3099376209945,10.5198908279236,10.669782952292,10.1399655277335
"ZC3H7B",11.4575140554883,11.210092690789,11.4331142191488,11.7858755490652,12.089762416469,11.3146354733464
"PHF5A",8.97450735232434,8.80445499341524,8.93175434153875,9.19989204179019,8.99977731842302,8.85387849985259
"ACO2",10.833001739108,10.5254522161921,10.5224074808912,10.7092331046889,10.9002728878518,10.7155286018744
"POLR3H",9.99320898101777,9.84237179343631,9.86008842746915,10.0501275589323,10.0848281613554,9.94060492323376
"TRMU",8.68503938204081,8.54149919794881,8.75141856655928,8.78800125772473,8.99977731842302,8.24436467501735
"PMM1",8.83933725239579,8.5639081702684,8.31678371072775,8.57500803822539,8.82325703842479,8.32086608716149
"DESI1",10.0951706672327,10.2067337917037,9.9994604651227,9.83954939263372,9.98104445313014,9.51493558777587
"CERK",10.7179500915183,10.5076284845677,10.9692509719132,11.0549076638139,11.0428850125795,10.8266448766864
"BRD1",9.91197868666925,9.66299336912098,10.1407776438126,9.9070176017095,10.2575212202589,9.48946990026244
"ZBED4",10.0326688538208,9.95941447389744,10.2300584467213,10.3777532646249,10.3234269433678,9.75161287714338
"MLC1",9.02158711969971,8.76634396910689,10.1431373271051,9.0113129406992,9.05011777622151,9.69651746859007
"HDAC10",4.99520527768772,5.28072429172865,5.13786241172375,5.39408088420441,5.29596108369109,4.94087121374919
"KCNK10",10.4619510966718,10.4607581616055,10.4716828974577,10.1582057244156,10.4772209073442,9.20349790702709
"ABHD4",7.66302429663445,7.48790146963411,7.86097764282631,8.031939315567,7.7916296063901,8.66286127681148
"KHNYN",8.4684138006245,8.29573358513945,8.67504644412205,9.17390793758876,8.48875588694496,10.0078921339111
"FKBP3",10.5370339708019,10.5411822261337,10.5573244855224,10.5491000137828,10.6668568460458,10.4600219391034
"SDR39U1",8.55735715223255,8.36266177971322,8.56997514870699,8.58222159038262,8.94438749809435,8.45508278664294
"RBM23",10.8636147474901,10.7634414738343,10.7538322013611,11.0674581171837,10.8827266494647,11.1210786331829
"PRMT5",9.9431116859712,9.87154009931891,10.100060609202,10.3094849433857,10.1972742082339,10.4537687023789
"COCH",9.64965531825665,9.50119222375573,8.84150542723184,8.6996098123949,9.41029107734346,6.97674618414927
"AP4S1",8.69770916277194,8.72719425366383,8.58048625117165,8.37553891920523,8.43225937392801,8.21198510259766
"POLE2",6.63196100526831,6.57669813123392,7.10845497857026,7.44474282247544,6.7774670989655,7.4201057192974
"VCPKMT",8.06408889101343,7.97662816360005,7.96668587520299,7.75254127791786,7.95195488704681,7.6366663069708
"SOS2",10.8461201301212,11.0112329153207,10.839247203049,10.9126968442693,10.9130881296503,10.9134996882159
"CDKL1",7.3493827656466,7.67941399406605,7.12804990920464,7.14229192927363,7.10811313039174,7.59133478252114
"NIN",11.5524300883191,11.6532095893215,11.8127432959541,11.5778186040614,11.3768342768524,11.4883286684846
"PYGL",7.76836569039717,7.87232222785439,8.55228367163176,8.30745435225579,7.27928293246356,9.3427751186104
"TRIM9",11.162928690377,11.1794655982031,11.443679073056,10.2372535500251,10.866240348401,9.67085843112171
"PSMC6",10.6237177327166,10.6209143901117,10.6753167725352,10.6035932866747,10.6397539039646,10.6497641876387
"GNPNAT1",8.89317901711718,8.80445499341524,8.85598573220306,8.78955908314987,8.79847038748619,8.75136115035332
"DDHD1",10.3470744724477,10.3277694152398,10.0020629466641,10.0494786708118,10.092845950534,9.62705110862998
"CDKN3",6.36478816236259,6.44792678694728,6.51138402021999,7.27033258636037,6.17035088062347,7.85532673182994
"CNIH1",9.51606451869675,9.47782880725864,9.54728032117247,9.48368376482266,9.53756295687157,9.59329878168596
"CGRRF1",7.9152037029292,7.88826584910203,7.94507471577092,8.48741438657549,8.17543212017706,8.65414112207079
"ATP6V1D",10.9061725808426,10.9342250604692,10.5931428006612,10.8511185012255,10.9044192904434,10.8032281756342
"C14orf105",7.70913311376738,7.74667471801027,8.13348157800378,5.74594758405598,6.79973756323268,4.98896808752624
"PIGH",8.144261606223,8.23487670991194,8.19418524668406,8.21752395515374,8.38301792117354,8.8327937281246
"PSMA3",9.56796800352742,9.5886102033464,9.47977251912826,9.83804704028326,9.6535121140947,9.99675005792766
"VTI1B",10.4365318314018,10.4068285421324,10.2189164299735,10.3007877419361,10.27620368005,10.2737859225824
"TIMM9",8.06015644934267,7.86428286000716,8.03984308046441,7.82770536343745,7.80957118629394,7.69350433219138
"GSTZ1",8.68249195481236,8.5339510607216,8.65198398976558,8.56593979267541,8.09603806330343,9.02246018359891
"KIAA0586",9.55133846675851,9.72603473652242,9.69777664677244,9.75450242153851,9.71243064703405,9.5864523835736
"TMED8",11.0677833172711,11.0287439241869,10.8970028127992,10.9430514340147,11.1567557829963,10.3672490937913
"SAMD15",7.93253620534926,7.87232222785439,8.01932138505468,9.47887015554612,8.29951959972912,10.5383479607006
"AHSA1",10.3606532679078,10.2962263821996,10.2553629803705,10.4265391335389,10.4805577389834,10.4399153841905
"DAAM1",12.0305080767172,12.1103287922945,12.2332946898639,11.6794236723853,11.9619260888153,11.0627020138143
"ISM2",5.49214979402744,5.40267998277688,5.3782345210694,5.15028716110163,5.26812364332126,4.68467332000649
"SPTLC2",10.6538726040728,10.7478011559223,10.4161853433531,10.3746486443866,10.4872083286062,10.1100538644771
"RIN3",5.22411723473243,4.90491546544878,5.66493901424027,5.43553531135657,4.95674843757777,6.00920807852439
"LGMN",8.95143422706149,8.81486442039938,8.63191691685501,9.02987446112579,8.67159164285877,9.71232540421774
"ALKBH1",8.25150991735726,8.14176170676316,8.34174173769797,8.29431994192983,8.31711312572518,8.32911917638599
"SNW1",9.98291464772419,10.0685322489711,9.95448392691932,10.3901053336085,10.2346462260029,10.6143211886803
"CHGA",9.89560763419543,9.44205738909359,8.77599939552662,8.86241555771656,9.62463364815758,7.14500941893176
"ITPK1",9.76831189842386,9.51783320618789,9.74049005614146,9.60350443325477,9.9880964971326,8.67152878308542
"DHRS7",8.9786629802486,8.97005160344851,9.00892007671385,9.1498718943852,9.08125904235777,9.17638417640136
"PPM1A",11.6969956889739,11.7527473004822,11.582692760724,11.2589134179263,11.5041388275156,10.9850516087864
"SIX4",6.12819034179057,6.15796744435664,6.41583398350578,7.44073724444138,6.70045381273315,8.75747869292391
"GALNT16",9.31398296671504,9.25311485236932,9.36309357753935,9.58749646641924,9.66333750182119,9.8812521440721
"CEP128",8.27880096134596,8.46945518303297,8.34174173769797,8.44449893134492,8.02121416697394,9.07071799425663
"ERH",10.2046388908468,10.1651038025704,10.0342036511063,10.5884879724995,10.4348456916999,10.5774100971806
"HIF1A",11.7032775497823,11.8172074998869,11.5904928224072,11.9111309418266,11.6801015921877,12.0345753623121
"KIAA0247",8.79051201102661,8.79396960417558,8.92627676657856,8.83401661496969,8.82325703842479,8.84049675641372
"SRSF5",11.6431193482948,11.5895906421088,11.5096128171452,11.823355437683,11.8997364452107,12.1904740043994
"EIF5",12.3203412407176,12.3259577100648,12.0957461019525,12.3447026972622,12.320275982141,12.0791233641302
"SLC8A3",10.1660352673252,10.3109834327029,9.35903667418322,8.95414628407805,9.75440137828987,7.9406542465097
"DICER1",12.7459977060047,12.8040996636032,12.5565286427082,12.4833578804616,12.6729713757596,12.042721187434
"ZFYVE21",8.47137075015292,8.39359767369775,8.31678371072775,8.68125943046127,8.66963954531538,8.71619412677721
"MTHFD1",9.50026608267283,9.55923204256528,9.46663705687882,9.76244471833324,9.63964303151618,10.2808684022584
"ZC3H14",10.9627774510699,11.0817582324711,11.0600675443478,11.2976699478462,11.0266193590824,11.6721671287303
"TELO2",7.21276396249247,6.76685754580122,7.5161296999261,7.81852466873386,7.90938740898269,7.09336464344323
"PCNX",12.3388171888558,12.4075012330127,12.2758391916967,12.0388469335734,12.0646037904568,12.0964841330565
"GSKIP",9.45925214862886,9.36348974802331,9.26892867330728,9.18222660334164,9.32988296838203,8.90067840911913
"VRK1",8.59578559098937,8.63146744613922,9.00892007671385,9.34559809371799,8.88341544025648,9.06744134391647
"PSMC1",10.8139688175827,10.8140386529168,10.5940054007919,10.7715328255942,10.7745289300268,10.8208262464058
"PAPLN",5.04742567774093,4.84495094307666,5.0153475618871,5.71571562153576,5.32290848716218,5.37273133131448
"RPS6KA5",7.83908899707503,8.00976515806518,7.74677010774564,7.78434487800204,7.92591053402303,7.45605930274817
"SMEK1",10.7787066187465,10.7831532431463,10.9699156166344,10.9440988705029,10.9516661623472,10.9667253671783
"C14orf93",7.12385340854776,7.13031363970509,7.068411441721,7.54879380865966,7.29991146090615,7.27785479706656
"PSMB5",10.4891134541659,10.3277694152398,10.2727078314052,10.6324712899771,10.5451914691814,10.8629609175869
"YY1",10.7029796165302,10.5530233286218,10.7249859198198,10.6458381707365,10.7599575850297,10.5820043090331
"ACIN1",11.2508987577061,11.2874787270531,11.1958010977932,11.4817950430882,11.5346851553393,11.6267599416091
"CCNB1IP1",9.30077422707913,9.31156443897983,9.31573450692466,9.55035590671412,9.29742916808432,9.58301694531273
"TRIP11",10.716708469866,10.9318405421953,10.921947884059,10.8289862976517,10.8178197242804,11.2475464523809
"APEX1",10.1823208758021,9.95284185904508,10.095193881819,10.7372993606316,10.697288819308,10.8012595141766
"PABPN1",9.45478772567961,9.19059470241305,9.12580583788367,9.62108491925644,9.89694849779924,9.28754451339333
"EFS",5.9531937412958,5.69527237656877,7.45590604430278,8.3588189005965,7.39872123984883,8.48982882985997
"ARHGAP5",13.0852429861775,13.2377839436795,13.1899676019381,13.272942728239,13.2953172011765,13.3596195094484
"CINP",8.84845211348478,8.8718035384235,8.80912566916236,8.76284354155449,8.96838769500705,8.70568485242739
"DHRS2",6.28119912210877,6.27946357496297,5.81044805857035,5.53181738139766,5.42310223496893,4.83010453277739
"SRP54",10.2788773456579,10.3117173356977,10.0316586006782,10.3283291427522,10.2794004700604,10.4724476503239
"CPNE6",4.33057497578978,4.77662214806139,4.7660846074949,4.55239249687834,4.56883750728876,4.33057497578978
"CHD8",12.3201368881676,12.3625333871806,12.3169037155409,12.2983620817255,12.4927866309592,12.3110645958279
"PCK2",5.97189916146181,6.09988234759329,6.03261425473495,6.11225279239186,6.19402372481779,5.7938961322474
"KIAA0391",5.72424503540458,5.58358169504195,5.88936033417274,5.7607533951804,5.57607598002124,5.71840792780094
"DCAF11",10.1623911258836,9.99091914581703,9.75599398865199,10.2298273429766,10.2549252275212,10.3109327861178
"PSMA6",7.54354537093579,7.70670276700739,7.53079143157882,7.52632687188067,7.55648106711701,7.55399145505369
"NFKBIA",8.7738611411883,8.59567095972145,8.66520786575491,8.60364716934095,8.99666900720662,8.28170959474778
"EMC9",7.48569998499647,7.27840315363716,6.97381680886921,7.19110043870618,7.55648106711701,7.15133162417071
"PSME2",9.07107131742683,8.88173805488778,9.00372920050377,9.12172483349431,9.26034613844487,9.28754451339333
"BRMS1L",8.71526112394065,8.87975663685593,8.79716793330851,8.55498168642593,8.73269745384022,8.69509809976699
"REC8",7.41299103728355,7.24752405153874,6.38235023120535,5.6525587184268,7.00440633308007,5.7938961322474
"TM9SF1",6.32368052195683,6.40200899166213,6.34796986470843,6.63025606291703,6.42866709038505,7.03971372253163
"SEC23A",10.9342186333978,10.9531606098284,10.7561459981381,10.7844561837399,10.7654391051701,10.8946968519067
"GMPR2",9.8362269787294,9.86355244889981,9.80302282324439,10.0986076137242,10.0266584560666,10.2069410763355
"PNN",10.459726156297,10.49152612744,9.99031460181907,10.5371170383745,10.7308327554456,10.8747098653779
"RABGGTA",8.92798482432825,8.45620037119831,8.72640976160702,8.73076386324414,8.96361959405544,8.03806895081865
"NFATC4",7.77319182083642,7.62320475048297,7.78992305097672,9.30046936813477,8.42068780700564,9.92169533981101
"PLTP",9.24324450382496,8.941845427525,9.90805875410121,11.521161924937,9.88608296249252,12.5712767751398
"PCIF1",8.48313792825853,8.14838194649489,8.68156823853044,8.51218250582582,8.7308267358132,8.375008746827
"GSS",9.54295115543867,9.26378206223723,9.14242958457957,9.91059541540207,9.76721350597355,9.99675005792766
"VSX1",4.60390596466056,4.33057497578978,5.81044805857035,4.55239249687834,4.74232802187034,4.83010453277739
"TRPC4AP",10.9143189067025,10.7612942456622,10.8157772661359,10.9755149516618,11.0682388205057,11.0273496282846
"PYGB",11.4493151106802,11.1701896740407,11.2850275077155,11.5594829773261,11.6856530129605,11.0069963491394
"ABHD12",9.57346879762078,9.42315348053761,9.39117632047299,9.5262973540839,9.75164104029001,8.9495676466036
"GINS1",8.00393230488051,8.07033023615464,8.09480102749024,9.0494995534576,8.30456843055663,9.22717755568559
"NINL",9.75989451871222,9.51655993350031,9.57026771386293,9.60261975257047,9.49086788968625,9.48579491314048
"UQCC1",10.0044484823128,10.0545685875313,9.74671165890383,9.90773387524758,9.94686682753694,9.9811790010259
"ZMYND8",11.6528888793937,11.7141409990703,11.6493470198635,11.4735976724921,11.952546620495,10.6238210146595
"SGK2",5.54851785949931,5.45795213323723,5.3782345210694,5.02596345433389,5.03903521958369,5.54910236469605
"IFT52",9.87460042034834,9.86054563071746,9.65541288542439,10.1382053443795,9.9151517682328,9.98985034407517
"MYBL2",6.44325127059483,6.63664771748306,7.47120541838317,8.14615769796809,7.01702036134237,8.3318596655217
"NDRG3",10.7154657784145,10.701516874266,10.2737849882188,10.3647730170685,10.5844874124044,9.96015245410396
"C20orf24",5.9531937412958,5.94108086001497,5.53204272811162,6.01035734573399,5.88899535302041,5.63720988468804
"NFATC2",5.43226952355336,5.28072429172865,5.33538540566403,6.26520864888704,5.42310223496893,7.82049194481516
"RIMS4",11.1551588880692,10.9699926363389,10.2378069442757,10.3073155559274,11.0315562549207,8.17580479159128
"PABPC1L",6.94431161196086,6.90172495385375,7.11828713660677,6.7279384444836,6.49513717052095,7.37785530753697
"STK4",9.92386704658279,9.94150432456766,9.92049401511232,10.0973524886873,9.99199944384328,10.1242999298458
"SALL4",6.26671530794524,6.15796744435664,7.71512204712023,6.74132882678262,6.29531752794964,5.54910236469605
"ADNP",11.8995911681986,11.9997102969612,12.31428937485,11.7166729996337,11.7274406962084,11.3201451753821
"PFDN4",9.39700695066868,9.41634149786709,9.2537110262552,9.26622859606091,9.33849697587482,8.75340322740948
"DOK5",10.2839168807896,10.2035738126658,10.1181659079106,9.62979536825942,10.0327337604543,8.43229287086765
"CSTF1",9.06326734294693,9.23773754230105,9.2537110262552,9.46043031049378,9.34461844025727,9.63923149811602
"BMP7",8.16270466126642,8.20344870999435,9.88568321377485,10.1148255782967,8.88341544025648,11.4517761104683
"RAE1",9.96628926087552,10.0694005034163,9.88427314208673,10.0585366339242,10.1630675632765,9.93881466016798
"TPD52L2",10.0176195301291,9.89328060019694,9.99424136471786,10.288192889945,10.1008193970125,10.3804966807933
"DNAJC5",11.9058687962786,11.6049374345703,11.6098104312599,11.61117006778,12.0401295760947,10.8960810115223
"NELFCD",9.92171280676643,9.68015170689161,9.82376882759716,10.3885670987543,10.1130559086806,10.4705906052564
"CTSZ",5.6018543074561,5.40267998277688,5.13786241172375,5.25661469107151,5.34903754503733,5.18746296578136
"PRPF6",10.7840512214006,10.6066329384144,10.8312224151106,10.9772214376572,11.2219960158404,10.8154718024365
"SLMO2",9.85779676276125,9.85350523164609,9.841316490277,10.0720177564888,9.85126815734889,10.1036768123528
"HRH3",5.91485715615986,5.67386991742712,5.69565584988958,5.85918570565528,6.2287072513673,5.15195654074678
"MTG2",8.58491066254125,8.26562876801623,8.46418745624302,8.49889901448186,8.61387435525855,8.66286127681148
"PSMA7",10.5655919848228,10.3951039809017,10.5818817948673,11.0406158296689,10.8530000893015,10.8714297952847
"SLCO4A1",5.57553933579376,4.95891832408665,5.69565584988958,5.80400878913798,6.3482640446452,4.98896808752624
"NTSR1",5.0958257135656,5.05426032044833,5.19204933581343,4.64396487703681,4.86095996838829,4.68467332000649
"MRGBP",8.64634506583055,8.50077545201846,8.47550008213014,8.87273847656728,8.83723121431333,8.72454652267087
"TCFL5",7.99983014660569,7.99513266426283,7.88389418139776,8.4854913057512,8.15878673236071,8.47751598523127
"DIDO1",11.1329919776084,11.0098770681253,11.1752005193422,11.4428064093403,11.4529725405466,11.4084657503802
"GID8",9.40474343802344,9.28038674039384,9.45147693762016,9.70590686660947,9.60946626106346,9.72276850315806
"SLC17A9",4.33057497578978,4.33057497578978,4.33057497578978,4.71402308857299,4.80549449477315,4.33057497578978
"NKAIN4",7.95814552402036,7.51395740488749,8.26552265982298,9.27180667995956,8.71198430133152,8.69722170369532
"ARFGAP1",9.29245680169012,8.97377096881457,9.3073367562706,9.62805748605556,9.72843026031086,9.28754451339333
"COL20A1",4.60390596466056,4.90491546544878,4.7660846074949,4.91404266993799,5.49165273270531,4.58127373257168
"CHRNA4",8.5063864392058,8.23487670991194,8.14299016679706,7.67995506057944,8.60980697731979,6.03906618111504
"EEF1A2",11.2742948028074,10.932317761316,10.7067592436504,10.5180161502396,11.4436009176442,8.14805536708478
"GMEB2",8.22719544304341,7.94651162791852,7.92313041789343,8.40025855214641,8.31711312572518,8.17274800639151
"C20orf27",8.02426783561473,7.86428286000716,8.13824378640928,7.74285942399799,7.9060596315197,7.75226551809383
"SPEF1",5.22411723473243,5.37374005388151,5.53204272811162,6.89838247972714,5.76091096778062,7.38320676776276
"CDC25B",8.89097541870595,8.59808537311085,9.50752294882917,9.26734594324055,8.69289134719179,9.54585330458679
"ISM1",4.87482195210638,4.90491546544878,4.86296472820736,4.87127988604197,4.86095996838829,4.33057497578978
"RNF24",10.1596519626475,10.2464279764599,10.3945629417477,9.84853076892577,10.2536254763806,9.04595924739587
"ARFRP1",8.67482244167284,8.45086393308574,8.66520786575491,8.67284018235232,8.9951123288234,8.375008746827
"NDUFAF5",9.56658951697758,9.63040730777667,9.57026771386293,9.2695780393129,9.55032847186453,8.79958722914079
"SEL1L2",5.0958257135656,5.17594971784969,5.07933519419276,4.55239249687834,4.99924798284876,4.76371589021208
"TRIB3",8.20246030796334,7.97289824292198,7.87819958590748,7.91352177677454,8.30708618189687,7.36709066927881
"RASSF2",11.7537823287392,11.7094157655309,11.7186039148667,12.4404606553148,11.5794547293747,12.5683861370045
"CSNK2A1",11.8708592910264,11.9595428166111,11.5930834987405,11.860256103426,11.8686678857037,11.6911602218329
"RSPO4",4.60390596466056,4.33057497578978,4.33057497578978,4.33057497578978,4.74232802187034,4.33057497578978
"CDS2",12.3657979149178,12.3486578452347,12.0596757699865,11.8958755680494,12.1500184120658,11.5935907601481
"HM13",9.70708039894514,9.76729426180825,9.7420479767848,9.78990304964992,9.99121969940109,10.1100538644771
"SNPH",9.73679637096289,9.41497522639679,9.01150850638572,8.77390429022767,9.56612792131894,7.61870787941855
"MYLK2",4.93817568778476,4.95891832408665,4.86296472820736,5.05921631031587,4.86095996838829,5.03357482878391
"SEC23B",10.8415707317608,10.7984168629165,10.6306174421142,10.8473911019191,10.8443930300643,10.9207713996634
"PDYN",6.20704769793219,6.186010907159,5.0153475618871,5.4150421589993,5.97641267591333,4.68467332000649
"CCM2L",5.93418371095413,5.85279833732561,5.53204272811162,5.47521948736164,6.05777184720114,4.98896808752624
"PLCB4",10.6571126371982,10.7957967018318,10.537731755909,10.4360020544314,10.5510223084173,9.33870551759448
"MYL9",5.57553933579376,5.31286008562374,6.43225541936395,6.66596874216255,6.15834206985003,5.18746296578136
"TM9SF4",10.0788311108598,10.008229363147,9.76980633583299,10.1856300860705,10.539870170891,10.3890428059734
"CRNKL1",10.2134702596327,10.2364131551266,10.3503205002818,10.4023524970128,10.3314573262106,10.3929701537171
"POFUT1",9.45627740472928,9.39154807483666,9.45528195302108,10.2570591385645,10.0605037324286,10.7724077774563
"SAMHD1",9.10757286225941,9.18419069369384,9.00632698038949,9.33923708652633,9.59208129153332,8.63875221389143
"PAK7",10.7917364061445,10.7434565701411,10.7956730483771,10.2102221699783,11.0704546722393,8.38031209582063
"KIF3B",11.794363507384,11.8346702561046,11.2759192520456,11.3773709988759,11.8697284932047,11.2205488166551
"MROH8",7.23412992501544,7.32643096545362,7.20377091105087,6.99568221814795,6.58458917618073,7.1886712995919
"NOP56",11.0471872445905,10.982488996212,10.8836613426636,10.9998956751913,11.0518843894456,10.9243935539326
"MANBAL",8.3955525598657,8.22864613726104,8.26116683070521,8.2854962081516,8.42532765385363,8.55689254420254
"IDH3B",10.1559916311766,10.0306938186831,9.88709190737751,10.1271779642391,10.0708733523886,9.87845288764269
"MAPRE1",11.5157808643656,11.5074283415553,11.4763211398832,11.4653534535565,11.4235178524102,11.3638146944972
"JAG1",10.893041996965,10.8518641230192,12.2607107585675,11.3630849599102,11.0515105342712,12.007725870539
"CDK5RAP1",9.02158711969971,9.15991862707476,8.75141856655928,9.19754913987009,9.27067171147698,9.15647940677177
"SNTA1",7.47384006337657,7.27840315363716,7.4247982507733,8.08638063615661,7.70604305136319,8.41947342036659
"TTI1",9.53451472618957,9.52924229763675,9.66201200638002,9.84254940752499,9.67988842283842,9.8348359060207
"E2F1",6.79714772954774,6.90172495385375,7.44819344488401,8.119070193026,6.96585350046218,8.1355471002343
"RPRD1B",9.28911633067063,9.31009499655126,9.26025258226211,9.14379962886681,9.39974749627067,9.22717755568559
"PXMP4",6.40461685682177,6.45915625855364,5.56693702969189,6.55580973262763,6.54953549938818,7.11295807452319
"CHMP4B",9.37512103041908,9.16317865192067,9.54728032117247,9.74971594801985,9.67892008397003,9.95307489285309
"SLC32A1",5.9903111609895,6.00716920758814,5.45827589049947,5.39408088420441,6.5226185101805,4.33057497578978
"CST3",8.42940778608008,8.27170062503493,8.4297037653274,9.69432815565877,8.91833789714522,10.3219614370928
"ACTR5",7.7827951013011,7.52936261263497,7.68928444166657,7.84889899509966,7.87234646332605,7.72318954874732
"WFDC2",5.5207400332063,5.24729833481842,4.86296472820736,4.71402308857299,5.39908280147121,4.76371589021208
"AHCY",9.88237558582624,9.76085762106256,10.100060609202,10.2903912164697,9.95728532354888,10.605322649946
"PPP1R16B",9.21006505668413,9.13523015950479,8.81802911615754,7.83682709331949,8.79668344287188,6.48070743372353
"FAM83D",6.44325127059483,6.44792678694728,6.91830170473145,7.76853221849115,6.43837371911831,8.2030255287367
"DHX35",9.01553297461723,8.99222485963511,9.0166714329497,9.16913273682366,8.87666626836688,9.21093973016392
"DNTTIP1",7.83908899707503,7.7246074378157,7.81996234402189,8.45829372797316,8.35896101017749,8.72246297328624
"MAP1LC3A",8.65935939785746,8.17456027369429,6.97381680886921,7.7811964148368,8.46642378882248,7.11942799821587
"SYNDIG1",8.76184838695264,8.43202834479863,8.1711419178634,8.17034468079859,8.41136279154798,7.26628849061589
"PIGU",8.88876843717865,8.95883543783139,8.82393424673125,9.31134330044731,9.32245829410536,9.3616159780332
"ACOT8",8.52642419646877,8.37398866355746,8.60471678266823,8.53838594974355,8.65195018122067,8.2674613148579
"APMAP",10.9299391921365,10.7215351395716,10.705961530401,11.0265106458642,10.6996767747229,11.1398942394011
"CELF4",11.1647508129296,11.1469410939385,10.7653642442035,10.6964436012634,11.4818378217695,8.61423127441146
"ZNF516",8.6146206254352,8.49300929790695,9.44575050020637,9.65987382761858,9.53649404024446,9.52093306413943
"CDH20",8.3512734418971,8.30760036652845,7.68275068519138,9.6860003130889,7.99641677579841,9.99846983876313
"ADNP2",10.4228909577284,10.3457961125141,10.4819715509518,10.3658157474461,10.3221875208776,10.2730757575294
"RBFA",8.60388803879639,8.71167643987149,8.7452070695845,8.43655616027932,8.60776895714336,8.41947342036659
"USP14",10.3534804246031,10.4082016561041,10.6915267262655,9.91914610858816,9.94686682753694,9.81642777612411
"VAPA",11.9017777907659,11.9492058484811,11.764527381146,11.8399557318982,11.8444878253365,11.577003385542
"METTL4",8.00393230488051,7.8066964050237,7.80201515746545,8.10407567937615,7.94548833548063,8.33732495453085
"LPIN2",10.8669764296227,10.7358219112872,10.4688641146243,10.6342030261247,10.7368909899702,10.7511488690864
"SMCHD1",11.9288345456777,12.0471851375929,12.0717996985429,11.7751258247865,11.7926416852457,12.0045214200259
"MYOM1",7.52643984619218,7.51395740488749,7.40898199943496,7.1814751206461,7.59018729455927,6.77661481002274
"MYL12A",9.22062563312477,9.1664313086823,9.30522964299305,9.89116885609183,9.00132895853774,10.5606323095884
"CEP76",7.97914030923466,8.04924681186698,8.23918644785755,8.031939315567,7.91932429112947,7.9691733424189
"ST8SIA5",5.97189916146181,5.87100821421757,4.94418431550225,5.45558649408591,5.42310223496893,5.18746296578136
"CEP192",11.1450413208109,11.269084732264,11.144914913134,11.2943884596752,11.347898642408,11.161156310452
"RNMT",11.1611042632193,11.2656805977831,11.0304261637619,10.7715328255942,10.9676058479606,10.5600502693964
"SMAD7",7.61536167932807,7.79404665123918,7.72786621708424,8.69629077530941,7.91932429112947,9.04762315352636
"LIPG",9.23458694819519,9.20806020534668,10.13367533322,10.6250881249536,8.63604119052241,11.2658631085001
"LAMA1",8.73751723590206,8.67327709623374,10.3935723598018,10.1874006415582,8.85107081666072,10.6204752754872
"RNF125",5.81299943796065,5.87100821421757,5.41912560421338,5.53181738139766,5.8583162996779,5.03357482878391
"ANKRD12",12.4177182964803,12.6575480981074,12.08167199671,11.5572030718633,12.0595933431635,10.8914619711586
"NOL4",10.6016897807615,10.6789435493897,10.2444155325495,9.87514390824876,10.3685523791713,8.97951822356867
"POLI",10.105645490112,10.052813581658,10.2177974781622,9.99928844114491,9.89861287266088,10.3942768963474
"MIB1",12.8749929980103,12.9723564851139,13.0086148468345,13.0743438379269,13.0085181199677,12.9224799581509
"RBBP8",8.99105829743228,9.15828584114802,9.24053805560563,9.36346983155138,8.92979271367827,9.38942297073236
"RIOK3",10.9643475933106,10.951749034352,10.6331374184695,10.5965046071168,10.7096632356636,10.4933287109873
"CSTF2",8.40795631508327,8.44818824425593,8.58048625117165,8.77075275667069,8.71766303466794,9.01227043477643
"MXRA5",6.00844026539826,6.50312951392523,5.66493901424027,6.41867436581111,6.79973756323268,6.05371984338478
"PSMD10",9.95685252449979,9.99366619472618,9.95044720322588,10.0093337861241,10.1365166996401,10.1446322064976
"ATG4A",8.08745859130208,8.16806052790184,8.02447956926086,7.88451135220615,8.03649629061221,7.73987735564204
"STS",9.39234503007702,9.3159637895208,9.02438124038737,8.63693004494885,8.74201466907865,8.72870457518211
"TBL1X",7.47384006337657,7.85619776121262,8.59783542490088,8.62998697861772,8.20545399040981,9.34548181011079
"GPR143",5.54851785949931,5.48441204341114,5.07933519419276,5.789777878405,5.57607598002124,5.94713050764567
"PGRMC1",12.2753041453025,12.3161186620222,11.7967248505351,12.0342643644995,12.2097021686496,11.7566224893297
"POLA1",8.78814509776648,9.15337633874126,9.34269378846979,9.630663523929,9.0797913109447,9.77287349535625
"MID1",10.6323038679726,10.5837273741108,11.1952328143627,11.6693259059427,10.5227088591724,12.5758897826567
"NKAP",7.70408345195101,7.63746793871332,7.60189652432882,7.98356144345384,8.06657780568588,8.35897983426372
"NXT2",6.91790282534075,6.71259577484945,6.78756865288512,7.81237106313595,6.8503189605295,8.19400943751383
"GUCY2F",5.18373077138573,5.13762512309315,4.7660846074949,4.91404266993799,4.99924798284876,4.58127373257168
"ALG13",9.48720995597645,9.59344884446917,9.40501496409597,9.40263411699781,9.25385484294785,9.53166599692624
"PRPS2",7.0771618631557,6.97969885755654,7.5525018847791,7.74609406133652,7.11981699628916,7.92253524850315
"MOSPD1",8.09131659757039,7.96164951102611,8.20329953523338,8.39616812554411,8.20545399040981,8.40913463080184
"AMMECR1",7.0692241342811,7.20954211151148,7.47879312224272,7.61057272001959,7.33029396821466,7.76046456131871
"CHRDL1",7.76836569039717,7.72015244174919,8.34996531350985,8.80658460272577,7.53932097779064,9.94328615579528
"WDR13",9.538739116537,9.19378605294295,9.50201546713426,9.78367282350272,9.84523920640029,9.28895141613227
"SUV39H1",7.32972286304845,7.2286626536223,6.99540769375669,7.43672021004202,7.45940299913427,7.02596812009268
"SRPX",5.29925920898593,5.31286008562374,5.7255112363932,6.12306193840807,5.49165273270531,7.69778336659097
"GLRA2",11.4597420673539,11.4658420628763,10.8319537890308,9.89189304671749,10.5829359615539,7.64112048431256
"XIAP",11.2931587398073,11.3753850660352,11.0047106005344,10.9614450863866,11.1155029655412,11.001434217842
"STAG2",11.3126011929692,11.4148488801828,11.4536920361444,11.782366267848,11.4989385927722,12.2409069587381
"ATP11C",10.409888342273,10.4966984693279,10.3856231119781,10.4473747053854,10.4949287836543,9.93432925074133
"MCF2",8.97658666733327,9.11516980833788,8.44896371376296,8.26319580501232,8.54737082130233,7.36709066927881
"ABCD1",6.55271216369173,6.27946357496297,6.65662472716031,6.75458712720843,6.9395354864449,6.77661481002274
"CCDC22",7.4376478785882,6.94904069284673,7.44819344488401,7.63873556371324,7.67109281969654,7.38320676776276
"SYP",12.0402177222496,11.852428508177,11.0755895252823,11.062643934086,11.781188535784,9.06415721364255
"PLP2",5.36825224778896,5.88893120691801,5.2426758087291,5.56781120866857,5.4465120496375,5.25394328805817
"BMX",4.33057497578978,4.33057497578978,4.33057497578978,5.02596345433389,4.74232802187034,5.81198514857821
"PLS3",8.49480930567828,8.37116533063057,8.79416288500709,9.70012914068441,8.76230225491156,10.8770482141291
"NAA10",7.93683654726281,7.4011209497998,7.89521540952253,8.18228632444168,8.26107457242537,7.95854550798468
"RENBP",5.91485715615986,5.60690679268508,6.43225541936395,5.88579523582229,6.13396671442646,5.45239055899795
"ELF4",4.33057497578978,4.69525161239808,4.86296472820736,5.49445599134623,5.11210946503177,6.12443048056718
"SMARCA1",11.5925772571771,11.6880998465313,11.5137207698152,11.6159974181849,11.4751633595229,11.9136022490583
"MTMR8",7.44374501965757,7.63272951889504,7.3438698231556,6.89838247972714,7.13718924578107,6.65516992011782
"ZC3H12B",8.03232150805896,8.26258314695662,8.04492768270582,7.98356144345384,7.73640192013404,8.33459491819434
"RBBP7",9.91631307968877,9.92816350356843,9.96252361915374,10.1731749428854,9.99355766857667,10.3745503226345
"KCND1",5.40082433975998,5.6520241287847,5.29031095099465,5.12120644125242,5.17836802896297,5.03357482878391
"SLC25A14",9.13946528525982,9.15991862707476,8.91525861075377,8.95968969122972,9.24994596917671,8.70568485242739
"FMR1",9.95474705603664,10.0875140886981,10.2737849882188,10.1259474771417,10.1137724794343,10.2537678840879
"PIM2",7.36877029660064,7.35563129640412,7.35217632584177,7.43269165182521,7.63121893218586,7.55399145505369
"SCML2",7.79233381817689,7.84398320320908,8.10456986944914,8.3609196104459,8.09019446985166,8.20002648018411
"SLC35A2",8.03232150805896,7.84806640040306,7.65630972635039,8.0581230460648,7.97753136679775,8.30421575342815
"PQBP1",9.1779103074616,8.90919490513826,8.85598573220306,9.40770891967464,9.59824114510191,9.00714836119548
"PCSK1N",7.91955666087489,7.72904846965339,7.89521540952253,7.38342468393395,8.13060597433785,6.34993536391042
"EMD",8.16636486864207,7.86428286000716,7.87248208979373,8.17990596670228,8.16157446701301,8.28736940950781
"TAZ",7.53786656908706,7.60396038345923,7.67618662531909,8.04509127508831,8.14758106664588,7.93704885298599
"RAB40AL",5.18373077138573,5.28072429172865,5.29031095099465,5.12120644125242,5.03903521958369,5.18746296578136
"PGK1",12.3657979149178,12.1819025206851,11.8775769392405,11.8130735045066,11.9170767925952,11.570661390549
"MAGT1",9.20120499973756,9.22063058316552,9.63710790039441,10.3854856977531,9.44260823516066,11.3608105124837
"SMS",10.9804730936969,10.9237035663797,10.5714083944934,11.0376749737276,10.952467344006,10.5917186852178
"PHEX",7.00402004987821,6.97969885755654,6.38235023120535,9.23686892724321,6.91945913830706,9.59784503910095
"UBL4A",9.18151873839169,8.88371674545056,8.49415830819509,8.85350794601829,9.33604108477369,8.3014217663428
"CD99L2",10.8444157868782,10.6617786341243,10.2433162024206,10.9084100742624,10.9532680808944,10.6360227451574
"EEA1",10.5524280579575,10.6478980805646,10.3543991025659,10.0828394628645,10.2412190529594,10.0499612439369
"RP2",8.85976499569522,8.82725700554831,9.29888973713469,9.75847904130288,9.11890380414535,10.5641196264234
"JADE3",8.45950617542595,8.41842113902547,8.87032160339421,8.87567431595764,8.78230730861149,8.81139499085974
"CDK16",11.1702034110058,10.9792595803431,10.9545507640884,11.1478420562713,11.3365895482401,10.8110760603908
"USP11",11.8661078362921,11.6951464834585,11.6174656207575,11.7280682173672,12.0742047835332,11.5035419558857
"PCYT1B",9.81780917526503,10.0440063615868,10.0098423200902,9.81455807123281,9.6554825588174,9.83964132679656
"HTATSF1",11.0372752580741,11.0094248356967,10.7645983033323,11.1159761421887,11.2309382729639,10.9984303164008
"TIMP1",6.26671530794524,5.79633174395148,6.98465473288329,7.62119967607547,7.03572703226692,8.8858675645699
"KLHL4",7.70913311376738,7.8316627210426,7.73419557219369,9.14136353010717,8.4160328858863,9.3168045603799
"GABRE",6.4305009759227,6.63664771748306,4.7660846074949,7.25667404173319,6.69250366550329,8.40913463080184
"PCDH11X",11.7272105029047,11.9138822239267,11.1543014681304,11.0232105072856,11.3789216355803,9.12530877364541
"FGD1",9.53169156813958,9.29828515325572,9.41872189502224,8.95136654606393,9.62764805926407,8.28454230082659
"PIN4",8.42331149666572,8.52636298817639,8.41802230083098,8.8249306724755,8.81798148867854,8.64976109989153
"PORCN",8.12933374133874,7.58445013314384,7.50874119576164,7.86681670060835,8.19460977828675,7.06007821984279
"MAGED2",13.0342063775047,12.8807629754875,12.9301941054615,13.3920846837858,13.1250172648874,13.5855790714447
"RBM3",10.8963358662032,10.8325641647408,10.5178691765762,11.1408551644595,10.8151793149113,11.101614482395
"KLF8",7.10846414954516,7.19015494350677,5.49586482724437,5.45558649408591,6.31676160488645,5.5258120673756
"SRPX2",4.60390596466056,5.09718127405855,5.33538540566403,6.48500758652161,5.39908280147121,7.91155206941919
"SYTL4",6.07831789081791,6.09988234759329,6.27629400697231,5.51331587387945,5.82678316373963,6.1912683413666
"ZDHHC15",9.07107131742683,9.17936891774307,8.53437126979068,8.81731492179533,9.19543279022115,8.60520966262231
"CENPI",7.4376478785882,7.58935303296618,7.85519030962788,8.18466272346384,7.39394288903325,8.38559587944258
"DRP2",9.33357161491262,9.50119222375573,9.41677173101426,8.36511180722146,9.021349416233,7.64998695820449
"PBDC1",8.31878558396344,8.44282183317067,8.0347402825363,7.82465172168349,8.18368265205321,7.9406542465097
"GLA",8.13308036283113,7.91962668990232,7.96668587520299,8.39206598500318,8.33449300910272,8.84624705286912
"ARMCX3",11.3289440229428,11.3155521081091,11.0195530165677,10.9744900901447,11.2802708792619,10.9361031274549
"BEX4",10.8466877972901,10.8594119999787,10.3183139951554,10.7088223053954,11.0178432423972,10.2602326111446
"KIAA0226L",6.58725916525107,6.66563710439642,5.91449335713677,6.21628853422501,6.2287072513673,5.07532107295397
"NALCN",10.3709514562145,10.3500891926665,9.68162994925216,9.4961243819586,9.97553557940475,9.1425361134181
"FGF14",10.9272580794089,10.9648703248936,10.0743250280202,9.66072405355538,10.3799143503599,7.36167716427533
"HTR2A",7.62073759712291,7.64689739282451,6.86043252493434,8.39001050085232,6.94616259821542,9.58186997637936
"NDFIP2",10.2491237501421,10.3021473375301,9.90667041293327,9.97693915087187,10.0387835697671,10.1987373076279
"TNFSF13B",5.40082433975998,5.34383018699978,5.45827589049947,5.12120644125242,4.80549449477315,5.67858866699434
"FNDC3A",12.0822768562344,12.1592525075465,12.109081014521,11.7000297220464,11.8505172218402,11.7405333003461
"CDADC1",7.99159023100463,7.98034834265512,7.75923408296481,8.2244684261654,8.26626066297188,8.60520966262231
"CAB39L",10.104696372074,10.0369216400313,9.90388971251469,9.70343353442857,9.73403503693119,9.42823835938712
"KLF5",8.07192140142713,7.63746793871332,6.88387612917015,5.97436269294477,6.7774670989655,6.75992371440338
"STK24",10.3936627152386,10.3692514395134,10.1193648819337,10.6259586969186,10.358309960949,10.7597914475289
"DNAJC3",9.80266944667197,9.96875224137347,9.83403090989301,10.1308631370199,9.7880178276362,10.8756456598368
"UGGT2",10.6130795239955,10.7297947702485,10.8407014706595,10.4013358634404,10.2607596524706,10.6747113607885
"ARHGEF7",12.0372370934556,12.0314589089645,12.0606120058571,11.7014756340582,12.1028106559503,11.0639340527008
"FGF9",8.70525771624932,8.72056428283615,8.14299016679706,8.13636704446471,8.51510318243122,6.63688382412144
"SGCG",5.26254826080776,5.2124335202594,5.0153475618871,4.99090412180236,5.11210946503177,4.94087121374919
"PARP4",8.11424816097241,7.99880489787101,9.09928848577034,9.4682232480028,8.46867271964073,10.290023923109
"SUPT20H",10.5586785826915,10.6947818958144,10.6356529994112,10.6281328305255,10.5097025158345,10.8946968519067
"MRPS31",8.82093224279276,8.90530445890846,8.87885499257802,8.86093478417512,8.89848620500244,8.78768162709428
"SLC25A15",8.03232150805896,7.81923443275588,7.77772701745442,7.98629262707594,7.90272405102928,8.12925164032365
"KPNA3",10.9459220473143,10.9681320816394,11.0762069437025,11.0072638827562,10.9616490889063,10.6503111313843
"RGCC",7.82522337839033,7.67941399406605,7.94507471577092,6.12306193840807,6.18224393265002,6.7682951030033
"VWA8",9.37196714000501,9.37758724701535,9.58423362899804,9.3985613599236,9.53221042460333,9.46479100041646
"DGKH",9.36563856073283,9.61977474451712,9.75753524751874,9.42483070270163,9.32864817832914,9.1456463191189
"KATNAL1",11.2011620592362,11.2630273725193,11.0085972834862,11.0055925920929,10.921705179457,11.2105711411755
"INTS6",10.2257440009631,10.3825849512096,10.4083601121688,10.1903467443295,10.0433043239877,10.3212746120987
"DHRS12",7.09290167116183,6.82751949701701,7.17585758764933,6.40154607385148,6.54062432223393,6.96235222053922
"TSC22D1",12.4591381284345,12.3470481993825,12.3722470845881,12.1713051015159,12.4959497114952,11.7443803672041
"CLN5",8.42331149666572,8.56637658396346,8.54871904204772,9.25500716597071,8.29698848856491,10.0859930675646
"OLFM4",4.93817568778476,5.40267998277688,5.29031095099465,6.26520864888704,6.38909414439227,5.42659714675519
"MGRN1",9.13760869997324,8.92657279549243,9.47228121491397,8.94997465934791,9.37603721939128,8.64096075609041
"ZNF629",10.3284972388201,10.2820658990872,10.3836289342082,10.4688843052815,10.6905814334375,10.1242999298458
"TRADD",5.04742567774093,4.95891832408665,5.29031095099465,5.56781120866857,5.17836802896297,5.91480976668293
"HSF4",6.74767673763211,6.5245731111976,6.6427968877454,6.66596874216255,7.28446871963351,4.83010453277739
"CORO1A",7.97077949716114,7.45059282337976,7.67618662531909,7.53760511214378,8.37344359628965,6.20421240927874
"MAPK3",8.85298795748274,8.65252448181681,8.0347402825363,8.83853813449292,9.10742534906414,8.7796893942694
"GDPD3",5.70087603390657,5.34383018699978,5.45827589049947,5.68460767469218,5.82678316373963,5.18746296578136
"ELMO3",5.5207400332063,5.05426032044833,5.86366298223323,5.93722994218226,5.79433681434327,5.22140032273235
"PHKB",11.1085870653139,11.2331279152173,11.4019326882533,11.5633505662108,11.2929775314324,11.7245223466392
"LYRM1",9.19050043264043,9.32908175945099,9.22946774065048,9.26399129666955,9.0797913109447,9.69651746859007
"NUTF2",10.5765849547594,10.4360661463846,10.4546869584642,10.8346454050084,10.5004181986185,11.1036126962541
"NUP93",12.0126619936228,12.0078829867191,11.8442562649735,11.7483954599611,12.2075227060241,10.7764218061884
"CENPT",9.01755385566988,8.5859724737242,8.45659579775425,9.02855655245795,9.47421614400509,8.40393712176816
"TSNAXIP1",7.26211718638985,7.29056586476305,6.76238112537073,8.37553891920523,7.76612407715919,8.98300116003085
"NFAT5",10.776324867831,11.1641078624709,11.0544384882407,10.2743768923365,10.3739455263588,10.5163140707951
"LONP2",11.3076620194104,11.3928268189033,11.3870810386014,11.4034963382902,11.374743893313,11.5850348994909
"N4BP1",9.95685252449979,10.0676634713038,10.0303843885937,9.9694117196814,10.0560366749413,9.66545480052321
"CBLN1",10.3178902186434,10.2798172663639,7.59494511401459,8.53094797761333,9.79070942752392,6.94047352051505
"ARL2BP",9.94417333632923,9.78008193641666,9.87436382595487,10.1594089977946,10.0870192569428,10.3851047330547
"PLLP",4.7165496130104,4.58878259651035,4.94418431550225,4.91404266993799,4.91093888395682,4.83010453277739
"ZNF423",10.3454685279972,10.1812578949329,10.9281173223164,11.2979430685353,11.2506136914432,11.0344897610591
"DHODH",7.12385340854776,6.89367700381847,6.8122948523233,6.99568221814795,6.86443091536721,7.15133162417071
"CTCF",10.6323038679726,10.664079127146,10.5187779806836,10.8511185012255,10.8208941050704,10.7893907810399
"ACD",8.43244623192903,7.9350516390946,8.24801918127465,8.28328174582559,8.58308423393308,7.53972878558198
"POLR2C",9.85779676276125,9.69147813161039,9.6471212545934,10.1129635585027,9.85470198324886,10.1707951486016
"PARD6A",7.70913311376738,7.23497821999131,7.58093875215175,7.49580242922288,7.4456304628159,7.09336464344323
"ZNF821",9.56520971017267,9.39293674259061,9.4872250638378,9.41074523983173,9.72374290356388,8.66936680738772
"MMP15",9.87125532434756,9.38318782972832,9.96918927943252,9.53188509670835,9.87513489777603,8.82310651357793
"USB1",7.77800158699728,7.85619776121262,8.10942933195419,7.45271987624042,7.49992914835553,7.59133478252114
"CYB5B",10.8680952514714,10.9764857431425,10.4613203126634,10.9534917273426,10.8248372756622,10.849211150065
"CCDC113",8.90195978674521,8.85172611001252,8.46039665322925,9.51693601294656,8.8476233901428,10.4810823811671
"NME3",6.06122660456922,5.53524434648493,5.96317797384801,5.70027502758029,6.25130538879973,5.77550668699715
"NDRG4",12.9259720664849,12.6074840211262,12.3213372506141,12.248789090906,12.4011349162551,11.588748671053
"PSMD7",10.6680746204802,10.5604521355579,10.3151785541901,10.6102074285653,10.6707570032801,10.5802831941908
"SETD6",7.23412992501544,6.90172495385375,6.8122948523233,7.32802183081119,7.76979592090996,7.15762512229537
"SLC38A7",9.02359951858077,9.06026658939901,8.92901816256516,8.6351974244968,8.96043205415915,8.41947342036659
"VAC14",9.09996490555791,9.05676456344544,9.36309357753935,9.12789076659748,9.50186306271151,8.96726108556972
"HAS3",6.69631622744201,6.60701201275565,6.76238112537073,6.366589959339,6.87839785072055,5.45239055899795
"TANGO6",9.831644545517,9.93675390682458,9.89130974656769,9.51599652418569,9.85384429341437,8.61423127441146
"COG4",10.5328069073,10.4541262260565,10.6364905522819,11.0039193627048,10.7871592054131,11.0474197051664
"SMPD3",10.2002028387537,9.97802991097382,10.1085380507258,8.47583701489437,9.59721633000756,6.6089740508496
"SLC7A6OS",8.97450735232434,8.91887520896275,9.11140244211204,9.11925104321865,9.0827252779682,9.36027834717936
"SLC7A6",10.3325561762043,10.2448917549527,10.1324882058438,10.1856300860705,10.4047170724507,10.0036169054189
"PLA2G15",8.66711173835655,8.30760036652845,8.62854495853205,8.61775520212101,8.82676334243549,8.63654026824561
"WDR59",9.45030942179406,9.51783320618789,9.33857891940322,9.24596661439745,9.33972335243289,9.47718330387215
"MON1B",9.28409104649794,9.05676456344544,9.18201965184832,9.36555788066099,9.62161291723563,9.26770213530466
"CMC2",8.90633014081767,8.98671351322656,8.65861115442126,8.55314716929848,8.57058076976177,8.91351389691328
"AXIN1",8.88655806209392,8.58109853610596,8.97749001891469,9.12048846997021,9.27836757882288,8.94778626948371
"HCFC1R1",7.90645762791727,7.5191112184808,7.80802279742507,7.90198851257261,7.95517718205707,8.15426865862903
"NPRL3",8.01616840558309,7.69312413237732,8.33761216785268,7.78434487800204,7.92591053402303,7.98671204508769
"MLYCD",8.15535599076309,8.03143602779667,7.90644722971276,7.78748637016191,8.05761978181695,7.68921232485547
"MPG",7.30307208814694,6.70333499340347,7.60881388150519,7.59268147982136,7.6231073976722,7.32874891051753
"NECAB2",8.70525771624932,8.41568412165511,7.91759106235902,8.4950810177533,8.62197469065874,8.7493161660563
"HSDL1",12.1935526427805,12.1661660726923,11.9436872433862,12.0316392030665,12.1123407560348,11.5074712701901
"TAF1C",8.16270466126642,7.86428286000716,8.18040388990556,8.18466272346384,8.32707031228796,7.68490726420632
"NAGPA",7.39420983209523,7.31457793993222,7.068411441721,7.29725485245688,7.74762087771799,6.97674618414927
"WFDC1",5.0958257135656,4.95891832408665,4.94418431550225,5.12120644125242,4.86095996838829,4.98896808752624
"SEC14L5",5.87520277529963,5.40267998277688,5.66493901424027,5.35063533644267,5.76091096778062,4.94087121374919
"COTL1",10.1141595522603,9.89719842839801,10.3452059712253,10.212542544881,10.1754756498246,10.2516065180537
"USP10",10.7179500915183,10.6449894070746,10.5862233628796,10.8611346285369,10.9841550791027,10.7491077727472
"CRISPLD2",5.0958257135656,5.69527237656877,5.86366298223323,5.54997731954909,5.49165273270531,5.42659714675519
"TSC2",10.0836561158489,9.75870566977397,10.03293168752,10.1333146962818,10.4233321331666,9.54349843488996
"ZNF500",8.26522052484028,8.10479135437735,8.23029881608044,8.39616812554411,8.53883685259872,8.17580479159128
"NME4",7.8436809557428,7.50359283809551,8.33761216785268,8.68125943046127,8.26884667424514,9.08212785604339
"ABCC1",9.03760802588162,9.11853268139743,9.19117879616763,9.17032802321791,9.35435897433361,9.4535460299137
"NOMO3",7.71416483505751,7.78980488734531,7.38491811861045,7.39175697258473,7.78075476438535,7.78075715668249
"LMF1",7.6314284560604,7.10286449688796,7.64962153261386,7.2748558624593,7.26885316310694,7.046535392754
"NARFL",8.37041808834304,7.85619776121262,8.24801918127465,8.66945861021299,8.86988525723704,8.02455368757363
"MTHFSD",8.42940778608008,8.38242541971237,8.65530139640871,8.67115039189151,8.66572736922091,8.99339964356511
"CLCN7",8.73260115285752,8.16806052790184,8.70095774384844,9.0494995534576,9.17083215375322,8.71409841552894
"HAGHL",6.51723368027146,6.186010907159,6.03261425473495,5.88579523582229,6.5226185101805,4.94087121374919
"FAM173A",6.39147731265288,6.0388771203416,6.36527543281753,6.54812888578483,6.86443091536721,5.881557447727
"SLC7A5",8.63584797194149,8.11158483754391,8.39038934388409,7.65260930612902,8.56218417374355,6.82548453408029
"METRN",7.9152037029292,7.58445013314384,8.47173911795696,7.83682709331949,8.00265669129451,7.53013951862878
"FBXO31",9.62470476824404,9.4204325526146,9.46475074526939,9.33071179407689,9.71337673421076,9.1425361134181
"STUB1",9.21711404294371,8.82313800716929,9.20028002284891,9.40059917819418,9.53649404024446,9.47471335786829
"RHBDL1",5.79147317606317,5.31286008562374,5.3782345210694,5.3049269085433,5.74380775294986,4.98896808752624
"NUBP1",8.16270466126642,7.98405883147454,8.07506041228118,8.52347122940924,8.11054322171175,8.83857486668005
"UBE2I",10.1449545486698,9.95660130771502,10.0150053440894,10.4053981045043,10.4777775823987,10.3178355714521
"CRYM",5.3344412562722,5.45795213323723,4.33057497578978,4.99090412180236,5.29596108369109,4.98896808752624
"EEF2K",9.37983895233699,9.39709472954062,9.17511183834421,9.25388019706793,9.33234937628214,9.19451663064525
"CAPN15",6.65375981739783,6.186010907159,7.15693190923556,6.99568221814795,7.1139774433399,6.33841262084272
"PIEZO1",4.87482195210638,4.69525161239808,5.41912560421338,5.58533341826546,5.07654591073903,6.00920807852439
"GSPT1",11.4459475192588,11.5707111594389,11.2699948799693,11.3971367061823,11.3714528724078,11.3948233736755
"ZNF174",7.74889523544411,7.90403269295821,7.80201515746545,7.70345665799784,8.14194509234496,8.04812198666522
"CLUAP1",9.71332196166359,9.85853759482996,9.75907485980954,10.1467242619125,9.77176180149116,10.8329220161693
"UBFD1",11.5844325311998,11.5475378412063,11.2855615006588,11.3533941266281,11.5458757782046,11.5397075041933
"EARS2",9.4915751603038,9.57031917524013,9.44957065374681,9.56496391462976,9.65252588033268,9.77788965154638
"TCEB2",10.2872668124115,9.91662941190163,10.5652636010855,10.8703472097278,10.9188385456935,10.5951317255398
"GGA2",9.58168080751203,9.5873979996678,9.1843149081312,9.74330915289094,9.60539451235307,10.1889813788266
"AQP8",5.29925920898593,5.24729833481842,5.0153475618871,4.87127988604197,4.80549449477315,4.58127373257168
"CPPED1",6.79714772954774,6.87743702785821,5.75456202992873,7.04984994513719,6.48584680311777,7.62771562040674
"USP31",10.3454685279972,10.3776869366369,10.1036999039303,10.0713786487663,10.2490670987411,9.97943845554583
"HMOX2",10.1687623417293,10.0694005034163,9.97582425945368,9.60438857104761,10.02589723967,9.04429341443123
"DNAJA3",9.47843965950462,9.27587715187871,9.41090534445228,9.46140673660271,9.4797881422926,9.56571578856142
"BFAR",9.744130597066,9.82293639194086,9.69938140990519,10.0455791967467,9.83310511631252,10.1516040247644
"SALL1",8.05621313627249,8.15825512381981,10.4297781462943,8.60009838252429,9.08125904235777,7.88558998999751
"TOX3",8.90851034575629,9.04620704156347,9.67512026675256,9.80689858718647,9.6991197898545,9.2198194259136
"RRN3P2",5.18373077138573,5.51016048524524,5.29031095099465,5.54997731954909,5.61575483702208,5.42659714675519
"RBL2",10.5915647608037,10.6191369234703,10.6655026229289,10.705943429482,10.7722618387713,10.8047029103463
"QPRT",6.32368052195683,6.50312951392523,7.47879312224272,8.06588533635117,7.43637318374401,8.98994182948811
"XYLT1",9.76711242144086,9.78326120433854,9.11381304264582,9.66666162928786,9.38912615350872,9.69120938399408
"RPGRIP1L",10.304727397056,10.4739312317159,10.0792625926663,10.4119749369873,10.0304585205524,10.9212246666996
"MAZ",10.796445477429,10.5361672653653,10.8275599722392,11.0591032932731,11.181226224742,10.306081099634
"STX4",7.9152037029292,7.68399881186436,7.96131375730328,7.91639054272443,8.1047588350883,8.40393712176816
"CDIPT",9.32054217147365,9.07072180600046,8.81209961871537,9.094276369162,9.37244676578344,8.8327937281246
"BCKDK",8.38304045874428,8.05982747804389,8.32515149771504,8.43456356962741,8.3925286683297,8.66286127681148
"KAT8",9.85441239444642,9.7906523347536,9.79103249136151,9.78834801625453,9.74702869507624,9.70074990293933
"NOMO1",10.4418019635402,10.4061414945366,10.3421285237396,10.0967245161765,10.2379363847295,10.6437340768873
"SYT17",7.6314284560604,7.55466948165894,7.81400512101009,7.63873556371324,7.49102369857769,7.53013951862878
"CCP110",10.6916488953613,10.731989373157,10.7661297785365,10.5677962438543,10.6387586804021,10.5837233723501
"C16orf62",10.3203449268557,10.3776869366369,10.4650971464213,10.5518512332332,10.4855485543243,10.6741735942038
"RNF40",11.0995658730175,10.9004776514683,11.01698267326,11.3935630271876,11.4734899075068,11.3324655962224
"KNOP1",9.48866649442987,9.63862317229147,9.25807536473635,9.68181827357675,9.70388779439902,9.54702929749518
"AAGAB",10.2602468813378,10.33356251374,9.99293363186966,10.3616402942819,10.0797026176174,10.5652801939699
"IQCH",7.32972286304845,7.68856882561223,7.21295211595265,8.47970653669681,7.5175727858162,9.38021350496554
"LACTB",8.26522052484028,8.26258314695662,8.07506041228118,7.74609406133652,8.05761978181695,8.04142784365371
"CORO2B",9.85102006064717,9.7694334360875,9.68487379556799,9.34771220024483,9.60233313144381,8.73077909581354
"CSK",8.87768241564622,8.42387953790099,8.6486588988822,8.54578554824596,8.99355396371596,7.75226551809383
"HERC1",13.8725257024114,13.9197774482794,13.6703338657394,13.4234635984005,13.8223232598107,12.8322192722355
"TRIP4",8.50926617579326,8.59808537311085,8.76068573776764,8.44053304872016,8.64401772608186,8.48982882985997
"MTFMT",7.90645762791727,7.8803163866039,7.82589467947357,7.64221678359325,7.65129641608071,7.84765914901282
"RASL12",4.33057497578978,4.84495094307666,4.33057497578978,4.33057497578978,4.33057497578978,4.58127373257168
"AP3B2",10.4832837073802,10.4441207841531,10.1145629917274,9.58570677428282,10.2053644450738,8.09412146387491
"ACSBG1",6.84487119178406,6.89367700381847,8.54514553185727,6.06802763232559,7.48206152541301,5.50195500208462
"IGDCC4",8.39243476627361,8.28376756721044,8.72640976160702,7.67656560704024,8.17543212017706,7.36709066927881
"RAB11A",11.9485348260483,11.9470823131578,11.439366435285,11.8288471194128,11.8220888502768,11.6447104996174
"CTSH",5.3344412562722,5.51016048524524,5.78285907365734,7.29725485245688,5.76091096778062,9.26198228739529
"TTC23",7.7875724749967,7.7597520469772,8.04999422004313,8.67284018235232,8.1047588350883,9.39857391585116
"CD276",9.72448909806986,9.58497052821773,9.67512026675256,9.97146855673525,10.0545445746198,9.95750243917388
"FAH",6.96163830026338,6.96445555233574,7.3355137098602,7.25209128692734,6.66836552419538,8.05810465205392
"KIAA1199",6.50519094232758,6.2134331229608,7.07853172863903,6.93928874200785,6.20569266903883,8.98820979985356
"RPAP1",8.5063864392058,8.32521805818853,8.70736316348302,8.59297437018921,8.72519991723393,8.54278339593474
"HOMER2",10.4402981757554,10.4047664165647,9.90388971251469,9.50277893649307,9.92253280682674,8.96373977128747
"EHD4",6.81643943712401,6.51389521262857,6.62882379950556,6.76771609134183,6.64378255741951,7.90418256067583
"TMEM87A",10.2542681673086,10.3270436387737,10.2683911394533,10.0841072808622,10.1651430073538,10.1631493248425
"ZNF106",11.717622854439,11.788503576432,11.840990461535,12.2868501698985,11.7926416852457,13.2352808492659
"CEP152",7.65780710654654,7.76840374055197,7.80802279742507,8.06071517241143,7.34027647530114,8.16968466716145
"ATP8B4",7.40049822086436,7.33818434225533,7.57388309620775,5.81805978469791,6.72402496561255,5.571858798105
"OCA2",4.87482195210638,4.77662214806139,5.33538540566403,5.02596345433389,5.07654591073903,6.27917803362026
"DTWD1",8.26180517451171,8.40744155608265,8.36221278826824,8.52721447592187,8.26884667424514,8.92079733641546
"FAM189A1",8.3672450358431,8.32521805818853,7.91203005704628,7.98901858476308,7.70220203043486,7.9901940216119
"GABPB1",9.50603103590383,9.46203997398007,9.67675044647636,9.64705986628676,9.49307364874882,9.55523447768591
"TJP1",10.2439609130473,10.4040783855632,10.7162975461353,10.927600997518,10.4456990795444,11.5529295237301
"BMF",7.8298603072803,7.72015244174919,8.38639790174872,8.41043380959953,8.42764195508111,7.81263346922393
"DMXL2",12.8593271920677,12.916051867403,12.7966540043643,12.4177702830489,12.7672730492362,11.8087480205187
"SCG3",10.7589385366158,10.7842111082375,10.8892938520199,9.90844979303263,10.5683746994445,8.41431335157591
"DNAJC17",8.09131659757039,7.99145094190824,8.05504282183853,8.06071517241143,8.31711312572518,7.94425053129944
"EIF3J",9.96315054112619,9.86255087296326,9.72324084022193,9.85002223884046,9.92171455537464,9.81837658300377
"SPG11",11.5071894681175,11.5841349092602,11.6410252509774,11.5764683729269,11.5198982526769,11.7309997721087
"RHOV",6.68580357978683,6.32990443424444,5.75456202992873,6.05671361986226,6.68450597902808,5.07532107295397
"VPS18",9.80266944667197,9.39154807483666,9.72953719702195,9.67510166164688,9.91350639206912,9.31127687122318
"OIP5",5.43226952355336,5.60690679268508,6.34796986470843,6.81899045926147,5.76091096778062,7.57744660476791
"SLC30A4",9.12641860295638,9.27738191812508,9.00632698038949,8.65755998564566,9.04711647923565,8.24145119078836
"BLOC1S6",11.1385657225989,11.2049672953656,11.0662963946911,10.7288151256053,10.8568565723409,10.5036569461595
"MYEF2",11.4474451972052,11.5437953192526,11.2233762449959,11.2703717645128,11.2645511288469,11.5634205711942
"SGK3",5.57553933579376,5.83429039028268,5.91449335713677,5.54997731954909,5.63503194179442,5.37273133131448
"PDGFRL",5.26254826080776,5.00838899562681,5.2426758087291,5.15028716110163,5.23931319139556,5.42659714675519
"CSPP1",10.171484267828,10.243353894989,9.90667041293327,10.4434291650108,9.93393982233857,10.8970030472078
"ZDHHC2",10.5517318800107,10.6379845630987,10.46792329465,10.6176669688593,10.3382175092983,10.7342228033332
"BRF2",8.4684138006245,8.34837600371051,8.25241517405332,8.47001307667684,8.63203623817222,8.37234968959896
"TRIM35",9.2047555698784,9.10503377358561,9.0166714329497,9.13770163197349,9.26938505771729,8.84624705286912
"ZFAND1",9.54994396821635,9.72272653330518,9.4890821908114,9.13647892555779,9.41029107734346,8.91168725703185
"CA2",6.81643943712401,6.94904069284673,8.34174173769797,7.98356144345384,6.8990831194017,8.8424160794459
"FZD3",12.9693590482953,13.1222917291308,13.1433009537904,13.4307047792115,13.0492484125114,13.9808247193398
"INTS9",8.44152310361832,8.31936955677578,8.55583946488962,8.6472820761186,8.65590003111265,8.61647784355767
"RIPK2",7.17640770575393,6.84436345213363,7.01666422632071,7.11722758116921,7.0723947844243,7.4811886036557
"EYA1",7.22704432932557,7.11665715258327,7.08857834537339,8.78175300944217,8.7382950326843,7.55871379354643
"NBN",10.4121914572103,10.4785135246828,10.176925725432,10.5468033148503,10.3571001736659,10.7170957400945
"TRPA1",4.33057497578978,4.33057497578978,5.0153475618871,4.55239249687834,4.56883750728876,4.33057497578978
"CPQ",6.49303627369584,6.45915625855364,6.57141063641404,5.789777878405,6.40903241569879,7.45097907944464
"DECR1",8.45054284500622,8.55895856412948,8.73270290508688,9.80766636997017,8.40667742405892,11.0403434470612
"CALB1",12.7229960151846,12.9337948969401,10.3214426332021,11.3881858537263,11.8414636507089,8.67368750799541
"IMPAD1",11.3434959183347,11.3827363050012,11.2361401128353,11.1632150588874,11.1525786113479,11.4129846882735
"SFRP1",7.57714608324443,7.60879611156309,9.64212327599654,11.2419793201732,9.11317602244787,11.6284263054654
"LAPTM4B",10.7745359700056,10.7472587978583,11.3800975914662,11.1769417593463,10.8624089069201,11.2874701246133
"UBE2W",10.6137467159266,10.7148932084062,10.3492990446625,10.2754870567662,10.4076415623159,10.2744957380448
"POP1",8.92152259713283,9.00318459435402,8.75451427131424,8.95414628407805,9.01060380982844,8.51414176231219
"NIPAL2",7.55483479848096,7.50878465907413,6.88387612917015,6.89243729035956,6.70835702131992,8.502036828472
"IKBKB",8.50350090748699,8.44818824425593,8.81506742590681,9.2103881604142,8.68904210188699,9.74548035681283
"PLAT",6.4305009759227,6.55609522107361,8.31258139993345,8.51783797575473,7.3501882512894,10.1430783246224
"JPH1",6.78739762772996,6.58688018095247,7.03759706541257,6.19617072220197,6.8853279124242,5.47749470033185
"STK3",7.24819384114694,7.22231829608507,7.66959197425824,8.05031828145981,7.33529412807663,9.19151037447996
"GDAP1",11.8602167033098,11.9162963946246,11.6982940330821,11.4897070142353,11.8697284932047,10.653588445222
"RAB2A",11.745892474503,11.7913998064268,11.3462006217653,11.4088168469509,11.6522660093878,10.8886834300742
"EIF3E",11.2310354767845,11.2978852235226,11.7564607665899,12.2820262951469,11.6728283538099,12.8756604689122
"EMC2",8.81164057880624,8.82313800716929,8.56645426454561,9.48368376482266,8.76230225491156,10.7698933247378
"ESRP1",5.6525384434395,5.58358169504195,5.63329680407505,5.0909007841773,5.11210946503177,4.58127373257168
"WISP1",4.33057497578978,4.33057497578978,4.7660846074949,4.77291247508709,4.66714835127326,4.33057497578978
"NDRG1",8.25494991047756,8.32229679462841,7.72150846225944,7.3792398886982,8.27914422267056,6.79310186108496
"ZC2HC1A",11.0516255131654,11.1274852753806,10.839247203049,10.690630311465,10.9620469724212,10.1124380056731
"IL7",5.5207400332063,5.94108086001497,5.49586482724437,5.28112095084593,5.59610890044655,4.83010453277739
"STMN2",15.1905675573208,15.2301496769042,14.6646231256448,14.469914825311,15.2087196431502,12.2474277951657
"ARMC1",10.4266930503723,10.524819433058,10.2770116390974,10.4537632738557,10.5563026914651,10.2121374577257
"TRPS1",10.1921833885896,10.2271065561581,10.4024631958566,11.0278285900782,10.5870694607354,11.583031209187
"SPAG1",7.58266920398658,7.79827577472242,7.58093875215175,9.27069279089424,7.55648106711701,10.5917186852178
"CHRAC1",6.95300237665677,6.97969885755654,6.87220484073834,7.41646081015636,6.93287609499554,7.56342037115229
"NCALD",11.9349864689044,11.8091758421649,11.5403647952341,12.001269141599,11.2751567116171,12.6382803585433
"SNX16",8.33186933541099,8.3339462476181,8.50155413570858,8.14859490983899,8.3295488236368,7.65439943255611
"UBR5",12.4903492013873,12.6205710338428,12.5910653431231,12.5731979795388,12.5977739217089,12.5860725257211
"TSTA3",8.0202238731561,8.01339992660753,7.98268170929863,8.58760805312461,8.39962051460941,8.87840452188125
"PYCRL",6.62092605244302,6.34220771365591,6.44847108684433,7.3149188509121,6.92618409152662,7.23694571614715
"EEF1D",10.1912895790064,9.82807643487866,10.7949230391652,11.2141749500122,10.7889545354775,11.1676653175709
"ANXA13",4.33057497578978,4.90491546544878,4.33057497578978,4.55239249687834,4.56883750728876,6.06819675099262
"SQLE",11.6313079014245,11.6954276342396,11.035514715739,11.5985871735637,11.8097632271594,11.1550032387782
"INTS10",10.0346636124938,10.0413536694145,9.99293363186966,10.0179834881055,9.88692168701397,10.1979891906966
"ERI1",8.13308036283113,8.35981600411131,8.42192671374476,8.76601245500825,8.39726046490169,8.93165377732011
"SLC39A14",9.2586980905036,9.11853268139743,9.10656909142671,8.88735807625832,8.99355396371596,9.00029043092283
"MTMR9",11.9020508856944,11.9323679552984,11.5818234780403,11.5687930990665,11.8494423904459,10.7618174911545
"LEPROTL1",10.4470529060544,10.4554550553221,10.2054313535062,10.4124796069576,10.5483748490582,10.1461844154801
"DCTN6",9.45030942179406,9.51783320618789,9.20706837381123,9.44669038268896,9.31748715572539,9.40896142996739
"R3HCC1",9.80500901233965,9.31009499655126,9.23168862503101,9.64190220288678,9.87682463747538,9.13941917106147
"GSR",10.2738201356988,10.3065721533417,10.0829547003338,10.2366836592537,10.3289911989534,10.1677416828028
"TNFRSF10A",4.80259831140558,4.58878259651035,4.33057497578978,4.99090412180236,5.23931319139556,5.40006335275449
"UBXN8",7.00402004987821,6.83596763058775,6.98465473288329,7.21487597511706,7.04190649928189,7.24286392443478
"PPP2CB",10.8151295052159,10.7198775221174,10.7522876054452,11.1799086181256,10.9516661623472,11.8785574555998
"ERICH1",8.26180517451171,8.28676846667809,8.1239092480457,7.84287586624285,7.96480054455903,7.70630283433365
"NEFM",8.83704947571897,8.87975663685593,9.27108955064791,9.49517121676013,9.90525122021816,8.10378848219492
"TUSC3",11.7760047280611,11.8172074998869,11.5935148261614,11.7515894976304,11.5155679930686,12.071181072337
"NEFL",12.5105488792169,12.3573901042053,12.7250414084546,12.3186933261194,12.9599471056467,10.3315427948304
"ARHGEF10",8.49190035684375,8.68921314870482,8.85021110553315,9.0739797299561,8.79130923560853,9.78288840909747
"KLHDC4",8.0758215895408,8.13844004306714,8.18960621252554,8.119070193026,8.01196563195928,8.03806895081865
"MCM4",10.5164874049993,10.4941146172664,10.7147122031833,11.2106976816025,10.6823945905577,11.499905372312
"KCTD9",8.00802268876163,8.03501602693746,8.37435639784723,8.30745435225579,7.70220203043486,8.7493161660563
"ASAH1",11.2504698429215,11.2443168819371,11.2759192520456,11.0274992169016,10.8986109835384,11.5555594470137
"BNIP3L",11.8283844547966,11.8473769887924,11.6418595914399,12.0337725104678,11.9666921865484,12.0219528148363
"MAN2B1",7.65780710654654,7.37856072812948,8.19418524668406,8.97482478702602,7.96799393447305,9.34548181011079
"NUCB1",9.51177300923692,9.26074234505838,9.65375837200941,10.0133324062084,9.82525033710253,10.6617492953671
"DHDH",5.9903111609895,5.6520241287847,5.7255112363932,5.56781120866857,5.84266003333913,5.37273133131448
"GYS1",9.10567464107961,8.73598687261204,8.98277629335664,8.81884130430585,8.83549185548443,8.96197587533801
"MAP4K1",5.26254826080776,5.28072429172865,5.3782345210694,5.4150421589993,5.4465120496375,5.18746296578136
"ECH1",7.7827951013011,7.53953995283721,7.76542522490381,7.96706345031109,8.12204215059239,8.05810465205392
"HNRNPL",10.7864202580717,10.6467353150104,10.5305406119189,11.0145946430421,10.9790529583361,11.0116860732431
"NFKBIB",6.65375981739783,6.48132831963925,6.83657729618024,6.78071837564872,6.9059090040073,6.36135507851925
"TUBB4A",8.56844213982876,8.72719425366383,8.41802230083098,7.36237456870527,8.43686196165172,5.59411117987997
"SARS2",5.79147317606317,5.92395793531019,5.63329680407505,5.91179944389842,5.79433681434327,6.03906618111504
"SNRNP70",10.3669993132276,9.97710482637841,10.0569091531189,10.5468033148503,10.6838427085039,10.3150784213148
"CLPTM1",9.86117320294628,9.73153158762709,9.58596988757857,9.82672920228231,10.1259000057709,10.0574050125979
"RELB",5.46268370782665,5.31286008562374,5.33538540566403,5.6525587184268,5.7264309006772,5.571858798105
"CLASRP",7.99571614512264,7.76840374055197,7.64962153261386,8.12403356891573,8.19460977828675,7.8047312544377
"LIN7B",7.80180884767914,7.66556973088888,7.64962153261386,7.09684393445061,7.61085210505094,6.06819675099262
"PPP1R37",8.38931017155583,8.09796538318799,8.28281454063482,8.44449893134492,8.86136375746045,7.90048343971049
"FCGRT",6.32368052195683,6.186010907159,6.49593802186075,7.27033258636037,6.68450597902808,8.2030255287367
"PIH1D1",8.84162139295442,8.44818824425593,9.00112672005549,9.31350826657486,8.84070362922729,9.47594886029437
"ARHGEF18",8.17728956042556,7.73788899500471,8.05504282183853,8.33336699321054,8.20004216916311,8.06801793626152
"PPP1R13L",4.93817568778476,4.77662214806139,5.19204933581343,5.6525587184268,4.80549449477315,6.50127544507696
"PEX11G",5.18373077138573,5.43072800972915,4.86296472820736,5.28112095084593,5.57607598002124,5.8297852851543
"ERCC2",9.25013325340414,8.99039008987239,9.05732098349954,9.26399129666955,9.26293448311582,9.21834327551738
"DOT1L",8.5063864392058,8.0876648197721,8.83859177605447,8.73885120153711,8.89348015170076,8.03806895081865
"PLEKHJ1",8.72519533274996,8.28676846667809,8.72008892138754,8.9925087478252,8.91175107734604,8.71409841552894
"SLC17A7",5.18373077138573,5.17594971784969,4.86296472820736,4.99090412180236,5.49165273270531,4.58127373257168
"RNASEH2A",7.87541577034497,7.62797515941513,8.2258341973096,8.42053730713915,7.9127074203427,8.47751598523127
"SF3A2",7.74398555506371,7.20954211151148,8.24360963406932,7.81545119961751,8.09603806330343,7.30070367541957
"AMH",6.12819034179057,5.45795213323723,5.78285907365734,6.1757212913575,6.29531752794964,5.63720988468804
"DKKL1",5.3344412562722,5.34383018699978,5.2426758087291,6.33065288233021,5.81067810207035,6.62764561149741
"OAZ1",11.4350426014029,10.999439680925,11.4958345349111,11.8005991143733,11.7847914789625,11.4520898017377
"TRMT1",8.3576834732361,7.9691585288187,8.55228367163176,8.56411924472429,8.83375038892649,8.24145119078836
"STX10",7.71416483505751,7.57459293577644,7.83768552609725,8.46806649383119,8.18642227683518,8.49716609551852
"DMPK",7.91955666087489,7.35563129640412,7.98797398522681,8.01599512300708,7.96480054455903,7.69778336659097
"TBC1D17",7.97914030923466,7.72015244174919,7.98797398522681,7.98629262707594,8.33202305094227,7.96209693964475
"IL4I1",4.87482195210638,4.95891832408665,4.94418431550225,5.12120644125242,4.74232802187034,4.83010453277739
"TLE6",5.36825224778896,5.31286008562374,5.19204933581343,5.49445599134623,5.4465120496375,4.94087121374919
"CCDC130",8.51787084776974,8.22238829450998,8.73583916653005,8.69462837543844,8.71955096668675,8.55455063590187
"PTOV1",11.0005072581504,10.5897905133418,11.0588185400156,10.9968705264693,11.1205017915401,10.468731165745
"AES",11.0716732537158,10.7650497997457,10.8680575603591,10.9655773209506,11.534150097041,9.81740250894982
"NOVA2",9.72695897567853,10.1130021268075,10.5332414947221,9.3811224815892,9.41727749064228,8.62542911699738
"SGTA",9.7477837601439,9.24236800755149,9.75136029724379,9.95493109518047,10.2120718050124,9.28895141613227
"MED25",7.82057125999519,7.48263188491263,7.86674150542615,8.19176830058879,8.02428372515973,8.14493855589429
"SNAPC2",6.81643943712401,6.45915625855364,6.78756865288512,6.71441314140921,6.9395354864449,6.95509811538612
"C19orf53",8.37041808834304,8.31643631995126,8.7295597801929,8.96796493881151,8.70246955679619,9.28895141613227
"TIMM44",9.04357016000457,8.66639283668562,9.01409228622228,8.93034543479799,9.0694750500515,8.67368750799541
"CCDC61",6.37820212442732,5.69527237656877,6.11933501176659,6.25557621208894,6.00415649635366,6.27917803362026
"IL27RA",6.86349994425119,6.39026961629101,6.36527543281753,6.59355663474754,6.66836552419538,6.3267847648848
"ASF1B",6.02629639048941,6.12926986364968,6.18054720532947,7.61412392885074,6.10909595759182,7.98322153745751
"TNNT1",6.37820212442732,6.39026961629101,6.23887088147353,5.88579523582229,6.58458917618073,5.07532107295397
"VRK3",9.23110929370375,9.18579436923497,8.92353013357852,9.47113476364875,9.36403406204377,9.72588673215536
"FAM32A",10.881453855339,10.7396442923788,10.6866828411263,10.9437498095141,11.0759794549039,10.6992343420614
"PPP6R1",8.54337936186997,8.28676846667809,8.42582051594171,8.61071852248022,8.88845660449804,8.3908602425552
"C19orf44",7.71917874513055,7.78128312950899,7.65630972635039,7.96152137609717,7.97435931340285,8.59385229957226
"MED26",6.97022010436025,7.09591621670021,7.24013763794434,7.12730784464336,6.9593212858361,6.6089740508496
"OLFM2",9.37983895233699,9.21749826545531,8.88733802173831,9.05598220130418,9.66724897393888,8.28736940950781
"AKAP8",8.82555564119064,8.61487346962936,8.68806054272475,8.85796865252686,8.81974215812213,8.92623580383093
"ILVBL",8.65676595333436,8.19068144629386,8.55228367163176,8.76601245500825,8.90181391526014,8.44246649152755
"ZNF419",8.94507676775659,9.1117990574556,8.95883351473242,9.01397929669736,9.15698122036484,9.15493680664389
"SYDE1",5.87520277529963,5.40267998277688,6.03261425473495,6.84391681936885,5.88899535302041,7.75637096599122
"SLC1A6",8.59035842953819,8.33684385775816,7.20377091105087,6.25557621208894,7.63928417600274,5.67858866699434
"AURKC",5.57553933579376,5.88893120691801,5.69565584988958,5.51331587387945,5.4465120496375,5.40006335275449
"POP4",8.70274593815867,8.63382242970392,8.63863716092216,8.57681482929997,8.60776895714336,8.51414176231219
"CCNE1",6.57584372992704,6.69400971602305,6.6004284650849,7.0338224137936,6.67646014042819,6.91074633659562
"URI1",10.5579854162325,10.5885799229776,10.3256036191897,10.378270052112,10.3894133763785,10.4411802903712
"PDCD5",9.31069212483879,9.12523494112062,9.12580583788367,9.17747896923863,9.26938505771729,8.95312379390624
"ANKRD27",9.72325257000478,9.58375525699587,9.46663705687882,9.54022628087655,9.66333750182119,9.27765750909131
"RPS16",9.76711242144086,9.26681537460295,9.20028002284891,10.2765963671234,10.7219323849184,10.4424440880327
"TIMM50",9.46222076142838,9.23928268629442,9.35496830894949,9.56768650211998,9.46525586853287,9.29456531891408
"FBL",8.40795631508327,8.06683790162421,8.80016670972546,9.09301618327738,8.66768478986377,9.40507488690959
"DYRK1B",7.75378797125387,7.53953995283721,8.18040388990556,8.10658572845733,8.23750160145687,8.07458872633557
"CNTD2",4.80259831140558,4.77662214806139,4.33057497578978,4.33057497578978,4.74232802187034,4.68467332000649
"GPI",12.1608335419845,11.9843756341229,11.5630060694233,11.4346322320433,11.9469297271379,11.0378376327597
"AKT2",10.0894248869545,9.84033825970339,10.2043018834589,10.2925861966352,10.178218560946,10.4284810222089
"PLD3",11.6763886399491,11.2381543943158,11.5709130146878,11.5970343114037,11.8401656326376,11.8873987885751
"PRX",5.91485715615986,5.48441204341114,5.53204272811162,7.27033258636037,5.8583162996779,8.43229287086765
"PIAS4",8.64895738851833,8.30464288391456,8.20329953523338,8.57681482929997,8.86307210392134,7.9406542465097
"NUMBL",8.09900146138285,7.86428286000716,7.95592129618506,7.86086919678128,8.18642227683518,7.85914506417443
"CCDC94",7.89765744756007,7.45598363703094,7.61569752442371,8.02929430294095,8.18915665934638,7.48616102253718
"SHD",7.4376478785882,6.69400971602305,7.04794528740955,7.3792398886982,7.74015144791177,5.94713050764567
"TBCB",10.8087341334052,10.5782486689762,10.6866828411263,10.9265415073847,11.0036121325177,10.4418123276454
"FSD1",9.63394741902106,9.23773754230105,9.39514380663259,9.4036505091447,9.73216919907673,8.11975609815991
"POLR2I",8.42025359754767,8.13511063516641,8.54871904204772,8.65585210283206,8.68904210188699,8.6453676721399
"CLIP3",8.79051201102661,9.39293674259061,9.49093692650709,8.60895394823376,8.91669401918567,8.32086608716149
"ZFR2",7.16159439458307,6.83596763058775,5.96317797384801,6.50107558601883,7.18803634019307,5.59411117987997
"SLC1A5",6.64290506183329,6.14370258404416,7.44043827095953,7.69007498685752,7.28446871963351,7.53494230908478
"PRKD2",6.70674692185684,6.81046349923715,7.35217632584177,7.40416328095667,7.12563200576146,7.88932800041491
"TJP3",5.22411723473243,5.2124335202594,4.94418431550225,4.55239249687834,4.91093888395682,4.33057497578978
"APLP1",11.7804678399147,11.5280961152782,11.2455022130252,11.5653939230724,12.0953948821367,10.8615445909114
"CACTIN",7.74398555506371,7.16387706458242,7.79598198249195,8.14615769796809,8.24277372158141,7.83607962613993
"CCDC9",6.57584372992704,6.00716920758814,6.54174004934149,6.63025606291703,6.8573932640096,6.59003562630551
"HNRNPUL1",10.7198105221491,10.7385532167882,10.8165165119664,11.0985214597558,11.1254833539763,11.1387254271198
"FZR1",9.71829582008289,9.27587715187871,9.58075482190222,9.63672601098936,9.99277876674985,8.94242885835458
"BBC3",6.2520628250378,5.85279833732561,6.90692282347899,6.78071837564872,6.91270089209392,6.6089740508496
"TGFB1",5.0958257135656,5.13762512309315,5.93909051704448,5.60255728389094,5.17836802896297,5.37273133131448
"DENND3",8.16270466126642,8.0421491716111,8.20329953523338,7.10707332424053,7.70604305136319,6.16496703674859
"ATP5SL",8.4743216125901,8.29870951892699,8.41018140881965,8.88881189157477,8.64202774393158,8.462599597548
"PLIN3",7.36233757036877,7.31457793993222,7.73419557219369,8.83552536934532,7.91932429112947,9.56106683991954
"MRPL4",7.21276396249247,7.039033598319,7.3438698231556,7.61766623238105,7.72130380530875,7.46616498671517
"RPS19",11.8691840934057,11.5109468459637,12.8082203406684,12.9154887711075,12.5754559565462,12.7946205192734
"GLTSCR2",8.3955525598657,7.95788010161699,9.06979195486079,9.19754913987009,9.21160267712732,8.88772728677559
"ICAM5",5.26254826080776,5.37374005388151,5.81044805857035,5.47521948736164,5.17836802896297,5.47749470033185
"ETFB",10.1696702215018,9.88047361068098,9.69777664677244,10.2732658725175,10.7020607829604,8.77567654292518
"BABAM1",8.23069435517052,8.20026757039308,8.10942933195419,8.33764052430915,8.29191279490082,8.40393712176816
"TYK2",8.37989528015012,8.13177344649862,8.26552265982298,8.92185017615449,8.99043215863396,9.07724899126205
"CDC37",9.7477837601439,9.46863970020116,9.49093692650709,10.1467242619125,10.2497191784944,9.99761020480449
"NAPA",9.70582883572205,9.56046816821055,9.58423362899804,9.74330915289094,9.93556205199981,9.42696122700476
"RABAC1",8.39243476627361,7.93121104702694,8.39038934388409,8.7723293876574,8.83896847052867,8.51414176231219
"ATP1A3",12.0252526108416,11.7890305963786,11.9000682639778,10.934644446324,11.7458111389002,8.64756606686462
"MEIS3",10.5164874049993,10.0952079242893,10.6179510875721,10.6333374179701,10.7804067440489,9.78687496907103
"PTPRS",12.6494296612029,12.4223541965074,13.0026191089408,12.6327632026925,12.7845836270255,11.9500385685841
"MEGF8",10.7541051931814,10.5152942161891,10.875880552009,10.5938373437618,10.8696375508573,10.2002323779949
"KDELR1",9.30574171583997,9.2408261735256,9.33031373473615,9.79300809192262,9.63265810543118,10.2566446749957
"CYTH2",9.95263850782775,9.55054933692076,9.37318611230145,9.86115933862758,10.0848281613554,9.73829261002681
"GRWD1",8.28217602211833,8.03858705976951,8.37435639784723,8.45042725300099,8.25326000806279,8.39872068668933
"GRIN2D",7.40049822086436,7.37286346670873,7.74049678459003,7.08653824488785,7.6432996066977,5.93108273336772
"CLEC11A",5.29925920898593,5.43072800972915,5.3782345210694,5.93722994218226,6.04459192115025,5.45239055899795
"CCDC114",4.93817568778476,4.95891832408665,4.7660846074949,5.54997731954909,5.42310223496893,6.12443048056718
"CARD8",9.15055477558203,9.28637763563983,9.46097069480703,9.35087755159899,9.1967872408092,9.65349499773249
"LIG1",9.13760869997324,8.81278855898003,9.19801010582148,9.40770891967464,9.20757720371801,9.31404336851494
"ZNF175",8.83704947571897,8.79607281247516,8.80614555166744,8.68795946244627,8.69673030126211,9.18547895858067
"PLA2G4C",7.77319182083642,7.48263188491263,7.66959197425824,7.44073724444138,7.7916296063901,6.94047352051505
"HAS1",5.5207400332063,5.17594971784969,5.0153475618871,4.77291247508709,5.23931319139556,4.58127373257168
"RAB3D",8.85525052266829,8.85374652070242,8.8617372504545,8.67284018235232,8.89180758578744,8.75136115035332
"DBP",6.44325127059483,6.26653250017841,6.0767532850492,6.1757212913575,6.75482273122502,6.56110919235617
"TMEM205",7.93683654726281,7.94651162791852,8.13348157800378,8.43655616027932,8.21889457472418,8.96020981308936
"CAPS",6.32368052195683,6.29226341962715,6.3126379774091,7.03918568086747,6.7774670989655,7.046535392754
"RASIP1",5.46268370782665,5.17594971784969,5.13786241172375,5.25661469107151,5.39908280147121,4.68467332000649
"BCAT2",7.61536167932807,7.41780607457735,7.53806547190816,7.47246663132317,7.70604305136319,6.9032122694239
"MIER2",7.82522337839033,7.66092470637922,8.06007361605457,7.94757108047335,7.95517718205707,7.59593397339744
"PLEKHA4",5.26254826080776,5.37374005388151,5.78285907365734,6.71441314140921,5.93352705716022,7.66755485403753
"PPP2R1A",12.5355831578141,12.3161186620222,12.3205558514737,12.5611888172112,12.696712662827,12.1413295577917
"TNPO2",11.4737734557006,11.3148202917094,11.3860854707648,11.2555424647615,11.640880229851,11.159236293532
"WDR83OS",9.67673871521427,9.47389779465176,9.76214915872482,9.9070176017095,9.75899022482665,9.9881202432682
"CACNG7",8.56291035292436,8.20978982772904,8.43357651933152,8.60364716934095,8.95723743288725,8.18493610461721
"GCDH",7.68370276245463,7.57953014147469,7.70226217510557,7.94476454338072,7.77711121507535,7.76861647121532
"DNASE2",6.90898517037246,6.67516177549202,7.68928444166657,7.8337930208669,7.078412375402,8.68014427585977
"MAST1",10.0145907207525,9.80427895933536,9.7682781516922,9.23458549296627,10.0848281613554,7.33429105777317
"LENG1",6.26671530794524,6.48132831963925,6.58599920034065,6.85621029266722,6.79973756323268,6.82548453408029
"PRPF31",8.72519533274996,8.70944585771889,8.88168823501977,9.39345416284459,9.27324157434782,9.33326142907186
"TFPT",7.27590283438528,6.81901835644222,6.98465473288329,7.38759701988348,7.57764163262191,6.92569080701315
"JAK3",5.6018543074561,5.67386991742712,5.0153475618871,5.25661469107151,5.39908280147121,5.18746296578136
"RPL18A",11.1217794568796,10.7374613151896,11.6837835172468,11.9157652536445,11.8743859248702,11.5680588805064
"KCNN1",7.3493827656466,7.19015494350677,7.31014150476043,7.66634825729697,8.09895091182468,5.65810362455486
"ARRDC2",5.22411723473243,4.77662214806139,4.94418431550225,5.15028716110163,5.53476861827663,5.03357482878391
"RAB3A",9.32869938005294,9.00681935856758,9.08707167074037,8.48933489126633,9.36041351770686,6.77661481002274
"PDE4C",6.66452682316319,6.41364234346673,5.78285907365734,5.47521948736164,6.10909595759182,4.88837907797739
"ISYNA1",9.30904387899255,8.69824067719828,9.00892007671385,9.27847197614137,9.33849697587482,9.46105242302031
"ELL",6.58725916525107,6.44792678694728,6.58599920034065,6.91606405592489,6.82887204270028,6.68213699712675
"CRTC1",8.76425898750754,8.42931722170164,8.99851952195043,8.21054558503974,8.56638861486144,7.44588042081582
"KMT2B",5.40082433975998,5.43072800972915,5.19204933581343,5.15028716110163,5.20943279770974,5.18746296578136
"UPK1A",4.80259831140558,4.58878259651035,5.19204933581343,4.64396487703681,4.56883750728876,4.98896808752624
"COPE",8.69265465787643,8.22552063969282,8.95076317415032,9.29171070157577,9.25905021885457,8.68657213707634
"DDX49",9.17429280666517,8.83545975204215,9.20932406146196,9.24256171611127,9.48976374222477,8.81139499085974
"ETV2",5.3344412562722,4.95891832408665,5.13786241172375,5.23135019106063,5.57607598002124,4.94087121374919
"ARMC6",9.17248064076179,8.77490088306464,9.25589484940974,9.36242467049978,9.57344211691196,8.56622213080097
"TMEM147",9.31726630418808,8.93994519669123,9.11140244211204,9.51128986746541,9.32121711763132,9.91806521864123
"TMEM59L",9.2047555698784,8.67784833156328,8.64198552070115,8.41043380959953,9.12318472731536,7.046535392754
"USF2",9.06522230888423,8.81070969432837,8.77599939552662,9.24596661439745,9.53649404024446,9.0359351897188
"LSR",4.60390596466056,4.33057497578978,4.7660846074949,4.64396487703681,4.74232802187034,4.68467332000649
"KXD1",8.65676595333436,8.56637658396346,8.82098471473035,9.06500910952354,8.90844631601676,9.0207668972356
"FKBP8",10.358266282277,9.87154009931891,10.0706107253292,10.6415397948261,10.797451967492,10.4124480383519
"SUGP1",9.0475312317789,8.80862781770716,9.0166714329497,9.15712495262734,9.34949694348748,8.95134681958924
"ZNF14",9.27904815998446,9.35496452350424,9.24713960886293,8.96933952878185,9.05908427896942,8.75747869292391
"SCN1B",5.79147317606317,5.53524434648493,5.33538540566403,5.6525587184268,5.55563637036578,5.25394328805817
"PBX4",6.9787484957864,6.75796460995273,7.05821634900997,6.75458712720843,6.89222287773343,6.7682951030033
"ERF",6.64290506183329,6.11466471136286,6.98465473288329,7.35812631090714,6.8503189605295,7.56342037115229
"GSK3A",8.44453599608621,8.5136262916019,8.23474953725857,8.21752395515374,8.49759222236428,8.08438851703836
"ATP13A1",8.75216532715029,8.49819140515285,8.66191329916477,8.86832344350265,9.0167539828374,8.74316368628158
"ZNF574",8.22719544304341,8.02784701667875,8.18040388990556,8.05292461804842,8.39489652046429,7.76046456131871
"GRIK5",8.04032994299301,7.90403269295821,7.97736969900184,6.93928874200785,7.93573309563782,6.12443048056718
"SIPA1L3",8.59035842953819,8.54400644205889,8.94806296378413,8.32046931273056,8.62802007937459,7.93343430385265
"ZNF85",8.39243476627361,8.42660095928725,8.41018140881965,8.5328110900739,8.34433044553688,8.16968466716145
"ETHE1",6.37820212442732,6.41364234346673,6.33042650449943,6.71441314140921,6.72402496561255,6.70857049326097
"CADM4",10.6789539142933,10.3277694152398,10.5466705527241,10.6307374719755,10.9023475791063,10.3518623762072
"SMG9",8.92798482432825,8.79817294655836,8.85310131906389,9.11801255140461,9.26164089249891,9.27907410215649
"AVL9",11.1085870653139,11.1802693884166,11.0374183041874,11.0494025925287,11.1944931671819,10.738858737485
"RUNDC3B",10.4759632262862,10.4758968546978,10.0137163205969,9.5476003377373,10.2019990280019,7.57744660476791
"C7orf63",7.12385340854776,7.27840315363716,7.03759706541257,8.30527363848017,7.10222383794015,9.72588673215536
"GTPBP10",9.28744318416097,9.32763009518005,9.27108955064791,9.40263411699781,9.27324157434782,9.38811093310737
"RASA4",7.037008143838,6.89367700381847,6.69726825935597,6.03376044615837,6.55838671547071,5.61588662529712
"CDK6",11.4049110219485,11.489705928091,11.753375866775,12.5933646417341,11.1165756018497,13.8401543796683
"PMPCB",9.88679977908324,10.0413536694145,9.88427314208673,9.98849568619539,9.97632385144742,10.1934923192064
"DNAJC2",8.4743216125901,8.72719425366383,8.28710505000652,8.53467178538634,8.52161505215278,8.7956296465034
"TFPI2",5.29925920898593,5.34383018699978,6.36527543281753,6.366589959339,5.29596108369109,7.55871379354643
"BET1",8.33836663722997,8.26258314695662,8.10456986944914,8.48741438657549,8.36863232350315,8.7936467598063
"NAMPT",10.3146107606063,10.3292198732048,9.91359878523495,9.69681715217331,9.74887540497352,9.30433728213604
"TWISTNB",8.86426533335222,8.89356954853587,8.76989350743494,8.73885120153711,8.71955096668675,8.8858675645699
"PIK3CG",4.80259831140558,4.69525161239808,4.33057497578978,4.33057497578978,4.66714835127326,4.58127373257168
"PON3",4.87482195210638,5.40267998277688,4.33057497578978,4.82464481268825,4.80549449477315,4.83010453277739
"PON2",9.69955466223707,9.82910224740555,10.128920947657,11.3465451934058,9.83918493067466,12.1368486942998
"ITGB8",12.4319726976533,12.4592450077828,13.5303595126813,13.6225923871333,12.2341204315822,14.6323133290859
"HBP1",8.50350090748699,8.65484519824644,8.95076317415032,9.67173157869066,8.83375038892649,10.3592417279578
"DUS4L",8.30226088705486,8.30760036652845,8.18501245887936,8.15830238138819,8.17267132180461,7.97269840201164
"SP4",10.8110630054927,10.8733965554711,10.8673442708367,10.6393857933043,10.8050127288884,10.0811323440527
"WDR91",8.66453227349511,8.59567095972145,8.51987851266151,9.16793645687586,8.86136375746045,9.60802196881137
"DNAH11",5.40082433975998,5.94108086001497,5.66493901424027,8.15830238138819,5.70876948923922,9.68908066316949
"CBLL1",9.6613248769155,9.75006558627694,9.5038536350343,9.52536395279197,9.73496705072022,9.45980407102384
"MTPN",12.0014906170395,11.9723607306895,11.8718988878735,11.9453564167045,11.8625009377166,11.9894724765067
"STEAP1B",4.60390596466056,4.69525161239808,4.86296472820736,5.05921631031587,4.86095996838829,5.50195500208462
"PTN",13.7198680673645,13.6778851230931,13.228105940915,14.7426858479795,14.0280759494535,14.2452716408335
"MPP6",11.5175643162968,11.5406691168877,11.2449531800352,11.8007918473411,10.9089666081544,12.5341282164255
"DFNA5",9.72819232885388,9.53805398332217,9.66201200638002,9.99120145968327,9.7889155862531,10.5860122739545
"ATP6V0A4",5.3344412562722,5.58358169504195,5.60065691610817,4.87127988604197,5.57607598002124,4.58127373257168
"ZC3HAV1",6.72736783383392,6.71259577484945,7.68928444166657,6.45226469243349,6.43837371911831,6.91074633659562
"TTC26",8.33512167246894,8.43473434811985,8.43743883491317,9.07653252401615,8.36380483164449,9.73829261002681
"OGDH",10.593595459399,10.3457961125141,10.2378069442757,10.3875406965163,10.5668058085458,10.3322247475664
"ADAP1",6.45587737080958,6.12926986364968,6.14008014374634,6.33973246271108,6.67646014042819,5.22140032273235
"TFEC",5.22411723473243,5.00838899562681,4.86296472820736,4.99090412180236,4.66714835127326,4.83010453277739
"H2AFV",11.1418071555279,11.2859859371951,11.3004336069258,11.673962824482,11.3836814295997,11.7999026726993
"CAV2",5.3344412562722,5.69527237656877,6.73671357377245,5.96211569431352,5.42310223496893,6.44923337026561
"CAV1",5.04742567774093,5.55970553524277,6.94077887024594,7.38342468393395,6.32734927396785,8.49472451004464
"MET",5.5207400332063,5.51016048524524,5.96317797384801,6.01035734573399,6.71621387992826,5.65810362455486
"RNF32",6.51723368027146,6.70333499340347,6.41583398350578,6.3841869298852,6.46706506058221,6.72590736183652
"LMBR1",11.4095287079891,11.4049117682298,11.1642082065961,11.0182460990497,11.1469901655882,10.8629609175869
"DNAJB6",11.1085870653139,11.0265107674153,10.757686469739,11.1313841811419,11.2964523270856,11.0770107361081
"HOXA2",5.0958257135656,5.17594971784969,7.90084240602467,6.76771609134183,7.51318256092913,7.2487570893267
"LFNG",8.00393230488051,7.55967679243628,7.91759106235902,9.02987446112579,8.34677927873071,8.92079733641546
"HOXA5",5.6525384434395,5.62971160557788,5.88936033417274,4.91404266993799,5.23931319139556,4.94087121374919
"HOXA6",5.22411723473243,5.17594971784969,5.56693702969189,4.77291247508709,4.95674843757777,4.58127373257168
"BRAT1",8.11424816097241,7.66556973088888,8.00894867808749,8.50270687142641,8.63002956351772,8.04142784365371
"IQCE",10.3725292855481,10.1956434328173,10.122955833122,10.9051866151482,10.7704455965369,11.2525977580768
"ANKRD7",5.57553933579376,5.40267998277688,4.33057497578978,5.15028716110163,5.65395698090973,5.03357482878391
"VIPR2",6.09517066737624,5.92395793531019,5.78285907365734,5.92458453824114,5.77775078358577,5.81198514857821
"TSPAN12",7.26902704649298,7.32643096545362,8.28710505000652,8.40025855214641,7.495483467887,8.75544240551484
"SSBP1",9.9431116859712,9.91662941190163,9.86295484044014,9.95562395723702,9.73589846212503,10.106868864268
"CPED1",4.93817568778476,4.77662214806139,5.07933519419276,5.12120644125242,5.07654591073903,5.40006335275449
"HIBADH",7.82057125999519,7.67019955312673,8.0347402825363,8.62301016216872,8.06061204489979,9.37359906869622
"TAX1BP1",11.2117764045947,11.2245814602208,11.2394513261185,11.3204336961637,11.1318630442244,11.8332784620614
"CPVL",6.60979856227587,6.86100086831046,6.41583398350578,7.17178260254888,6.57591271561808,8.65632613171377
"CHN2",9.82128048880316,9.87849316542695,9.61856736835092,9.83954939263372,10.3172191501911,7.97972245629034
"GRB10",10.7364472809938,10.7303437341171,11.0755895252823,11.0278285900782,11.0737720804814,10.8305109636141
"ABHD11",7.01234157832621,6.81046349923715,7.00607707526862,7.29280372056405,7.04190649928189,7.2487570893267
"COBL",7.99983014660569,7.9691585288187,9.05230216624166,7.76215746439214,8.2401400912153,8.51655053485238
"FKBP14",7.8436809557428,7.89617111940036,8.34174173769797,8.72914091656603,8.00265669129451,9.51853706914684
"PLEKHA8",10.4992591457591,10.5222855203633,10.7289179445037,10.7687765571793,10.700630850948,10.5583027380831
"STX1A",9.86229692761985,9.44071530760352,9.09441420071506,9.26175051487158,9.90690604115455,7.60051823044533
"NOD1",6.40461685682177,6.61696431031565,7.00607707526862,7.2793645171567,6.53165229568474,8.01433248455026
"GARS",11.5614487363763,11.544419747566,11.3036006358325,11.2222561260857,11.4884815445019,10.9185029254402
"EPHB6",6.52916670743809,6.67516177549202,4.7660846074949,5.17826991240815,6.10909595759182,4.33057497578978
"FAM188B",6.09517066737624,5.92395793531019,6.21973164683618,6.1757212913575,5.84266003333913,7.17012707082204
"GHRHR",5.72424503540458,5.71625300812078,5.53204272811162,5.35063533644267,5.4465120496375,5.42659714675519
"NSUN5P2",7.34286011609801,6.88558122958182,7.04794528740955,7.3149188509121,7.47304188353518,7.12586780654062
"CASP2",8.86426533335222,8.9361371845118,9.01150850638572,8.9992527888271,8.86477842231069,9.30155205388068
"CHCHD2",8.0202238731561,7.90010733763586,8.38639790174872,8.97892504394287,9.04260276007627,9.3264272444231
"HSPB1",7.00402004987821,6.30493497245368,7.09855240093192,7.51114736667832,7.33529412807663,7.82830717021178
"NPTX2",8.37989528015012,8.21924907137084,8.55938646576936,9.86853654890615,9.46300706306253,9.21093973016392
"PDAP1",10.1394041609444,9.97339853998175,9.69456174912774,10.260427233978,10.4439908079376,10.3511896497183
"BUD31",9.57346879762078,9.45408017697914,9.52029243842483,9.93398884566304,9.76447762255887,10.0181012478846
"PTCD1",7.02061302111871,6.97209839855342,7.04794528740955,7.22427350818905,7.19357270284301,6.97674618414927
"ZKSCAN1",12.2126135688831,12.262669193088,12.3311985127014,12.2659222870933,12.3267781941405,12.0572275196238
"EIF3B",10.4106564560239,10.3050987228893,10.46792329465,10.9062619021471,10.6407484412407,11.3021611572399
"SNX8",7.57160125842783,7.43974874141735,7.80201515746545,7.570908304134,7.8131324498524,7.62321892806516
"NUDT1",6.82598312485697,6.50312951392523,7.24013763794434,7.78748637016191,7.078412375402,7.70204950767822
"PTPRZ1",12.6029824046879,12.7542326955462,13.1336947406775,12.829027929498,12.8938188810502,12.5641843969381
"TAF6",8.94507676775659,8.66178492182085,8.82981521066513,9.04037448580105,9.14860621696081,8.95312379390624
"WASL",10.0961260749166,10.0404683528969,10.2520874644292,10.0973524886873,10.0013236272258,10.0332806264328
"AIMP2",8.20246030796334,8.01702544944932,8.23918644785755,8.46416537967084,8.23220997116397,8.45004958824174
"TFR2",6.46838189693335,6.06976574579927,6.05488661074004,5.54997731954909,6.15834206985003,5.18746296578136
"FSCN3",5.49214979402744,5.58358169504195,5.41912560421338,5.25661469107151,5.23931319139556,5.03357482878391
"MOSPD3",7.12385340854776,7.04627361157714,7.068411441721,7.05515127625664,7.59434452332097,6.62764561149741
"PCOLCE",5.67698376420325,5.55970553524277,5.63329680407505,6.1757212913575,5.79433681434327,6.15160304901779
"FBXO24",5.14109345202186,5.13762512309315,4.63910910251109,5.0909007841773,5.29596108369109,5.54910236469605
"PPP1R17",5.22411723473243,5.13762512309315,5.91449335713677,5.05921631031587,5.23931319139556,4.76371589021208
"RBM28",10.0346636124938,10.1087852891665,9.82376882759716,9.86927219746703,9.92089583917251,10.0491317810197
"USP42",9.52886286651649,9.56417019403732,9.31991508587784,9.25049398714558,9.44602816581555,9.03928430964639
"IMPDH1",8.8821270892434,8.50592961668243,8.58745111393544,8.59118782689055,9.00442722589531,7.47119071522143
"AGFG2",7.30307208814694,7.17049332813552,7.08857834537339,7.46065189899311,7.27928293246356,7.28932599176162
"LSM5",9.5246093720587,9.48305352460337,9.41286346293717,9.5558512826385,9.3914932309284,9.64253562950812
"SERPINE1",4.99520527768772,4.95891832408665,5.45827589049947,5.88579523582229,5.29596108369109,6.62764561149741
"AP1S1",10.0115555344476,9.81052497824464,9.73893044946363,9.94868030476822,10.0121261609304,9.59784503910095
"C1GALT1",9.62470476824404,9.67673634573446,9.33031373473615,9.32643014409077,9.26034613844487,9.38285079612583
"PLOD3",7.83908899707503,7.62797515941513,7.97736969900184,7.96152137609717,7.9291922595515,8.34276945812072
"RPA3",7.77319182083642,7.69766482825907,7.91203005704628,8.14859490983899,7.95839220121356,7.94425053129944
"ZNHIT1",9.31562557135797,9.11348541993678,9.36915758254545,9.74651611081057,9.70198248532203,9.53404027231434
"CLDN15",6.68580357978683,6.79318972059234,6.88387612917015,7.55620390682624,7.47755893523241,7.26628849061589
"GLCCI1",9.53027791163702,9.55923204256528,9.52029243842483,9.41679874300645,9.63765079119246,8.58699448060545
"PHF14",12.0488762125455,12.1833064081915,11.8558084988658,11.6886182737014,11.9144067623009,11.6009650131805
"NRF1",8.98487399308142,9.11685222728737,9.1611959404494,9.08162456332603,9.0694750500515,9.07887711853843
"TMEM106B",11.2797697699046,11.4100601994962,11.1378346938237,11.2681431251934,10.988067543305,11.5918836427699
"EZH2",9.41856523875609,9.42993339533797,9.69617009451278,10.3813668938036,9.97395774099833,10.0036169054189
"CEP41",9.69198941551626,9.69373277222339,9.37920785449591,9.77584697409443,9.89611558912783,9.44221257564011
"ZNF862",9.41243858706752,9.31449883241142,9.22278445398309,9.25725846048021,9.36282822509376,9.29596538093045
"SFRP4",6.16034128042322,6.11466471136286,6.20029399103025,7.91639054272443,6.69250366550329,8.66720157104918
"MEST",10.6795913242588,10.7253955209623,11.3348942772522,11.4462602972957,10.6804615020765,11.799163106406
"MEOX2",4.33057497578978,4.69525161239808,4.63910910251109,4.33057497578978,4.74232802187034,4.98896808752624
"ANKMY2",10.164214347916,10.1691593251458,9.93418630645876,10.0272408750622,10.1094677029338,9.6414350940407
"ACTR3C",5.83411797820783,5.71625300812078,5.63329680407505,5.05921631031587,5.23931319139556,5.18746296578136
"POU6F2",9.57894866854625,9.80114576961206,9.53474886728248,8.68125943046127,9.29869101221186,7.3724833288726
"TSPAN13",11.1362459456566,11.0971622081762,10.8501186367239,10.9527980538975,11.4574945349449,9.75974918686128
"RARRES2",4.87482195210638,4.77662214806139,5.53204272811162,5.37262261357025,4.91093888395682,5.37273133131448
"AHR",8.89976961734573,9.15337633874126,8.82981521066513,8.8430454729705,8.97945216551297,9.75974918686128
"CHCHD3",9.76471046833387,9.79695755945879,9.82082333332167,10.0527201947145,9.74147432400551,10.0357950563363
"GLI3",8.89757610611581,8.93040618926337,10.0506378561016,9.54483948786565,8.85794096092759,9.36295236749969
"PSMA2",8.04431735647471,7.97662816360005,7.8318023376384,7.83985469913699,8.08432684921098,8.08112939298979
"MRPL32",9.58576932572485,9.56417019403732,9.40501496409597,9.36555788066099,9.46188134231831,9.15647940677177
"COA1",9.83851274339922,9.90888842243682,9.72639245739729,9.87147689304687,9.66627210088805,10.2695196763241
"BLVRA",7.90645762791727,7.85213789711754,7.74677010774564,7.61057272001959,8.1047588350883,8.25017389671768
"URGCP",9.87571372940943,9.6479557234452,9.6864929844304,9.48079753003947,9.84437586532338,9.1580203551405
"TMEM248",10.5635214417403,10.5567425153954,10.6060279411436,10.8323844258223,10.5720288212222,11.3187697215254
"STAG3L4",8.42636288355448,8.50592961668243,8.41410721881369,8.37345956161714,8.43915772375497,8.29862231342831
"RHEB",10.2939434180065,10.1748179604442,10.1181659079106,10.2148591916344,10.2019990280019,10.3081623930317
"PRKAG2",8.78577427874634,8.85374652070242,8.65198398976558,8.06588533635117,8.67354108974707,7.3991396335566
"AEBP1",5.76951971169128,5.69527237656877,6.61470214021762,7.60344340280255,6.25130538879973,8.36701671733974
"POLD2",9.61806638523014,9.21749826545531,9.59978514004362,10.0700995827323,9.8199899344078,10.2879162643901
"GCK",5.6525384434395,5.60690679268508,5.75456202992873,5.35063533644267,5.87375914045291,5.571858798105
"BCL7B",8.33836663722997,8.19068144629386,8.0347402825363,8.32908066600577,8.38778118877184,8.3014217663428
"YKT6",10.820341071764,10.7380073693181,10.45183472531,10.6780937953964,10.9484569781064,10.6768604242277
"TBL2",8.78102087150105,8.68240505884543,8.82098471473035,8.81731492179533,9.03353260862948,9.10627705806585
"CLIP2",11.1747315509483,10.8936323737193,11.0374183041874,11.4376100221302,11.5651219382005,11.1383356124702
"EIF4H",11.1156694194995,10.9801830086184,11.0805214886774,11.6266915375234,11.4605952037078,11.7291890227581
"LIMK1",9.73434331065721,9.32326630029189,9.62702447013151,9.67762406140306,9.78442119033637,8.97427795153715
"SPATA6L",7.47978252488682,7.68856882561223,7.18522450335871,7.2748558624593,7.3501882512894,8.11019697759067
"SLC1A1",10.2687451264303,10.2464279764599,9.70098438789616,9.20806229528032,9.99277876674985,7.45097907944464
"LHX2",5.36825224778896,5.2124335202594,4.63910910251109,5.73093733123111,5.70876948923922,5.28523604052962
"FKTN",10.131038308927,10.2441230299965,10.1313001002017,9.75847904130288,9.6554825588174,9.99502822296661
"FSD1L",11.1348522866533,11.2155920565952,11.1390171463868,10.9703833466493,10.9204773196832,11.1576984377968
"CNTNAP3",9.07301571445666,9.17775806258869,8.60128022869596,9.34453987534675,8.73456573843145,9.55172369277373
"SPIN1",12.6125257638939,12.6618705340955,12.3927133153802,12.3880625295717,12.6095032923735,12.1150258096066
"NMRK1",6.93556526942794,6.94126765350759,6.65662472716031,6.83772806653164,7.28963530626763,6.82548453408029
"TMEM245",11.3642595040075,11.4145073582461,11.0650527745942,10.8940281223965,11.0136270185247,11.08633691293
"PRUNE2",8.93655619293116,9.18739625988533,8.44513237632328,8.18703517703851,8.95403569860274,7.45605930274817
"MEGF9",11.4781762149994,11.5971339813902,11.5123527516425,11.1712878606377,11.3904962349753,10.7160511705042
"TRIM14",5.18373077138573,5.55970553524277,5.13786241172375,4.55239249687834,5.07654591073903,4.68467332000649
"CORO2A",8.05621313627249,7.83578143291402,6.91830170473145,7.08135641528514,7.76979592090996,5.75680447202851
"TGFBR1",11.3772830473667,11.4138240717102,11.4939874472212,12.0281864131974,11.480727553753,12.3406749757577
"SEC61B",9.12454509727444,9.00318459435402,9.29888973713469,9.5981881823536,9.34705975790669,9.65240280437155
"C5",8.06015644934267,8.16479953223991,8.1239092480457,8.55131030298727,7.75875174609447,9.69120938399408
"OGN",4.33057497578978,4.33057497578978,4.63910910251109,6.10134683232378,4.86095996838829,7.08677126760168
"ASPN",4.33057497578978,4.33057497578978,4.33057497578978,5.83193623690723,4.66714835127326,7.30070367541957
"ECM2",6.41762377436216,6.30493497245368,5.33538540566403,9.03250666152457,6.58458917618073,10.8056852297825
"TLE4",10.5690362976904,10.4554550553221,10.7858923757438,10.3668577243682,10.6161826431971,10.9472733894846
"LHX6",4.60390596466056,4.95891832408665,4.7660846074949,4.82464481268825,4.66714835127326,4.33057497578978
"PTGR1",7.28274489527678,7.25375484327826,5.81044805857035,7.70345665799784,7.32023968222131,9.04928513728784
"SUSD1",9.29911458154264,9.33487382519952,9.51483365483742,8.45436588749645,8.73643159593757,9.01907161514508
"AMBP",5.57553933579376,5.79633174395148,5.29031095099465,5.6525587184268,5.84266003333913,5.54910236469605
"AKNA",8.17001572225923,7.90403269295821,8.04999422004313,8.66776483259553,8.19732855478766,9.08212785604339
"DNM1",10.6499749317738,10.5101882585789,10.2898465204457,10.0066618643279,10.6412454528171,9.22570893573207
"ENG",4.80259831140558,4.58878259651035,4.86296472820736,4.91404266993799,4.74232802187034,5.3153992589889
"AK1",7.63674370940126,7.35563129640412,7.40100650295854,8.24054221045614,7.98700536437452,8.61423127441146
"CDC37L1",9.61806638523014,9.63040730777667,9.34884412758076,9.37076479550921,9.53863108094688,9.28190311348524
"RLN2",4.93817568778476,5.2124335202594,4.7660846074949,5.28112095084593,4.86095996838829,5.42659714675519
"RLN1",4.87482195210638,4.90491546544878,4.63910910251109,4.91404266993799,4.95674843757777,5.5258120673756
"PLGRKT",8.0758215895408,8.07728936231953,8.12870343458196,8.08638063615661,8.00265669129451,8.66720157104918
"TBC1D13",9.01148267442324,8.97748073945348,8.83859177605447,9.04689829242072,9.16669085291503,9.07724899126205
"KIAA1432",9.70332244350285,9.87154009931891,9.83986231742918,9.8053617934796,9.63665363709234,10.245102912852
"KDM4C",9.96000497232785,9.96409091853173,9.93690922631144,9.63586150158609,10.0059632001101,9.29316389409111
"KANK1",7.62073759712291,7.71120019734812,8.38639790174872,8.39206598500318,7.95839220121356,9.27339934728188
"ELAVL2",13.019933826659,13.0712104888913,12.8434615155103,12.7820661164559,12.9433192893858,11.6091459134058
"NCS1",12.539450332276,12.2605806734753,11.9136039281449,11.9001993371274,12.5689408373846,10.5635389922342
"TESK1",8.89097541870595,8.57375644370362,8.85886436827283,8.49699128698534,8.92652921080005,8.20601829769583
"KCNT1",6.46838189693335,6.37842206372085,5.56693702969189,4.71402308857299,5.74380775294986,4.33057497578978
"FUBP3",10.0054659231638,9.93198778223074,9.97846972414403,10.3611175115136,10.2353048586301,10.6622917136791
"CREB3",9.68438424124266,9.44874910183203,9.49093692650709,9.67930321153188,9.77448390462449,9.72899822839047
"RGP1",10.2178657420802,10.2872991119475,10.2542719682723,10.1666076257289,10.2425300305469,10.3219614370928
"MPDZ",11.5745292368213,11.5798772503678,11.9754744803589,12.0479686314318,11.4829472359194,12.8977064551294
"DDX58",8.41718915815296,8.60770260658266,7.86674150542615,7.90488060656855,7.58183592387922,8.12609347112724
"EDF1",10.5690362976904,10.1964384365039,10.6255642415145,10.9686687465959,10.9861126377476,10.777423570293
"PIP5K1B",6.51723368027146,6.88558122958182,5.98677983682015,6.70759898081338,6.0837061780769,6.34993536391042
"GLIS3",9.11514080350288,9.11685222728737,10.2834433602953,9.89695221887276,9.35435897433361,11.3201451753821
"BAG1",9.42618708337986,9.30272520430554,9.31154175413897,9.02723743518759,9.25255306398883,8.68870837862989
"RAPGEF1",10.2081779320357,10.1280814305341,10.46792329465,10.1369842367507,10.2287049546668,10.0900311893025
"NPDC1",8.80463218759551,8.17131409702859,8.82393424673125,8.62824595144245,9.33111670042801,7.9078720871362
"APBA1",11.3240605857238,11.3527474059811,10.7979207388197,10.2258127172484,10.9849384213921,8.22679405530618
"SETX",12.1247833842578,12.1998491943282,12.1063634281629,12.1052699000657,12.013122740609,12.5376795248114
"SH3GL2",10.7462162997318,10.5867621299693,9.81787180706001,9.02987446112579,9.82961938711449,7.3231847078883
"PTGDS",5.3344412562722,5.28072429172865,5.19204933581343,5.17826991240815,5.46935070319513,5.3153992589889
"ABCA2",9.48720995597645,9.00318459435402,9.40304613797014,9.4036505091447,9.52683793040165,8.77768436969042
"SHB",6.66452682316319,6.54567163620786,6.69726825935597,6.39289578642982,6.41888706613282,6.63688382412144
"UBE2R2",10.486201526588,10.4620808966915,10.5413139258633,10.5745762202336,10.4800021362732,10.2602326111446
"ABHD17B",9.67673871521427,9.72823599367538,9.67512026675256,10.0449282577115,9.84782613113958,9.78388608338851
"EXOSC3",8.89317901711718,8.99771516650481,8.92353013357852,9.08796437302086,9.01828742588139,9.03928430964639
"ZFAND5",12.053800688649,11.9781496176466,12.08167199671,11.9086293630197,12.0547519649706,11.5677694226874
"DVL1",8.86875162420893,8.23798184467487,8.74209121903283,8.84004215191076,9.38556822620313,8.16661474546285
"PDLIM1",4.93817568778476,4.90491546544878,5.60065691610817,5.87256822454692,5.49165273270531,6.3150496424646
"CCNJ",9.44731613144249,9.56663293678612,9.65871622375896,9.70590686660947,9.51168746862854,9.64912124819868
"ATRNL1",12.546280404293,12.6207190698036,12.7410923233751,12.7157474627252,13.1707404574786,11.9094963721526
"HPS1",6.78739762772996,6.61696431031565,4.94418431550225,6.12306193840807,6.38909414439227,7.77267492272428
"PHYH",7.64203905041473,7.4011209497998,7.96131375730328,7.3792398886982,7.54363062364894,7.46112122694523
"RASSF4",8.9951664423745,8.95883543783139,9.73580616336313,8.81578691619792,8.84416767436889,8.74110698940196
"DNMBP",7.93683654726281,8.02064177406534,8.32097371919403,8.48933489126633,7.83080600963922,9.36961577451712
"RAB11FIP2",10.5143450944447,10.4732754282339,10.2400131741752,10.0252621475961,10.1672154681812,10.0214882824948
"CXCL12",4.80259831140558,4.90491546544878,4.33057497578978,5.56781120866857,5.11210946503177,6.05371984338478
"ERLIN1",7.99571614512264,7.95410068733368,8.34996531350985,8.45239792323193,8.02428372515973,8.96197587533801
"EIF3A",11.5520820887192,11.6025408648808,11.3969991083925,11.8004063556527,11.7506553177127,12.3046520715555
"CUBN",7.82522337839033,8.25647238048532,8.27419472702668,7.63174729750591,7.70987368248261,8.06472115701416
"TRDMT1",9.29745302067819,9.31156443897983,9.25152388519973,9.11801255140461,8.89013307157339,9.19901427417006
"GDF10",5.85484684019812,5.87100821421757,4.7660846074949,8.54578554824596,5.42310223496893,9.1425361134181
"DDX50",9.9206344783452,9.97802991097382,9.85001085129636,10.0318473711378,9.97316817368867,10.2305445657813
"MAPK8",12.0498624534761,12.1592525075465,11.7205797749929,11.8839179456478,12.1065942673097,11.0112603641977
"SEC23IP",9.89889675333845,10.0969121039416,9.72639245739729,9.82824339217433,9.87513489777603,10.096468750198
"ATE1",10.593595459399,10.6749566361628,10.6415056808592,10.5808755695496,10.6402512583292,10.5115053984914
"NSMCE4A",8.29893292653589,8.37116533063057,8.16648831832517,8.89750404199127,8.82150067294164,8.50931204445061
"PLEKHA1",11.2016058865118,11.1657321877858,10.7668949067625,10.8107264843838,11.1567557829963,10.2822807332351
"PALD1",7.34286011609801,6.94126765350759,7.07853172863903,8.2854962081516,7.60262243590723,8.53329959829096
"UNC5B",6.12819034179057,6.26653250017841,6.54174004934149,6.59355663474754,6.66022149182736,5.47749470033185
"CDH23",7.33630691398512,7.24126526423778,9.03204994338449,8.09145879024988,7.63928417600274,8.09088451846267
"SPOCK2",11.1180224977359,10.7645138903563,10.2488044907141,9.87953204719966,10.6427354607166,9.63923149811602
"MICU1",10.3414458246118,10.4177770183974,10.2278369206519,10.3342011033817,10.2253936394179,10.1669773048734
"PPP3CB",11.6751108473719,11.6494415341082,11.6178897202907,11.1375016063666,11.6097328364294,10.7337067785062
"CCSER2",11.5565995485343,11.7440757766395,11.5621248387025,11.1596125936733,11.4089996715724,10.777423570293
"BMPR1A",10.5996704553992,10.6738154908534,10.5983106794141,10.9555707483262,10.6977667267929,11.4599099954651
"MINPP1",8.45353685457023,8.47734963347558,8.68806054272475,8.71609089365722,8.61387435525855,8.59385229957226
"ACTA2",7.01234157832621,6.81046349923715,8.94806296378413,10.4785563357804,7.9060596315197,12.2167418426327
"LIPA",9.8247434617234,10.0422384425909,9.70897263927468,10.539429202506,9.80852609901768,10.7597914475289
"TLX1",4.87482195210638,4.77662214806139,4.63910910251109,5.39408088420441,6.35859427178238,4.76371589021208
"C10orf2",7.60996522475048,7.88826584910203,7.67618662531909,7.89618662345396,7.96799393447305,8.31256513380369
"LZTS2",8.86875162420893,8.56143550191553,8.95883351473242,9.06243576746389,9.24471757186586,8.87278170129689
"SFXN3",10.3622423993751,10.1247440773829,9.7451587745382,9.80613039516859,10.276843605289,9.47594886029437
"KAZALD1",6.52916670743809,6.26653250017841,6.86043252493434,7.10196809322995,6.63548630992359,7.39384877311
"FBXW4",8.06015644934267,7.97289824292198,7.5525018847791,8.01866490352035,7.86893076154135,8.78768162709428
"NPM3",7.62073759712291,7.08191392230372,7.47120541838317,7.8337930208669,7.6432996066977,8.09735108405167
"TNKS2",11.3956310669946,11.3523908584826,11.7444698554829,11.4403342736283,11.5346851553393,11.7190587422274
"GBF1",10.9331499628116,10.9769484199354,11.0040618006234,10.8798662808503,11.033829135664,10.8358099692106
"ARHGAP21",13.5776123962288,13.6459488779238,13.3682903387506,13.3510868290389,13.4222549321102,12.7569045458549
"CPEB3",10.7303078717423,10.7341806418116,10.6085912122631,10.0026446730943,10.6427354607166,8.08438851703836
"FBXL15",7.30978258738388,6.91767973622659,7.24013763794434,6.95645192050632,7.50877860534628,6.09663944422455
"CUEDC2",9.68945881462963,9.47389779465176,9.69938140990519,9.95076691472038,9.85212738107402,9.77086213405071
"SUFU",8.22017182526003,8.27170062503493,8.40624481148365,8.23825698874332,8.35410074742384,8.02455368757363
"ANKRD26",10.3454685279972,10.4992777002202,10.2683911394533,10.1773386235256,10.1116216978434,10.4656267620961
"ACBD5",10.6097389266764,10.5928125509434,10.3856231119781,10.3756842606523,10.5473145029999,10.4259276933422
"LHPP",7.0451330407818,7.00225076772355,7.29296706676106,7.1571156741233,7.08440384257953,7.69350433219138
"LARP4B",10.1226236305861,10.1569583739718,10.1815246675377,9.86853654890615,9.93150304960603,10.0416450605465
"GTPBP4",10.152321983467,10.1130021268075,9.86295484044014,10.1497545750163,9.9943361497789,10.3171467779955
"EDRF1",10.0306713312111,10.026228845131,10.0175799384447,9.90630097206432,9.99977377878279,9.90345261650259
"BCCIP",9.71953660687733,9.75762848792092,9.73110699713074,10.4394728000846,10.1037079336365,10.7404007433991
"MTPAP",10.7504695264539,10.7894888265826,10.3675754489251,10.3652944765073,10.5113347381062,10.0738103923701
"NEURL1",8.58763713156068,8.32521805818853,8.29138273173614,7.65949546353462,8.75679763247672,6.17818765351574
"SH3PXD2A",9.01553297461723,9.00500312466709,9.0821557501178,9.1750992662576,9.23683919676452,9.35625798313379
"PITRM1",10.406041624479,10.3306688736595,10.2477085029797,10.5357279584435,10.739678538504,10.4059845980945
"OBFC1",6.91790282534075,7.15722908848611,7.46357654594288,7.69007498685752,7.03572703226692,8.27887126887831
"MAP3K8",7.50330448909053,7.39551484013009,7.47879312224272,8.02929430294095,7.36492552916603,8.45508278664294
"DKK1",6.00844026539826,5.97458977678836,6.46448655819503,6.34874784099573,6.19402372481779,7.01904347123356
"EBF3",11.9522318320214,11.9709679344347,10.5215009618339,12.3663501950284,12.6916837343243,9.78288840909747
"GLRX3",9.70081168425929,9.61858849058096,9.53294972756237,9.74651611081057,9.68085611141078,9.81349961608177
"SORCS1",10.2602468813378,10.3190358946643,10.7210431461732,9.88971938237827,10.5361335449843,9.37094476386717
"FAM208B",11.1592775256185,11.1846822462707,11.1466795511591,11.2019676601313,10.97983907563,11.5218874914957
"XPNPEP1",10.7504695264539,10.7104482003572,10.5573244855224,10.916259446054,10.6402512583292,11.2572724703975
"SMC3",11.2275528987503,11.3330052367408,11.1878246839577,11.3198958559913,11.3615345191246,11.3654809850523
"SHOC2",11.414131659572,11.5447318603932,11.4398462544489,11.2382839154042,11.4950948095943,10.9893808940439
"TFAM",10.300589251686,10.3161129268909,10.1265378626203,10.1660091109179,10.0478109462072,10.2054529496962
"CCDC6",10.7987942600717,10.8243599654415,10.9457933313722,10.5808755695496,10.8023487482076,10.4705906052564
"CUL2",10.4641726096093,10.5044223644347,10.3665661472964,10.2508637891301,10.3917783881153,9.93881466016798
"CCNY",10.2956077501917,10.2494955180511,10.1803763065059,10.3787866544625,10.3097343484702,10.4500037034943
"UBE2S",8.79287503142726,8.11496949348091,8.9932909039238,9.16434163911888,9.08565327398806,8.40393712176816
"RPL28",10.0593679692871,9.66873554692127,10.9046707909419,10.795718262711,10.8525709539956,11.0523938921808
"ZMIZ1",11.1133124964189,11.1922728017526,11.7110708679967,10.9363999474856,11.239169002854,9.94863370554246
"DNAJC12",8.6411061146322,8.59325247693861,8.58745111393544,7.63524574948286,8.13911874261562,7.06680005950331
"PPIF",8.56013643971704,8.40744155608265,8.49044603867034,8.58042159964871,8.47316002370718,8.55923063538039
"PBLD",7.7875724749967,8.05630930338481,7.56679197810507,8.20118777878336,7.80600096679389,8.462599597548
"TSPAN14",10.2889388642738,10.3465125140414,10.2389104811917,10.3373939412055,10.4794463194249,10.0483018405924
"LGI1",9.03361949672067,9.20806020534668,7.23113467566778,7.60344340280255,8.86307210392134,7.40966184429143
"TBC1D12",10.5724724042606,10.5910000883845,10.3046775697859,10.3299329593942,10.4682847576561,9.92350697788707
"CRYBA1",4.60390596466056,4.33057497578978,4.94418431550225,4.64396487703681,4.74232802187034,4.33057497578978
"NUFIP2",11.832688658687,11.879405198672,11.9194645754219,11.722992185793,11.7185202547947,12.0547510566237
"GIT1",10.1319702488211,9.74898192449905,10.2211517319055,9.7312190965536,10.1540392884543,8.92623580383093
"TADA2A",9.42922456296594,9.51655993350031,9.21157621966375,9.31890648251519,9.48976374222477,9.09987679915929
"AATF",9.03959815089769,9.09311744058119,8.89296569000798,9.25500716597071,9.30999811798254,9.00372348353913
"DHRS11",8.07192140142713,7.99513266426283,7.71512204712023,7.81237106313595,8.31210843498759,8.04812198666522
"ZNHIT3",9.42161881862774,9.42179365914095,9.46286196008094,9.3893553242878,9.52576102298762,9.10787268429672
"MLLT6",9.78618527567107,9.66988124163369,9.73110699713074,10.2909402748339,10.2240669811155,9.89516745765007
"PSMB3",9.77787194337001,9.64096198312603,9.70578265067019,10.0259220252357,9.76173653546123,10.0053285185675
"CWC25",8.45353685457023,8.49819140515285,8.06508672927444,8.57500803822539,8.5579673737721,8.74316368628158
"RPL19",12.4338626872418,12.1996510084325,12.9107698263994,13.1287082335369,12.8309531999446,13.2343693046998
"FBXL20",8.94082279178687,8.93994519669123,8.87601615466618,9.01796958571533,9.10886517354124,8.86146963960842
"RUNDC3A",10.2239969930227,9.80740535239521,9.88003463145601,9.64104079453331,10.2902168467475,8.06472115701416
"UBTF",10.893041996965,10.7963211149744,10.6728694888948,11.1499618016954,11.4089996715724,10.9945589423996
"PSMD3",10.5412486807612,10.4116287317598,10.3776298009785,10.7821150787513,10.697288819308,10.530050354353
"CASC3",10.8461201301212,10.8599137901674,10.8687704973132,10.7461344000003,10.8865045681228,10.6949993173476
"RAPGEFL1",8.09516420208531,8.04570240743399,7.54530215955348,7.85190101178858,8.0181379847393,7.6805890691043
"RGS9",7.53216479117351,7.42882027812935,7.24013763794434,6.46052802040793,7.23708728805804,6.38389343266527
"RNF43",8.24114001093791,8.3541074292864,7.18522450335871,8.56229638345275,8.21889457472418,9.00543694179581
"WNT3",8.46248153882753,8.36266177971322,8.53437126979068,9.05985781405205,8.63203623817222,8.94063860963047
"ASPA",5.04742567774093,4.90491546544878,4.63910910251109,4.82464481268825,4.95674843757777,5.34453517938545
"RAD51C",8.02426783561473,8.11834614368255,7.80201515746545,7.82465172168349,7.86893076154135,7.86295316522848
"SEPT4",8.37358412581227,8.33973561473077,7.48634011036382,7.23825186811295,8.15039073554109,6.17818765351574
"MTMR4",12.5248059990177,12.4309905362589,12.328350862249,12.3146499348848,12.7107484607012,11.6648782635825
"TRIM37",11.4312630890413,11.4681475678009,11.1235691364234,11.3528684385488,11.4151151139032,11.3961282204948
"DHX40",10.7067368282416,10.7054311365817,10.7476438679575,10.7616647284017,10.1986257373589,11.3886091815729
"TUBD1",6.81643943712401,6.82751949701701,7.41691240853898,7.25667404173319,7.16566744120956,7.47619854413473
"KPNB1",12.1023801053421,12.1988579924755,12.1594743876668,12.4773416988855,12.2490319594174,12.6933158002257
"GOSR2",9.51463543563667,9.47389779465176,9.33031373473615,9.48368376482266,9.65449767328183,9.40117782686544
"PNPO",7.66302429663445,7.81506738043907,6.57141063641404,6.06802763232559,7.17689695338959,4.83010453277739
"RPS6KB1",9.90871931718686,9.91759411911414,9.8104664384653,9.93469184473851,9.88104034055605,9.88218402277531
"TRIM16L",8.42025359754767,8.31936955677578,8.78813386699181,8.45436588749645,8.56638861486144,8.08764021415036
"CDK5RAP3",9.79562787589388,9.554276906165,9.44766184351431,10.3235069621258,10.3667501718365,10.433574157166
"CBX1",11.3602896492634,11.4141657554347,11.0092440469983,11.8210768883638,11.7332794681615,11.8126619442741
"RECQL5",8.21664703408512,8.12171482632251,8.41410721881369,8.81119312613597,8.62197469065874,8.92079733641546
"PIGL",8.69770916277194,8.62200867997997,8.39833901483169,8.26768378360386,8.37344359628965,8.45508278664294
"GALK1",6.48076738158518,5.99099191043792,6.52664985962964,6.98458762895756,6.3991018748316,7.2487570893267
"INTS2",9.60872096300612,9.71719592829892,9.65210195660987,9.81073341747721,9.65055138538122,9.78786988841245
"CAMTA2",8.03232150805896,7.95410068733368,7.78992305097672,7.33668941949539,8.03953315681097,7.00508864209275
"MED13",12.2674827231884,12.3561458700379,12.3765140068255,12.3134347043443,12.2183872415533,12.3150364409191
"ENO3",5.76951971169128,5.09718127405855,5.7255112363932,6.1653683000969,5.42310223496893,6.47030047129559
"PFN1",10.0564257017888,9.9272058464861,10.0755610054321,10.6154769886993,10.2614064670359,10.9369999387282
"RNF167",9.44731613144249,9.31449883241142,9.20480914560626,9.57130863361975,9.62262053138256,9.59670981894573
"SLC25A11",9.87904850638977,9.50761537213027,9.49278927708468,9.75768459470142,9.89778092545834,9.50165258049402
"RASD1",5.72424503540458,5.60690679268508,6.29459653090917,6.96212547747526,5.61575483702208,7.85914506417443
"CHRNE",4.80259831140558,4.58878259651035,5.0153475618871,4.82464481268825,4.95674843757777,5.07532107295397
"RAI1",9.35449617756728,9.05676456344544,9.76980633583299,9.48656422788139,9.87935553863125,8.82892667498782
"NUP88",9.71581103682202,9.84338748540136,9.91083143124534,9.85893879247369,9.78442119033637,9.763800180464
"C1QBP",10.2037527716036,10.1561412944237,9.89691440146145,10.0494786708118,9.96047592433483,10.062346257926
"BLMH",9.09039803745238,9.01586628446346,9.07227322870919,9.533742871474,9.34583961646774,9.7627884991081
"CPD",11.3220209308112,11.3704633447399,11.2121846767159,11.600802652401,11.3681543261135,12.1409404695126
"GOSR1",9.81549031266684,9.83728256938622,9.73580616336313,9.70178228472223,9.6535121140947,9.88404597470252
"CCDC47",9.56520971017267,9.50247914675615,9.44575050020637,10.0668969441092,9.70769087158783,10.6912834421418
"MED31",7.87989202519444,7.68856882561223,7.95592129618506,8.0266443740023,8.03345294249347,8.25595961697687
"DRG2",9.08076712991475,8.83954363430369,9.0673063941228,9.25275234522177,9.23288378058202,9.30433728213604
"FTSJ3",9.52176671564277,9.31742725761455,9.46097069480703,9.797653148053,9.51277494470214,10.2422029789632
"AKAP10",9.62072540983255,9.70495336153792,9.70578265067019,9.79688001094344,9.79786254810626,9.83868152352171
"SMARCD2",7.71416483505751,7.56466638683442,7.31865018274309,8.29651739935661,7.99014941412436,8.33459491819434
"SYNGR2",6.94431161196086,6.51389521262857,6.68385737112564,7.1222768919252,7.10811313039174,7.66755485403753
"B9D1",8.14054424378127,7.93121104702694,7.70870670740222,8.56411924472429,8.1076539584255,9.04595924739587
"UTP6",9.83851274339922,9.86154860055921,9.62364758391196,9.80920070957923,9.90938471586958,9.79975565402278
"DDX5",13.5125704656376,13.4924594350448,13.492008613516,13.7951720760905,13.7490607450335,14.0689013198605
"C17orf75",9.56106234284132,9.61145038325801,9.33031373473615,9.29390536859931,9.55561423087348,9.00200798154687
"CYTH1",10.1254339837175,10.066794169783,10.172312067265,9.74250629707844,10.2326685210774,9.29176110380042
"PSMD11",10.339026804978,10.398562287722,10.2823733970414,10.3293985520229,10.349820058025,10.5109031854981
"LGALS3BP",8.95776370220868,8.77916030269832,8.64198552070115,9.59907558754005,9.25125010677828,10.4810823811671
"ASIC2",8.60926436553399,8.55399182076828,6.95188035432216,6.52481329577584,7.5479271328579,7.20697117667511
"CCL2",5.81299943796065,5.6520241287847,6.51138402021999,7.05515127625664,6.03126530424217,8.05810465205392
"PEX12",7.71416483505751,7.54460119313592,7.90644722971276,7.81852466873386,8.01196563195928,8.10057341242466
"HNF1B",4.93817568778476,4.90491546544878,4.94418431550225,4.99090412180236,4.74232802187034,4.33057497578978
"DHX58",5.22411723473243,5.31286008562374,5.3782345210694,4.95373220111794,5.42310223496893,4.58127373257168
"KAT2A",8.601192303016,8.33973561473077,8.49786099064325,8.64383968776464,8.81091715822001,8.66068619897956
"RAB5C",8.54337936186997,8.32813337198237,8.52351545556864,8.69462837543844,8.78411221189615,8.54750188239946
"NAGLU",8.0758215895408,7.41780607457735,7.69578817842309,8.0736056172147,7.94872528274519,8.27317766751525
"HSD17B1P1",5.14109345202186,5.13762512309315,5.33538540566403,5.3280834021818,5.14598214718274,5.11466593771837
"HSD17B1",6.06122660456922,5.92395793531019,6.14008014374634,6.01035734573399,6.0837061780769,5.81198514857821
"MLX",9.208297403031,9.13190612820041,8.77599939552662,9.18341106884287,9.34339622751529,8.83857486668005
"CNTNAP1",9.60335337893976,9.21906527634463,9.10171944999658,8.90901242107945,9.62965416871494,8.34819333498937
"EZH1",10.358266282277,10.1948479905405,10.0098423200902,10.0815705289795,10.3333041577736,9.99330432896335
"PPP1R9B",9.95685252449979,9.73919212364942,9.43422886625994,9.75529862381276,10.3265208468352,9.28472657664277
"COL1A1",4.33057497578978,4.58878259651035,5.2426758087291,6.97900650440671,5.42310223496893,8.21792710473948
"MRPL27",9.59391171840989,9.48044353484854,9.37318611230145,9.57942528587876,9.52252546192398,9.6237112353592
"VAT1",11.754084924613,11.6100169637961,11.3374716936371,11.466325810698,11.8612217193699,11.4340996293015
"LRRC59",10.3293099408245,10.16672738074,10.1583818464195,10.2263869200247,10.2412190529594,10.3219614370928
"RND2",9.64704919809523,9.49603300340026,10.1133600160693,10.0872719567136,9.74702869507624,10.3130070935396
"HDAC5",10.4898405182799,10.0244389764219,10.1513659378268,10.1743657933544,10.5563026914651,9.59784503910095
"LUC7L3",12.2379310945835,12.250475207782,11.9156751116397,12.0666820671727,12.5364508425493,11.6613556315918
"MPP2",10.0426151602225,9.85652675749855,9.62364758391196,9.68683526648988,10.3215674099098,8.92623580383093
"SMURF2",10.4722890033498,10.5653834992001,10.4977292074615,10.7145628751281,10.6262600914957,10.5733781212211
"DUSP3",10.702352461888,10.4581090461264,10.1431373271051,10.3148941759179,10.4462680540249,10.4399153841905
"CACNG1",5.29925920898593,5.24729833481842,4.94418431550225,5.23135019106063,5.03903521958369,5.07532107295397
"EFTUD2",10.839861001068,10.7698640446909,11.2732293715621,11.2883529411931,11.0209018647508,11.4620920740523
"HLF",6.66452682316319,6.48132831963925,5.98677983682015,5.35063533644267,5.55563637036578,5.3153992589889
"SLC16A6",5.0958257135656,5.58358169504195,5.60065691610817,4.99090412180236,5.03903521958369,4.98896808752624
"PRKAR1A",13.1233359992926,13.1282392183208,12.6921923402693,12.8366614020023,12.8661335442168,12.8461296302948
"EFNB3",10.0583878805039,9.96875224137347,9.6864929844304,11.5816374100339,10.4273723433563,12.174594668732
"YWHAE",12.7891586324695,12.7652558579677,12.3345566868979,13.0809450292974,13.1894642478487,13.1187015239263
"MMD",11.2179322277146,11.176648800032,10.5178691765762,10.5960604056475,11.0189909859603,9.83194494427086
"RANGRF",7.54920138532055,7.17707819150479,7.23113467566778,7.59986520168274,7.72509344315077,7.59593397339744
"DPH1",7.85736845283788,7.7246074378157,7.70226217510557,8.07872935865574,8.04558755474859,7.68490726420632
"MAP2K6",9.30077422707913,9.36632031032236,9.7073785276798,9.09930610414443,9.2770877877645,8.7493161660563
"DHRS7B",7.95390916723045,7.88429667317744,7.87819958590748,8.04770717304165,7.80957118629394,8.53567643325285
"WSB1",12.5290558042697,12.3115407227247,12.2299694724259,12.7100123896359,12.7255865986093,12.6465268197424
"SLC9A3R1",7.22704432932557,6.85270764240235,7.03759706541257,7.77487844920169,7.25306074925114,8.27032234655235
"MYH3",6.48076738158518,6.26653250017841,6.399200953035,6.03376044615837,5.82678316373963,5.8297852851543
"NAT9",8.79994086351907,8.51618269687899,8.73270290508688,8.96933952878185,9.21026210316021,8.90435739993932
"TMEM104",7.673401304741,7.60879611156309,8.01932138505468,7.96706345031109,7.70987368248261,7.9901940216119
"VTN",6.07831789081791,5.87100821421757,5.75456202992873,5.87256822454692,6.0837061780769,5.63720988468804
"TNFAIP1",10.6144135993475,10.4441207841531,10.4584811819099,10.7104648009961,10.678525819165,10.7383443689382
"IFT20",8.58763713156068,8.55399182076828,8.51623232253245,8.49699128698534,8.69673030126211,8.59385229957226
"TMEM97",9.44431660735632,9.61145038325801,9.39712345835876,10.1594089977946,10.061246898177,9.52809723046795
"CDR2L",7.9749660378048,7.59423896180188,7.88389418139776,8.21054558503974,8.13344920618018,7.84765914901282
"PMP22",8.76184838695264,8.82313800716929,8.6453260878984,9.36660077091821,8.07843500081321,10.4059845980945
"UNC119",9.93352148213482,9.57277143798219,9.52210744578734,9.57672481284004,9.94847458243447,9.39987645987423
"ALDOC",8.60926436553399,8.19068144629386,5.88936033417274,6.5090360851835,7.51318256092913,5.69868419475818
"SUPT6H",10.5335122788441,10.5690709875873,10.5948674852999,10.6220369780595,10.6372645561972,11.0239772966615
"RAB34",6.04388889103782,5.79633174395148,7.3271073717309,8.26319580501232,6.67646014042819,9.25767743784455
"PHF12",9.61273356876648,9.68015170689161,9.54549677365689,9.55950325524051,9.6554825588174,9.66761868506573
"PHOX2B",6.07831789081791,5.97458977678836,4.63910910251109,9.9234025090154,10.0797026176174,7.81263346922393
"TMEM33",10.9866671419448,11.1119822213834,11.0291512159326,11.1044672887101,10.9212960089927,11.1111807636518
"GABRA4",7.24819384114694,6.99477456520651,5.98677983682015,4.77291247508709,5.07654591073903,5.54910236469605
"SLAIN2",10.5690362976904,10.6513807631107,10.4259075445421,10.5795280233565,10.8405030330994,10.2516065180537
"OCIAD1",11.365448333159,11.3297488195568,10.9838028733378,11.2291469967275,11.3396548137307,11.2377544114193
"DCUN1D4",11.1967162595772,11.1584082762755,11.0278751401923,11.0258512219052,11.0993169632153,10.6470263533023
"USP46",10.4522847982419,10.4400990888002,10.6523123338826,10.5170778967581,10.4587290313537,10.2580809209807
"SULT1E1",4.33057497578978,4.69525161239808,4.33057497578978,4.77291247508709,4.33057497578978,5.07532107295397
"CHIC2",7.75866388103475,7.83578143291402,7.91759106235902,8.30090221630662,7.86550683231139,8.32911917638599
"NMU",5.6018543074561,5.53524434648493,5.56693702969189,6.23608662521658,5.8583162996779,5.93108273336772
"KIAA1211",10.9653934060549,11.0112329153207,11.0544384882407,11.1451120840987,11.4826699623601,10.5294558373505
"LAMTOR3",11.1076401186088,11.1661379834781,10.8076204566385,10.8659325136282,10.9970261399046,10.5054719222598
"NFKB1",8.45950617542595,8.41568412165511,8.65198398976558,8.53467178538634,8.5259399289731,8.41689570901026
"MANBA",8.52926401365878,8.74907569367151,8.87601615466618,8.7723293876574,8.87327976153987,8.99684916410627
"UBE2D3",12.0129148858576,12.1374832980473,11.9507744441314,12.0808770025174,12.0970260035772,11.954695123387
"MAPK10",12.4121686144291,12.4640382669945,12.0841295512182,12.1066736715308,12.0150412680153,12.0611399124816
"ELF2",10.2309723603543,10.3797881231983,10.6017456726688,10.719057348252,10.7447750934402,10.4233698355568
"NDUFC1",8.46248153882753,8.26562876801623,8.48672413198347,8.5290824416794,8.70628302304003,8.46009837150516
"TBC1D9",11.6124063828558,11.6010409844693,11.200905599044,11.0045888873949,11.4832244561941,10.4252886541095
"ZNF330",8.92152259713283,8.88173805488778,8.88451590408552,8.80812242009165,8.94921969054632,9.07235352511377
"INPP4B",8.72271821537243,8.97562705037016,8.46418745624302,8.45239792323193,8.56218417374355,8.30700429615734
"GAB1",9.37038760070894,9.6006764726499,9.96519358306548,10.1259474771417,9.69337728113903,10.4705906052564
"KLHL2",10.2335794478194,10.1322422876437,9.80003457926382,9.65561515631697,10.1244785213911,8.50446600422867
"CPE",13.2194913861294,13.1598572309956,12.871296492049,12.6391364618596,13.0628518221787,11.9905526227294
"RPL34",11.4440732325701,11.4585721086226,11.7858204031069,11.9493607587745,11.8575910951683,11.954695123387
"WFS1",7.19106458252092,6.58688018095247,7.47120541838317,7.42865150172668,7.45482713624656,8.07458872633557
"GRPEL1",8.88876843717865,8.7897539286858,8.53437126979068,8.78175300944217,8.83375038892649,8.8269892391492
"GAR1",6.58725916525107,6.47028950760066,6.36527543281753,6.58609309898638,6.62713795454819,6.89563633808235
"FRG1",9.59120269733504,9.59947438305679,9.3651177511977,9.41780519104758,9.45849889150967,9.36295236749969
"CLCN3",12.3598456541794,12.3799546170366,12.0618593759502,11.9139845874117,12.218553750831,11.7517890644285
"AADAT",9.05738645449597,9.09993885359379,8.89015460981113,8.65755998564566,9.13877337621301,8.06141674089896
"GALNT7",8.74973432875822,8.79396960417558,9.32616328270422,9.18931881856801,9.0827252779682,9.31127687122318
"DHX15",11.9299063316259,11.9653832634314,11.9661781865034,12.1411790265658,11.9477334806698,12.1610351855396
"SEPSECS",8.43850386345387,8.58353757450613,8.55938646576936,8.80350402162126,8.58722795759676,8.99512543803271
"TRIM2",13.9459461771947,14.0320016354368,13.8329543327656,13.8473711754106,13.9552075803003,13.5750329336857
"FBXW7",10.9840895202154,11.0098770681253,11.0348796275836,11.009933926467,11.1068930387755,11.1198944686419
"NEIL3",6.07831789081791,6.25346714605822,6.62882379950556,7.42053615052125,6.38909414439227,7.52048453789093
"TBC1D19",9.72201498000354,9.85148735635476,10.0303843885937,9.47210396250534,9.52576102298762,9.55172369277373
"WHSC1",12.4879861706005,12.4464402534734,12.4827773677815,12.4766180682254,12.6411516212882,12.1955411793024
"SH3D19",8.35448204461937,8.37961868618862,8.54514553185727,8.98437393129035,8.25847445877537,10.0282385715745
"STIM2",9.84307342641135,9.96128687264958,9.9246153762528,9.77270469663959,9.92498477795631,9.67085843112171
"NKX3-2",4.33057497578978,4.69525161239808,4.86296472820736,5.84564325546448,5.37441071259404,6.97674618414927
"MFSD10",8.20246030796334,7.49315139052759,8.02447956926086,8.31830835495262,8.44602302521782,7.83219871463206
"GLRB",9.52176671564277,9.44339822117206,9.17972072930523,9.02855655245795,9.30121138755134,7.91522255745225
"BST1",5.81299943796065,5.81547244195914,5.93909051704448,5.56781120866857,5.42310223496893,5.7938961322474
"RAPGEF2",12.5067829204688,12.5725548710559,12.3669586970214,12.0780173623284,12.3377038189389,11.7934804667887
"HGFAC",5.85484684019812,5.55970553524277,6.11933501176659,5.77536139914715,6.3991018748316,5.40006335275449
"SNX25",9.60066206938061,9.53050441465382,9.33031373473615,9.47404040595738,9.57031200752777,8.8424160794459
"LRP2BP",7.41299103728355,7.3498397812423,7.30158068721242,6.71441314140921,6.80708020734672,7.39384877311
"UFSP2",9.69072467059024,9.70941724737342,9.53834041986469,9.62283122685404,9.48644621251567,9.50528738305195
"KLF3",8.29893292653589,8.17456027369429,8.10456986944914,9.30482880103541,8.92652921080005,9.63149226405024
"KLHL5",10.833001739108,10.8892146208268,10.5078343493103,10.808427667637,10.9540683735061,10.5675985309924
"FAM149A",8.7545922182861,8.83954363430369,8.44129076856599,7.97533633310703,8.48209271024696,6.45980961472376
"NCAPG",8.31549587315435,8.44550755057841,8.62177718223572,9.67088782495244,8.79489427307196,9.94863370554246
"UGDH",9.03162107719828,8.99771516650481,9.15652724409517,9.17390793758876,9.03807483320352,9.26484505210189
"PPARGC1A",10.2248707615813,10.2977089018941,9.65541288542439,8.87273847656728,9.45397656532653,8.84433284264935
"DDX25",9.13946528525982,9.214359116568,8.74831617567287,7.88157749475574,8.64798943308011,6.9032122694239
"CRYAB",5.0958257135656,4.84495094307666,5.49586482724437,6.26520864888704,5.07654591073903,8.22679405530618
"DBX1",4.33057497578978,4.58878259651035,4.63910910251109,4.33057497578978,4.66714835127326,4.33057497578978
"HTATIP2",4.60390596466056,4.33057497578978,4.7660846074949,4.55239249687834,4.91093888395682,4.76371589021208
"CTSC",7.48569998499647,7.63746793871332,8.50523779269717,8.88590278913282,8.03040308440144,8.72870457518211
"CCDC34",7.2895535690056,7.45598363703094,7.22207310011052,8.07872935865574,7.5175727858162,8.77165245129644
"ZBTB16",7.26902704649298,6.97969885755654,7.81400512101009,7.45669148388178,7.43637318374401,6.03906618111504
"ELP4",8.30889367961172,8.24725699666395,8.64198552070115,8.46806649383119,8.29445289230655,9.06580021591101
"ZNF259",9.98807100344887,9.9030552761839,9.71850045297244,9.54576035917355,9.87598001523863,9.66545480052321
"MTCH2",11.2310354767845,11.2423939311148,10.9081428050878,11.0179145302055,11.0792841957805,10.6271590101998
"FNBP4",10.6960658705804,10.7253955209623,10.6481655060308,10.588934512062,10.5699418854732,10.7024024696914
"TECTA",7.7875724749967,8.04570240743399,7.93414485834228,7.72657456869005,8.0425635689601,7.58209119944952
"SC5D",10.9690477908414,11.0517660797206,10.6255642415145,10.5440424394287,10.8611294946981,10.2128782715135
"C11orf63",8.03633134806057,8.17131409702859,8.19874965625953,8.33122543394606,7.65924825659466,9.37624849007758
"B3GAT1",10.593595459399,10.4421113384358,10.7437626327793,10.5421989151096,10.7261551971489,10.6453811545261
"HSPA8",15.2870622624835,15.2420587220829,15.3285364476573,15.2480704885143,15.1417921506619,15.2833607619508
"P2RX3",5.67698376420325,5.71625300812078,7.12804990920464,6.58609309898638,6.42866709038505,5.28523604052962
"VWA5A",10.972172768483,11.0044408985851,10.200908155006,9.99052549228581,10.4738763369099,9.67516679273869
"DNAJC4",6.95300237665677,6.66563710439642,6.98465473288329,7.3105237476609,7.52194936736348,7.77672179555769
"SIAE",8.94719904553425,8.90335528059791,8.3334706512509,8.58401932575976,8.50856160689741,9.10147953490621
"SNX15",5.6525384434395,5.87100821421757,5.60065691610817,5.83193623690723,5.8583162996779,6.06819675099262
"LPXN",7.83908899707503,7.8803163866039,7.64290155373675,7.74285942399799,7.97753136679775,7.54925324738034
"DTX4",11.9280301833354,11.8682261525423,11.9883238644747,12.2333075315906,12.0620079531,12.1092695247424
"ATG2A",8.05621313627249,7.47203311609823,8.1711419178634,8.12897975024973,8.2842653339578,7.86675109047803
"EHD1",8.89097541870595,8.74036307900018,9.0447409562731,8.9952101602762,9.21160267712732,8.67584299192599
"OSBP",10.1850173493975,10.1545057448753,10.3266419923076,10.0390565422696,10.0686575612829,10.3171467779955
"UNC93B1",5.97189916146181,5.69527237656877,5.88936033417274,6.74132882678262,5.99036612397887,7.36709066927881
"PUS3",8.08745859130208,8.18747172901015,8.09480102749024,7.93913481520971,7.99328654100108,8.07786280762824
"DCPS",7.28274489527678,7.27228180361364,7.44043827095953,7.46065189899311,7.17689695338959,7.42529865342838
"SUV420H1",11.6830785448009,11.7182975080982,11.5634464829946,11.5445987730925,11.8401656326376,11.2579903141884
"FOXRED1",8.96615989634526,8.76419675287601,8.79416288500709,9.09301618327738,9.0694750500515,8.82504918771244
"PPP6R3",11.5391467281133,11.5944229210661,11.6555569936014,11.7998279249059,11.5495867773375,11.9290087265748
"NRXN2",11.3047730055283,10.940406422135,11.0631853317519,10.5310880051869,11.3180598990584,8.61872090139936
"MS4A6A",4.99520527768772,4.84495094307666,4.33057497578978,5.3049269085433,5.77775078358577,4.83010453277739
"ST3GAL4",8.16270466126642,8.03858705976951,8.09480102749024,7.75254127791786,8.0181379847393,7.59133478252114
"CPT1A",6.111792441977,6.09988234759329,6.6427968877454,6.70759898081338,6.89222287773343,6.21702304029175
"CCND1",9.2047555698784,9.08110158900792,9.91359878523495,10.0455791967467,9.54076495614395,9.88404597470252
"CCDC86",6.46838189693335,6.44792678694728,6.21973164683618,6.74132882678262,6.62713795454819,7.00508864209275
"PRPF19",10.2704387816257,10.066794169783,10.5635031262415,10.5996101924872,10.5297052896602,10.5820043090331
"TMEM109",7.0451330407818,6.98725741936592,6.99540769375669,7.66976224547184,7.16566744120956,8.39610532840677
"CCKBR",5.3344412562722,5.28072429172865,4.63910910251109,4.71402308857299,5.03903521958369,4.33057497578978
"HPX",6.9872241670526,7.22231829608507,6.78756865288512,5.87256822454692,6.37900788898933,5.67858866699434
"TRIM3",9.49882123213004,9.24851888234009,9.09197085184009,8.82036606718761,9.52144532459256,7.83607962613993
"CHORDC1",10.2585412054169,10.3550816854737,10.3245644978011,10.1808979475976,10.3097343484702,10.468731165745
"FOLR1",4.33057497578978,4.33057497578978,4.33057497578978,5.6525587184268,4.56883750728876,6.13809210754304
"ANAPC15",8.01616840558309,8.05278242919946,7.88389418139776,8.47195701967692,8.37823875941362,8.25884372384724
"PANX1",10.7625529444238,10.7542935945372,10.5151393229728,10.6847934954136,10.9077278516808,10.1227239673465
"ARHGEF17",8.56567891271529,8.20026757039308,8.65861115442126,8.91330442248721,8.56848622357422,9.23741615377881
"APOC3",5.29925920898593,5.34383018699978,4.94418431550225,5.35063533644267,5.76091096778062,5.22140032273235
"CEP164",9.45329650431033,9.35353873276358,9.13769950635519,9.61583326094839,9.55561423087348,9.62148034432844
"RNF141",10.9856366459395,11.0071615443236,10.8864803467369,10.8611346285369,10.537736141726,11.2105711411755
"KIAA1377",9.12266914911813,9.40262010323139,9.37519615884468,8.97345543269955,8.86988525723704,10.0892244692862
"EIF4G2",14.6315352187635,14.6842309343332,14.7617021281675,14.5675234837394,14.731313755159,14.4145730774079
"IL10RA",6.9787484957864,6.91767973622659,6.3126379774091,5.74594758405598,6.58458917618073,4.94087121374919
"GALNT18",8.26522052484028,8.07728936231953,8.23918644785755,8.26544155446111,8.2401400912153,8.1355471002343
"BIRC2",11.0237851085909,11.0451626979325,11.015695781968,10.913053500683,10.8810443929877,10.7668701837084
"UBE4A",11.33056816843,11.3890076867411,11.1543014681304,11.3586404977388,11.3316715349426,11.4717160848966
"DDX6",12.8227234236245,12.8697192959179,12.9641118465808,12.924714546645,12.8676207532387,13.0820817015833
"UPK2",4.33057497578978,4.69525161239808,4.63910910251109,4.55239249687834,4.56883750728876,4.58127373257168
"CBL",10.92080300216,10.9498647822794,11.238899984803,11.0162555417571,10.7916433473845,11.1258055940121
"PVRL1",9.65485346007073,9.51783320618789,9.28826079070427,8.8430454729705,9.62463364815758,7.45097907944464
"HIPK3",12.427616302026,12.4494437673908,12.3074698334422,12.5564026794435,12.6896432213877,12.4941711284688
"KIAA1549L",12.1289892891767,12.1455309713208,11.9063312785703,12.3452313452949,12.0416361476722,11.9599985602666
"FBXO3",10.6329622275031,10.7488852605935,10.2520874644292,10.615915250847,10.7410702950423,10.5922880864765
"PDHX",10.4266930503723,10.461419680804,10.4034476913377,10.1104771187125,10.3246653014569,10.1585422928234
"SLC1A2",13.3659569427616,13.4429197194352,12.9941503240543,13.0935856091616,13.3098467536144,11.6066119746706
"COMMD9",10.0356599577441,10.0154561465863,9.916360836488,9.89261687367716,10.0716111932806,9.4485199458496
"SLC15A3",5.0958257135656,4.95891832408665,5.3782345210694,4.91404266993799,4.91093888395682,5.42659714675519
"MDK",7.89765744756007,7.60879611156309,8.27851112581537,9.76323654591077,8.74015605497258,10.2195285231975
"AMBRA1",10.5172008019014,10.434045437827,10.4073789658344,10.4498351975548,10.6531226353558,10.2143587582018
"MADD",11.4593709709304,11.3355329331022,11.1734704502967,11.1187617632858,11.5677385146667,10.578560022919
"PTPMT1",7.3878931108795,7.13709168804272,7.30158068721242,6.78717281962596,6.70045381273315,7.9406542465097
"NAA40",9.85779676276125,9.76622348276312,9.56851241665407,10.200318703871,10.1713514743265,10.1084622438867
"CARS",10.4190788142011,10.2106740514734,10.0111348106684,10.0847407720167,10.4468368041066,9.53759436431553
"SLC22A18",5.0958257135656,4.90491546544878,5.41912560421338,5.43553531135657,5.46935070319513,5.75680447202851
"CD81",10.1113271144316,9.79485888139665,10.5133165455848,10.1284074020593,10.27620368005,10.5442457287461
"SLC35F2",5.36825224778896,5.17594971784969,6.52664985962964,5.37262261357025,5.4465120496375,5.77550668699715
"ELMOD1",9.52602859947427,9.60427673538432,9.30311944144078,8.96107221041259,9.48976374222477,7.33981132903799
"SOX6",7.71416483505751,7.9691585288187,8.58048625117165,9.32964257461733,8.82501125983981,10.4718289009699
"C11orf58",11.531400082902,11.519546964466,11.3680467467346,11.6691147823679,11.621366125459,11.8717734779958
"PITPNM1",10.0913426925188,9.38039026103092,9.64878340230814,9.53467086120084,9.979472636214,8.77768436969042
"RPS13",11.4664055301087,11.4974661337499,11.7752131778502,11.9762311779263,11.774635177029,12.000023197443
"AIP",8.46545073867808,7.9691585288187,8.45659579775425,8.65414218569472,8.73269745384022,8.18493610461721
"NUP98",10.7697547000238,10.83051748574,10.7289179445037,11.0396362104121,10.7902995679992,11.374445844494
"NDUFS8",9.10946858250594,8.77062879715972,9.17511183834421,9.26734594324055,9.3137475060278,9.27482013441511
"TCIRG1",5.04742567774093,4.33057497578978,4.94418431550225,4.91404266993799,4.99924798284876,5.07532107295397
"CHKA",9.91739464452544,9.72493284573832,9.95448392691932,9.83428429388061,9.87935553863125,10.0664510645747
"EXPH5",5.89520136979655,6.12926986364968,6.16047993900056,6.28425515241289,5.63503194179442,7.046535392754
"HPS5",9.74656706778638,9.79590860243539,9.77742304381021,9.67088782495244,9.81911133096177,9.65567690395344
"GTF2H1",10.0376505848345,10.1487666662866,9.99293363186966,10.0860069198609,9.96047592433483,10.1124380056731
"PTPN5",10.1263695520578,9.77156943981134,9.21606999188072,9.34559809371799,10.3221875208776,7.30070367541957
"VWF",4.87482195210638,4.33057497578978,4.33057497578978,4.95373220111794,4.86095996838829,5.5258120673756
"PSMD9",7.58266920398658,7.5191112184808,7.26680255576584,7.44073724444138,7.42237181934048,7.6366663069708
"LEPREL2",7.49159265832426,7.24752405153874,7.39298538920024,8.3139766266993,8.31711312572518,8.46009837150516
"PPFIBP1",10.6648591476165,10.5885799229776,10.3036232530844,9.7295993982081,10.085558896615,9.70180607199407
"PRPF40B",9.21711404294371,9.10503377358561,8.94806296378413,9.24823208060184,9.39621574551037,9.11740946080916
"PRDM4",10.0356599577441,9.94055549259541,9.79704012657024,9.83353056436819,9.85470198324886,9.73726285624238
"COQ5",9.09039803745238,9.2064811610512,8.98804320778354,9.31998370126168,9.25645487464005,9.29176110380042
"SELPLG",5.5207400332063,5.31286008562374,5.49586482724437,5.45558649408591,5.53476861827663,5.3153992589889
"CORO1C",11.7513592740437,11.6650293935088,11.7698801736171,11.7917054470512,11.5882442978093,11.6049202060411
"ASIC1",9.09423242154179,8.9361371845118,8.90415536165726,8.42856911875973,9.18181771500638,7.17012707082204
"CAPRIN2",10.6090698776718,10.6379845630987,10.3078359024816,10.3045992238649,10.6262600914957,10.4981982722715
"TSPAN11",9.44131082347357,9.44874910183203,10.5413139258633,10.3941992893633,10.2107328268459,10.6148817375065
"KCTD10",10.1984245893783,10.1820608680302,9.97979063814797,10.1509649191759,10.1568232452961,9.72588673215536
"SLC11A2",10.479628111844,10.5879742465168,10.1324882058438,10.1973929270066,10.3388305027794,10.1266606483088
"MLEC",11.2564630752607,11.3584402131027,11.3760918186371,11.7567647729886,11.3741460840677,12.2655665687884
"MVK",9.57484072066553,9.52544929829956,9.1041463139336,9.26622859606091,9.78081555482301,8.17274800639151
"CSRNP2",11.2919087897926,11.355596617815,11.14196904401,11.0012381518883,11.3836814295997,10.3619157933801
"CAMKK2",9.46813969461896,9.32617696587529,9.47415769676147,9.31242619042964,9.68472038019127,8.85767908140501
"ATP5B",13.2259413039522,13.0807117934485,12.6050368873968,13.0031022474681,13.091135481031,12.849229154169
"PTGES3",11.2362436295754,11.2833698319288,11.4574882908657,11.4224087213104,11.3792195832711,11.7302240149654
"SYT10",6.07831789081791,6.14370258404416,5.49586482724437,6.78717281962596,7.34524114011646,5.67858866699434
"BCL7A",9.97981195790052,9.93198778223074,9.75907485980954,10.3506218570713,10.5286311225223,9.41283751274919
"RSRC2",10.9001692306967,11.0048946960519,10.7155050924836,11.0468046827941,11.0582251468553,11.2366622923471
"CYP27B1",5.22411723473243,4.84495094307666,4.94418431550225,5.15028716110163,4.74232802187034,5.18746296578136
"LIN7A",11.3913577205417,11.4287821156683,11.015695781968,11.4083109764621,11.4667766184855,10.4914983779961
"KRT18",5.79147317606317,5.53524434648493,4.94418431550225,8.96107221041259,5.74380775294986,10.4361139950349
"ACSS3",6.30967770216152,6.19979772223188,5.83737023149546,7.98629262707594,6.63548630992359,9.61139836671625
"TENC1",7.55483479848096,7.27840315363716,7.30158068721242,7.13731522744772,7.53932097779064,7.55871379354643
"GLI1",4.60390596466056,4.90491546544878,5.83737023149546,5.80400878913798,5.39908280147121,6.15160304901779
"PPM1H",9.30904387899255,9.35068290901608,9.04978617623314,9.40770891967464,9.14018218792599,10.2024720808327
"METAP2",10.438039549749,10.5292430954201,10.3015123042135,10.6276982659225,10.5124218608845,10.8017519315105
"LTA4H",9.74899942614964,9.88442635649701,10.0392803124542,10.2469073892264,9.84437586532338,10.8425261237494
"ELK3",5.74711795931809,5.7368316223205,6.3126379774091,6.56344602671809,6.15834206985003,7.046535392754
"SLC6A12",5.36825224778896,4.90491546544878,5.0153475618871,4.64396487703681,4.74232802187034,5.03357482878391
"WNT5B",6.50519094232758,6.2134331229608,6.89544820275353,7.44873701099171,6.87839785072055,7.60964233684129
"MAGOHB",8.05621313627249,7.90403269295821,7.91759106235902,8.02132969297746,7.95517718205707,7.89677467350811
"ITFG2",8.64895738851833,8.80236402807747,8.53076178760897,8.61071852248022,8.88341544025648,8.36701671733974
"FOXM1",6.90000882976452,7.2844977606484,8.0347402825363,8.61775520212101,7.38433704713278,9.09022271051951
"PRR4",8.04829365157979,8.25953102712355,8.19418524668406,8.00526570963986,7.80600096679389,8.21198510259766
"PRMT8",8.0758215895408,8.05630930338481,8.62854495853205,7.89327677938522,7.85172803010065,6.79310186108496
"PARP11",8.66968657692485,9.07937681733752,9.21382485946965,8.75329464037389,8.77143000974603,8.51895526805538
"ARPC3",10.4515385461804,10.4627418095462,10.0556570742511,10.4962803591952,10.4221757052875,10.5693348413453
"GPN3",7.39420983209523,7.50359283809551,7.72786621708424,7.75575392497685,7.6432996066977,7.93343430385265
"VPS29",10.0246621028444,10.0519352768992,9.77590291920157,9.93258181812908,10.1761618669558,9.80958612553072
"RAD51AP1",6.50519094232758,6.65604391987176,7.0271704621372,7.72657456869005,6.83605876652294,8.35359674201096
"CUX2",9.96105425811269,10.0832219271832,10.2065599394826,10.2292545089226,10.4227540351473,9.86625956021458
"SH2B3",7.3493827656466,7.35563129640412,7.37680414175874,7.34100315303529,7.52194936736348,6.80939009577328
"AKAP3",7.15412798548242,7.16387706458242,6.92958651312438,7.07615506021504,6.95275775737551,7.27785479706656
"MANSC1",7.24819384114694,7.29056586476305,6.9628925018021,6.98458762895756,7.01072782128493,7.25462542897823
"KCNA1",5.46268370782665,5.45795213323723,5.41912560421338,5.15028716110163,4.95674843757777,5.22140032273235
"DUSP16",10.7486482505919,10.7347279391848,10.6026031441729,10.335798405983,10.848272563973,9.46851989911571
"CREBL2",9.69198941551626,9.73591402186529,9.48350361129794,9.58032431988036,9.44032376162135,9.6237112353592
"ACAD10",8.66968657692485,8.62674585515214,8.74831617567287,9.19285186357795,8.92489467730096,9.41025461702695
"ALDH2",9.50890488358432,9.49603300340026,9.00372920050377,9.67257483865142,9.51711665792737,9.65349499773249
"CDKN1B",10.2090613367203,10.1314110763078,10.2054313535062,10.506243877926,10.8361684739025,10.0197957599098
"NAA25",10.3622423993751,10.3776869366369,10.1986412235014,9.94589345139636,10.1237672532947,10.0197957599098
"GSG1",4.99520527768772,5.09718127405855,4.94418431550225,5.77536139914715,4.86095996838829,6.5414660432608
"OGFOD2",6.26671530794524,5.77685464919912,6.0767532850492,6.10134683232378,6.36884173554423,5.97857887220761
"CDK2AP1",8.69770916277194,8.60770260658266,8.85598573220306,9.96184477515771,8.93467412085408,10.6109533127519
"OAS3",4.7165496130104,4.58878259651035,4.86296472820736,5.02596345433389,4.56883750728876,4.58127373257168
"MGP",4.60390596466056,4.33057497578978,4.33057497578978,6.79359655144538,4.56883750728876,7.97269840201164
"ARHGDIB",4.87482195210638,4.84495094307666,5.81044805857035,5.20526093226038,5.29596108369109,5.11466593771837
"GTF2H3",9.33681063638317,9.3873740190436,9.18201965184832,9.41981597959272,9.00906214874504,9.67731615248355
"EIF2B1",9.46370277656609,9.50376492104457,9.34474682174218,9.63672601098936,9.62362744136161,9.39335192665545
"DDX55",8.95986735118201,8.91307485178166,8.5839729087344,8.78018669218393,8.92489467730096,8.8269892391492
"SLC38A1",13.369812317969,13.4184339840036,12.9361578105275,12.8892657450299,13.2724029235967,11.2719173377191
"RERGL",4.7165496130104,4.58878259651035,4.86296472820736,6.3841869298852,4.95674843757777,7.44076318907934
"C12orf49",10.5531239000024,10.6114091529905,10.5922796842904,10.4819262792909,10.5875853161315,10.5145126971357
"VDR",4.87482195210638,5.00838899562681,5.07933519419276,5.61949520913034,4.95674843757777,6.21702304029175
"RFC5",8.42025359754767,8.33973561473077,8.59092090787808,9.06757785674507,8.61590372944342,9.30015741663468
"STX2",9.27567639537996,9.36632031032236,9.31782631370153,9.84254940752499,9.3676455262382,10.0316019001008
"GPR133",5.6525384434395,5.31286008562374,5.07933519419276,5.3280834021818,5.76091096778062,5.22140032273235
"COPZ1",10.573158644258,10.5946227385851,10.5705321681793,11.1215420152653,10.7298984566002,11.407172020882
"TBC1D30",9.90871931718686,9.93580194177657,9.95179403420881,9.6860003130889,10.4434209340881,8.35629081786045
"CAND1",13.0438910812034,13.1512746815502,13.0344181335638,13.0323671245298,13.008036562927,12.9207811234393
"RAB5B",9.2047555698784,9.20331786604865,9.0846158100354,8.96107221041259,9.05161607982029,8.98647568177446
"MDM1",8.41718915815296,8.42931722170164,8.68156823853044,9.33071179407689,8.89348015170076,9.93791869415679
"NUP107",9.46666224003285,9.40537486069544,9.67675044647636,9.9234025090154,9.35071399112692,10.2187911192272
"CNOT2",10.9591071252708,11.0274044450499,10.9437648121505,10.9731224744025,10.8270232768584,10.9706720677828
"TIMELESS",8.37041808834304,8.1516805943671,8.76683080384328,9.54576035917355,8.99822400252426,9.87096151658063
"CPSF6",12.523209088908,12.4838676362812,12.4226356350799,12.4237892919991,12.5560852176475,12.0286985815045
"KRR1",9.96628926087552,10.0475357087501,9.83256936404296,9.91985638204716,9.86835605993623,9.96631694250901
"MRPL51",9.37196714000501,9.21121310657414,9.3073367562706,9.60084875985427,9.3137475060278,9.95041182276857
"GAPDH",14.4744934918042,14.2002795529081,14.3219641407005,14.6325518388126,14.5322031107899,14.4154580428834
"NOP2",8.42331149666572,8.41294186554891,8.34996531350985,8.4912528267593,8.43686196165172,8.67584299192599
"CHD4",12.6691389614328,12.710530360884,12.695209719317,13.0081185104833,13.0340971624256,12.8675701674286
"ACRBP",5.46268370782665,5.7368316223205,5.83737023149546,5.60255728389094,5.88899535302041,5.63720988468804
"UHRF1BP1L",10.8220740843651,11.0012603124945,10.7522876054452,10.3500950636869,10.6347709042978,10.0516187394379
"COPS7A",8.98899981603422,8.91887520896275,8.62854495853205,9.16314136834373,9.18727921018487,9.17790397013994
"ING4",10.0396384670385,9.95847736170324,9.95313960799102,10.0967245161765,10.2214099969489,10.0164047417332
"GNB3",6.77757659703764,6.57669813123392,5.98677983682015,6.50107558601883,6.8573932640096,5.97857887220761
"CDCA3",6.99564779673892,7.24752405153874,7.36043382064508,7.94195246237163,7.36980368498061,7.90418256067583
"CHPT1",8.32860959222088,8.4852008471135,8.32515149771504,8.23137932875426,8.16435677203213,8.16661474546285
"USP5",11.4225324459642,11.2085175848337,11.2482442478073,11.3690763425129,11.5101368251081,11.2278954448919
"TPI1",12.227944482189,11.8818777105467,11.8351662709789,12.1744321482439,11.9783423418364,12.2220856497119
"GNPTAB",11.7385710323721,11.8052734442308,11.2876954978696,10.9489768753645,11.5434850848406,10.0332806264328
"SPSB2",5.9531937412958,5.34383018699978,5.96317797384801,6.86231554612004,6.67646014042819,7.13865823321848
"ENO2",12.2941540598199,12.011274656479,11.7146440572666,11.778457028079,12.3509797164021,10.7643460500025
"ATN1",8.9951664423745,9.32617696587529,9.59978514004362,8.69629077530941,8.6057280384882,8.82504918771244
"C12orf57",9.36246381064603,8.91113618735267,9.72324084022193,9.68181827357675,10.0182628866949,8.81921326867187
"PTPN6",5.29925920898593,5.2124335202594,5.69565584988958,5.25661469107151,5.46935070319513,5.03357482878391
"LPCAT3",7.9152037029292,7.99880489787101,7.275578697877,7.98356144345384,7.9127074203427,8.05478485436105
"NT5DC3",8.42331149666572,8.54149919794881,8.57348741302646,7.51114736667832,7.6231073976722,7.71477135620991
"SUDS3",10.6693588050356,10.6531189557511,10.3746208492743,10.5965046071168,10.7359606086064,10.495765546969
"GOLT1B",9.76110001574184,9.69373277222339,9.57377190540356,9.63759000199943,9.61048240279979,9.46105242302031
"GYS2",5.70087603390657,5.75702651981449,5.45827589049947,5.3049269085433,5.51344929562775,4.94087121374919
"LDHB",12.773273510091,12.7724692874672,12.7904597051457,13.1729319440518,12.8521427200393,13.3739276699857
"PRKAB1",9.34326690275064,9.1117990574556,9.20254636568912,9.28951268396801,9.40092282443618,9.21834327551738
"CMAS",9.91089304886717,9.99823300871113,9.73580616336313,9.62195833762687,9.95088285755011,9.46727800519495
"HCFC2",10.0406313811735,10.0960602659178,10.2155569661065,9.82369604175593,10.1644515245578,9.35893947262541
"ST8SIA1",10.9159426652988,10.9106850385686,11.2194690653179,11.4032424905966,10.9351430980947,11.3470450629818
"CLEC4A",6.04388889103782,6.31748106638303,6.23887088147353,6.01035734573399,6.18224393265002,5.63720988468804
"C2CD5",11.2902405031716,11.365878089992,11.216111610162,10.9559169606715,11.2616451129792,10.5888683019277
"RAB35",9.58576932572485,9.39015806672518,9.40501496409597,9.41478373446348,9.83310511631252,8.87278170129689
"PHC1",9.80149823810552,9.75114843379925,9.89691440146145,9.91059541540207,9.9943361497789,9.81642777612411
"COX6A1",10.2370482478923,10.1121597453828,10.003362427712,10.0611142046249,10.1918553873016,9.86814218378981
"RFX4",8.79994086351907,8.82107407206567,9.75290651706113,10.4089432025953,9.03807483320352,11.3601420659851
"RIC8B",10.3874331824176,10.4534613519713,10.3120362806423,10.38033535202,10.2425300305469,11.1499844693342
"SRSF9",10.1319702488211,10.058072202895,10.0556570742511,10.5718680533347,10.3022104927532,10.809118088808
"FGFR1OP2",9.38140816436637,9.37477876640336,9.33238448296789,9.46043031049378,9.31124899917331,9.68053419271904
"COL12A1",9.00130674097162,9.10163916561853,7.99324667467734,12.3934399358514,8.99822400252426,13.8020266999824
"BTN3A3",6.111792441977,6.08491777140764,6.36527543281753,6.27476788446092,6.01778816310778,7.45605930274817
"TDP2",8.94719904553425,8.96445445598059,9.14006648893158,9.12172483349431,9.15976209216697,9.45479981525554
"FRK",5.18373077138573,5.31286008562374,4.7660846074949,5.25661469107151,5.42310223496893,5.37273133131448
"DSE",9.39855757657233,9.35923344478065,9.14949567740877,10.0006318717304,9.51711665792737,10.3349493379625
"RWDD1",9.87125532434756,9.8981762238209,9.88990517109231,9.71248173990032,9.76812431415303,9.58759571164396
"RSPH4A",7.64203905041473,7.80249233411158,8.01932138505468,9.86485266356866,7.95195488704681,11.1964105290197
"MAK",5.9903111609895,5.85279833732561,6.0767532850492,8.19648579991439,6.3482640446452,9.5807220935992
"TMEM14C",8.95776370220868,9.06724516950701,9.28398714281601,9.50751343820897,9.22891746565755,9.7888641213946
"PAK1IP1",8.93869107491571,8.95507719042488,8.81209961871537,8.64211539283331,8.75311613028216,8.42973813968836
"GCNT2",8.76425898750754,8.8557640951874,8.98013558505696,9.39549921562476,9.30999811798254,8.18796695439066
"SMIM8",8.84617881199788,8.85374652070242,8.81209961871537,8.58581481145572,8.65195018122067,8.31533747103444
"NEDD9",10.6910167931999,10.5819034506254,10.4650971464213,10.4929438303406,10.0380287305505,11.0243992695429
"CEP85L",10.6985837963035,10.8397047566414,10.5679002905063,10.0239414854805,10.2399068823428,9.43206297557623
"ASF1A",9.48720995597645,9.56663293678612,9.74826287174624,9.7312190965536,9.61251253883596,10.0458091487397
"MCM9",7.94112393594457,8.17456027369429,8.04999422004313,8.56957397218127,8.2636699680789,8.95312379390624
"FAM184A",10.2559789024027,10.4047664165647,10.0631532878899,10.0403634362185,10.0545445746198,10.3136978667801
"RNGTT",10.7142220153183,10.7440003596007,10.6489958260076,10.4824070575899,10.7826610788612,10.1897341829691
"MAN1A1",9.29911458154264,9.25158449214407,9.07722297487228,9.23572766287708,9.13736318391428,10.0104511984168
"GABRR2",5.26254826080776,5.17594971784969,5.07933519419276,5.35063533644267,5.11210946503177,5.75680447202851
"SERINC1",13.6052972041712,13.676604066978,13.1645024586497,13.4101982290079,13.5500127289814,13.1795424501394
"HDDC2",9.29245680169012,9.21121310657414,9.30944079031773,9.12048846997021,8.95403569860274,9.5841630018552
"TPD52L1",6.73756065626201,7.09591621670021,7.0271704621372,5.87256822454692,6.0837061780769,5.97857887220761
"HINT3",10.409888342273,10.3486595856082,10.25754253117,10.1932868396189,10.3382175092983,10.2106546873064
"NCOA7",9.73679637096289,9.80740535239521,9.50935410664662,9.02062364169454,9.44830361650736,8.20900481354466
"FAM65B",9.69451558006296,9.68469296579113,10.0841833047062,9.95700868307781,9.80053584171069,10.6019336700654
"SASH1",10.0095285208815,9.89033522483635,10.1583818464195,10.0298749606287,9.85470198324886,10.5905792078351
"UST",7.99571614512264,7.91185105683922,7.72786621708424,9.66835359527486,8.41369974159203,10.1140252456486
"ULBP1",6.51723368027146,6.47028950760066,6.51138402021999,6.58609309898638,6.513522034208,6.86490396630684
"FBXO5",7.77800158699728,7.62797515941513,7.91759106235902,8.52159593582743,7.67893446146909,8.86525022738942
"MTRF1L",9.1633854251255,9.24236800755149,8.78207944247593,8.65755998564566,8.87666626836688,8.42973813968836
"PPARD",7.48569998499647,7.40670473789636,7.7715894574761,7.71010036661018,7.69061605082664,7.83607962613993
"OPRM1",10.0095285208815,10.1876691932835,8.65530139640871,7.38342468393395,9.17633541602329,5.77550668699715
"FANCE",7.68882550855379,7.48790146963411,7.54530215955348,7.81852466873386,7.89602933192828,7.38320676776276
"MAPK14",9.97254627217298,9.84237179343631,10.0903106704478,9.85225655389969,9.80852609901768,9.90986386521915
"KCTD20",10.7846438454669,10.675526870409,10.8914003852883,10.9877568254675,10.6417422931766,11.3863129774626
"STK38",9.30739374410752,9.39709472954062,9.64045342311293,9.29609669525902,9.30999811798254,9.59215997227397
"SRSF3",12.0297584670385,12.0647018226996,11.8431684850856,12.3310228614989,12.1747726758972,12.333882461574
"SOD2",11.5271570403126,11.4919736369253,10.7813557515923,10.9371015501442,11.1158605996103,10.8544420206226
"MRPL18",9.00538575784659,8.97005160344851,9.15652724409517,9.17032802321791,9.1804490968158,9.28472657664277
"MCM3",8.86426533335222,8.9284907699439,9.26892867330728,10.119160961886,9.04711647923565,10.5495331766646
"RNF8",9.31726630418808,9.41634149786709,9.0821557501178,9.39140620183165,9.47756192885912,9.16723155597995
"PHACTR1",9.59661565527658,9.70159634911343,9.60664340420261,8.76759429417921,9.40678512009778,7.4960534462844
"MDGA1",11.0005072581504,10.9903018924142,10.4432440213421,10.7871826787972,11.3024346019878,9.62259622161932
"ICK",10.0296715310326,10.1772363079201,10.2189164299735,10.2865419428546,10.6146649341684,9.67301422215777
"FBXO9",9.8362269787294,9.75006558627694,9.64379119588997,9.42382915397643,9.73310241997739,9.43206297557623
"CD83",8.41411815025139,8.33104276038431,8.29564766292227,7.93913481520971,8.33942017719165,8.07458872633557
"MDN1",11.6941599024163,11.6923319578389,11.6994966801105,11.6240798904076,11.7685068961889,11.621470387996
"SAYSD1",8.51500835691647,8.44013107304247,8.39038934388409,8.55864369724703,8.7308267358132,8.25017389671768
"BMP5",7.14662114384871,7.45598363703094,7.35217632584177,10.4250392954259,8.19460977828675,11.0390910840529
"BACH2",10.6903844138857,10.7467162357709,10.9511888101289,10.3658157474461,10.6799778248485,9.45103518024498
"RBM24",7.88880247875315,7.90794724598954,7.75301579166825,8.40025855214641,7.83080600963922,9.42696122700476
"CAP2",9.24841415404988,9.03734952939111,9.23612014068533,9.41881093624879,8.88341544025648,10.229812775578
"ZNF451",11.9397827844136,12.0841571585872,12.0599879161256,11.8724106422333,11.9531471354279,11.708856820695
"BAG2",6.94431161196086,7.3613989484648,7.66296644002311,7.59627790978649,7.36980368498061,8.38031209582063
"RAB23",8.86201692588972,8.90919490513826,8.95883351473242,9.25388019706793,9.01368218353162,9.6458322013505
"FHL5",4.99520527768772,4.84495094307666,4.33057497578978,5.53181738139766,4.95674843757777,5.571858798105
"GPR63",7.85282058766129,7.72015244174919,7.275578697877,8.05031828145981,7.87234646332605,7.51076291506911
"KHDRBS2",8.91503119280458,8.95507719042488,9.11140244211204,10.2102221699783,9.61149782838727,9.96103471092791
"FBXL4",9.85215172595079,10.033366180025,9.88427314208673,9.90486664303388,9.91268299913896,10.1430783246224
"CCNC",10.1263695520578,10.1908641833179,10.0841833047062,9.89261687367716,10.0327337604543,9.93253117166098
"PRDM13",7.16902082071916,7.00225076772355,7.0271704621372,8.10156120849626,6.9395354864449,6.08250174298976
"E2F3",8.07971114500789,7.87232222785439,8.28281454063482,8.21287549559311,7.66320747407373,8.1635382126702
"PTP4A1",11.5690361070627,11.5048640281982,11.9362250226178,11.2924708052453,11.3542780953709,11.3160148730197
"SIM1",4.80259831140558,4.95891832408665,5.49586482724437,4.77291247508709,4.74232802187034,4.76371589021208
"ASCC3",10.9902680913092,11.2037819210886,11.6898473131202,11.1861192295248,11.0649086473969,11.4938239528125
"BVES",6.82598312485697,7.03175530872374,7.86097764282631,7.64221678359325,6.9395354864449,8.40653823339341
"COL9A1",5.9903111609895,6.09988234759329,6.11933501176659,7.0338224137936,6.41888706613282,6.95509811538612
"MED23",10.7364472809938,10.7751944263285,10.7889088837762,10.6202905630195,10.6560767106761,10.7259441689613
"WASF1",10.1705775299617,10.3522309493034,10.0780297859441,10.1654103475523,10.2870439732506,10.4175980131398
"GPLD1",8.61729127726925,8.47734963347558,8.10942933195419,8.21984252896038,8.59547967626854,7.5867205581135
"ALDH5A1",10.2204966141617,10.198820820855,10.041811954874,10.0026446730943,10.2240669811155,9.97245518157756
"AIM1",5.91485715615986,5.75702651981449,4.86296472820736,4.77291247508709,5.03903521958369,4.58127373257168
"ACOT13",8.44754256766867,8.47997148520983,8.69452362345421,8.9204294067061,8.59547967626854,8.97951822356867
"SMAP1",11.1787947590125,11.1056494224341,10.9109144114291,11.0075979086371,11.0537522132428,11.2608581224091
"RPS12",11.5207689839327,11.420642416275,11.785442913579,12.1887888091917,11.9473316598801,12.1989094350148
"C6orf62",11.1362459456566,11.1337231362095,11.3855874290676,11.2019676601313,11.1900843969474,11.2102002689501
"B3GAT2",9.06717462180755,9.12356230056988,8.53076178760897,7.98082501356993,8.70628302304003,7.21903860434312
"GMNN",6.8354600493058,7.07485915820495,7.54530215955348,8.23825698874332,7.54363062364894,8.2674613148579
"EYA4",5.85484684019812,5.97458977678836,6.52664985962964,8.50460701438518,7.82376295836512,9.35357149092632
"SOBP",10.0788311108598,10.1740109423869,10.2189164299735,9.77191805559056,10.085558896615,8.82892667498782
"NR2E1",5.26254826080776,5.09718127405855,4.63910910251109,4.99090412180236,5.53476861827663,4.33057497578978
"SNX3",9.72819232885388,9.73043389350642,9.71215558183172,10.298059073404,10.0213214810982,10.8817135695421
"HBS1L",11.1962709250626,11.2978852235226,10.9765452736251,11.0799003123155,11.061942025238,10.9697959559733
"TRIM38",4.33057497578978,4.33057497578978,4.33057497578978,4.55239249687834,4.33057497578978,4.58127373257168
"PEX7",6.97022010436025,7.09591621670021,6.97381680886921,6.88646604084261,6.91945913830706,6.68213699712675
"ZBTB24",8.76906808702757,8.82107407206567,8.56997514870699,8.68628738323734,8.79310287251499,8.46758899351877
"FIG4",10.494919729304,10.4414409004902,10.0556570742511,10.0783932993358,10.206036586893,9.87377534546999
"PERP",6.39147731265288,6.15796744435664,5.19204933581343,6.25557621208894,5.53476861827663,5.75680447202851
"KIAA1244",11.416809947523,11.4209824889884,9.14478880607621,9.61144220905437,10.1173500007096,7.73155801716285
"SLC16A10",7.24819384114694,7.47734248484103,6.82449048673678,6.72119283924033,7.36492552916603,6.05371984338478
"HECA",10.5384402431678,10.4869850603854,10.4239683408578,9.99052549228581,10.435418963668,9.562230484275
"GPR126",5.85484684019812,5.77685464919912,5.66493901424027,6.62299697790865,6.31676160488645,6.58046374046774
"PHACTR2",7.63674370940126,7.76408449124898,7.67618662531909,8.85499638697564,7.495483467887,9.9334304915642
"EPM2A",9.0356151437135,9.04797201801259,8.83567220572049,8.33122543394606,8.72331940145372,7.8930562109277
"SLC39A7",10.5335122788441,10.3508034650548,10.2155569661065,10.9191032054282,10.7077663760904,11.6608129239145
"PHF1",9.06912428892789,8.83136423138502,8.63528097193548,8.88735807625832,9.23288378058202,8.462599597548
"CUTA",9.95580017467358,9.57888389500345,9.89691440146145,10.1551931402121,10.1244785213911,9.99761020480449
"PACRG",8.09131659757039,8.06683790162421,8.08989141677383,8.37761526210994,7.73264244605026,9.763800180464
"QKI",12.8170867020985,12.8754378196211,13.302804446161,13.5434334345407,12.9951677826463,14.1583629730469
"C6orf118",7.61536167932807,7.23497821999131,7.54530215955348,9.05856710290398,7.48206152541301,10.3198999799134
"PDE10A",11.0025463982436,10.9971606551082,10.9109144114291,10.5871475236576,10.8491332673675,9.22276719298563
"MDFI",6.71709701753066,6.56643692587744,7.30158068721242,8.50270687142641,7.74015144791177,8.65632613171377
"TFEB",5.14109345202186,4.90491546544878,4.86296472820736,5.35063533644267,5.14598214718274,5.50195500208462
"SMOC2",5.22411723473243,5.43072800972915,5.93909051704448,6.95075475096743,5.59610890044655,8.31810444853817
"CCND3",8.04431735647471,7.95788010161699,7.86097764282631,7.8337930208669,8.23220997116397,7.78879360873929
"BYSL",8.144261606223,8.11496949348091,8.47925120479722,8.3588189005965,8.18915665934638,8.44246649152755
"FAM120B",10.6667892914662,10.7445439441126,10.6364905522819,10.8327615019008,10.9872858989921,10.6092664209323
"TBP",8.55178237037359,8.41019435047483,8.28281454063482,8.58222159038262,8.68904210188699,8.49227875959925
"GUCA1B",5.6525384434395,5.71625300812078,5.41912560421338,5.92458453824114,5.94799804642505,5.84730736939238
"GLTSCR1L",9.89121043431502,10.1707783455002,10.0841833047062,9.6959879642631,9.98025875890391,9.40896142996739
"PPP2R5D",10.5847750401543,10.4856849819329,10.340073237276,10.6897979254189,10.8764080452456,10.4699710584402
"MRPL2",7.29632919015158,7.06064047442664,7.16642702427941,7.3792398886982,7.26885316310694,7.70630283433365
"PTK7",9.5274464300432,9.17291465097359,9.75753524751874,10.8236843559332,10.085558896615,11.2888757344783
"SRF",8.77863825715064,8.71834747351839,8.80614555166744,9.11925104321865,8.79489427307196,9.28331553722213
"CUL9",9.68311280066463,9.46071639215507,9.34063782382317,9.61670986771753,9.72843026031086,9.87096151658063
"DNPH1",6.44325127059483,6.41364234346673,6.84855731667408,7.27033258636037,6.53165229568474,7.4201057192974
"DUSP22",9.08076712991475,8.93040618926337,9.00372920050377,9.31566998225036,9.111740507355,9.05425959877665
"EXOC2",10.839861001068,10.8970590734154,10.83997452014,10.8578036417759,10.9552679804827,10.6875579685784
"COX7A2",11.0491614945477,10.9976167484326,10.6874912859027,10.8080441750476,10.978266412372,10.3585724360769
"TMEM30A",11.6897375688003,11.7108071474934,11.3198537605614,11.4820354384587,11.6173303958247,11.7135743665305
"GMDS",7.49159265832426,7.80249233411158,7.10845497857026,7.10196809322995,7.27407779684721,7.76861647121532
"SENP6",11.9595975418297,12.0867314918253,11.9981307089811,11.9021767419522,12.0038781255078,12.0192033114025
"IMPG1",4.7165496130104,5.00838899562681,5.07933519419276,4.64396487703681,5.03903521958369,4.76371589021208
"VEGFA",7.64203905041473,7.00225076772355,7.84354444978498,7.86978114618273,8.28170706968008,7.85532673182994
"PRPF4B",10.9012626090605,10.9866305063776,10.8609087418174,11.198460803908,11.0763470224526,11.4843467924578
"TTK",7.29632919015158,7.09591621670021,8.06508672927444,8.66945861021299,7.32023968222131,9.17790397013994
"SLC29A1",7.75378797125387,7.41780607457735,7.44043827095953,6.95645192050632,7.18803634019307,6.82548453408029
"BTN2A1",9.84648449310148,9.77050183368071,9.34063782382317,9.53559825351926,9.92007665769168,9.38811093310737
"LAMA4",10.0759283377074,10.0280164943544,10.6923324611736,10.0630443628544,10.1065906945882,10.3219614370928
"FAM46A",8.84617881199788,8.90140345591132,8.45278483601261,10.0559544465079,8.40432898138186,11.0436777755923
"CLIC5",5.97189916146181,6.09988234759329,6.73671357377245,5.28112095084593,5.69081184736494,4.58127373257168
"FBRSL1",7.73905881029305,7.63746793871332,8.11909890918212,7.63174729750591,7.99014941412436,7.12586780654062
"ENPP5",6.96163830026338,7.45059282337976,6.61470214021762,5.74594758405598,6.40903241569879,6.08250174298976
"PRSS16",5.04742567774093,5.34383018699978,4.86296472820736,4.82464481268825,4.86095996838829,4.58127373257168
"TBX18",4.33057497578978,4.33057497578978,4.33057497578978,5.02596345433389,4.74232802187034,5.50195500208462
"ERBB2IP",11.8072520195603,11.8614769055419,12.0543589258487,12.04064325341,11.7710067466024,12.2824221291254
"PCDHB2",9.96628926087552,10.052813581658,9.17741812874257,10.0377484625036,10.0752947440586,9.96719543567987
"HARS2",9.57072102596532,9.4204325526146,9.44000120426333,9.65561515631697,9.75071975144658,9.67624187336612
"NUDT12",9.36563856073283,9.52544929829956,9.40304613797014,9.54943796923908,9.38200148678353,9.77086213405071
"CEP72",7.037008143838,6.90972567126368,7.35217632584177,7.40827444694496,7.27407779684721,6.96235222053922
"MAN2A1",10.5086166589289,10.5733611746417,10.5687781168347,10.575027087379,10.0942989518825,10.9221307736802
"SEMA5A",11.8703011079341,11.9242346148418,11.0694007621148,10.8248221281531,10.9143222930755,10.6563138626664
"C7",4.60390596466056,4.69525161239808,4.33057497578978,5.15028716110163,4.74232802187034,5.61588662529712
"PAPD7",9.72942462735665,9.61858849058096,9.64212327599654,9.65732013554174,9.71621127462791,9.47718330387215
"GHR",6.78739762772996,6.75796460995273,6.83657729618024,6.85621029266722,6.36884173554423,7.27208363450596
"HMGCS1",13.8540832809102,13.9871782048052,13.2940740218658,13.5370270365369,13.9849252844912,12.7959803419297
"DAP",7.73905881029305,7.58935303296618,8.49415830819509,8.86389480727961,8.06955135614592,9.6237112353592
"NME5",8.01616840558309,8.25340717882698,7.76542522490381,8.80812242009165,7.97435931340285,9.69333496477008
"BRD8",10.4021846180585,10.4353928914273,10.5233134304809,10.8853296106765,10.7668062362836,11.0214428637237
"KIF20A",7.16159439458307,7.08191392230372,8.11909890918212,9.51787488938437,7.9060596315197,10.2602326111446
"NNT",11.4194832720476,11.4000899307957,11.1336884598169,11.3620404353771,11.520978789603,11.0899699352966
"MRPS30",10.7407293707283,10.8783583611493,11.0755895252823,10.6049185439289,10.6707570032801,10.6955293760054
"HSPA9",12.0854064548934,12.104836012929,11.8138542522922,12.1490725284286,12.0997404476915,12.154881954681
"MRPS27",10.0396384670385,9.92624755274738,10.0405466893855,10.3056863708002,10.0906636991121,10.6464781622081
"PFDN1",10.0485501710926,10.0702682352697,9.97714759865462,10.0139977659134,10.0372734958946,9.99761020480449
"HBEGF",8.95986735118201,8.87578558812551,8.47173911795696,8.01866490352035,8.52809748622889,7.33429105777317
"LOX",5.74711795931809,5.77685464919912,6.6427968877454,7.00119606273514,6.29531752794964,7.8047312544377
"CDH9",8.78102087150105,8.99954062113869,6.49593802186075,7.16202190379093,7.75134088524586,5.25394328805817
"APBB3",9.44431660735632,9.11853268139743,8.95883351473242,9.17152231771162,9.56507999829949,8.29862231342831
"TMCO6",6.8354600493058,6.88558122958182,6.87220484073834,7.22427350818905,7.23172182181531,7.26046915862092
"SPARC",11.6193989467009,11.6586991028076,12.5384972705303,13.6344815441518,12.3881666350044,14.7982382151448
"IK",10.7042331082768,10.7884348267543,10.2088144647543,11.1273938970243,11.1000402110119,11.3440057159397
"HMGCR",13.6223031742819,13.7416870216835,12.8085919087684,13.2531495456009,13.774086086262,12.125290256128
"COL4A3BP",10.0465745477104,10.1037087495629,10.1133600160693,9.6826556530261,9.88608296249252,9.53166599692624
"FAF2",10.7352214880547,10.6868844637449,10.4024631958566,10.5786289592146,10.3935496049905,10.5477728470799
"PCDHB3",8.55457246948722,8.83136423138502,8.20783497667597,8.29651739935661,8.46642378882248,8.29019094304986
"PCDHB5",9.07883318781852,9.19219126220688,9.76980633583299,9.97420644888953,9.68085611141078,9.94239296562815
"PCDHB6",7.36233757036877,7.48263188491263,7.31865018274309,6.86231554612004,7.05418286515398,6.83346059421358
"PCDHB7",7.53216479117351,7.71120019734812,7.49384682798959,7.17178260254888,7.14293189495132,6.84927332268354
"PDE8B",7.43152415055498,7.15054908264214,7.62254778683394,6.8252651653982,6.72402496561255,7.47619854413473
"CLK4",10.2301022826137,10.2464279764599,10.1572148965913,9.76560942160818,10.1589076909101,9.97070406444695
"PCDHB15",8.20957127094734,8.21294986883551,8.92627676657856,8.23596810912026,8.90347488624985,7.68490726420632
"ITK",4.87482195210638,4.33057497578978,5.78285907365734,4.95373220111794,4.74232802187034,4.68467332000649
"RNF130",11.8159740826984,11.8122901776778,11.6267671302166,11.9178991559074,12.2718364437817,11.413629096774
"THG1L",8.13681717974602,7.94270187356128,7.8318023376384,8.40025855214641,8.21353349631336,8.55220489792328
"ARSB",9.88679977908324,9.986329066015,9.45338070182393,9.96391242968979,9.71621127462791,10.2630965458149
"CLINT1",10.2939434180065,10.3436447699637,10.2498996460247,10.3527271082407,10.3246653014569,10.6210334379604
"THBS4",7.62609313702697,7.30861351157057,7.57388309620775,7.7811964148368,7.83080600963922,7.78478107247728
"CNOT6",10.2889388642738,10.3783876723938,10.7398709249775,10.553224877285,10.3066041781109,10.5559693975063
"TTC1",9.73679637096289,9.78326120433854,9.32200083226283,9.8559727326731,9.85298609289245,9.92531634193534
"MSH3",9.44881355421259,9.54306513798097,9.71374442056726,9.67762406140306,9.73589846212503,9.85491188569592
"RASGRF2",8.28554313971869,8.47997148520983,7.94507471577092,8.15102796989229,8.92489467730096,7.95854550798468
"GABRG2",7.46787238298213,7.24752405153874,6.91830170473145,6.85621029266722,8.59135974874333,5.25394328805817
"CCNG1",10.9023551592276,10.924663243607,11.3229784842274,11.4168867411513,10.9762981689578,11.752043859355
"POLR3G",6.29551855050175,6.54567163620786,6.38235023120535,6.22622682849031,6.19402372481779,6.06819675099262
"DROSHA",10.3709514562145,10.4653824361859,10.7707144713428,10.1449030121918,10.3988502397898,10.0458091487397
"CDH6",9.3400423881218,9.16967663067136,10.0730879900817,9.27625363774384,9.70958865295953,10.0265539602203
"LMNB1",10.3574697415475,10.3457961125141,10.6213396739918,11.1338342653574,10.636766170624,10.7587773574532
"ARRDC3",11.0481747073369,11.2108795992667,11.2786041259664,11.7731626941176,11.8485819483715,10.999718468821
"GOLPH3",10.3063793357407,10.3500891926665,10.0939746287104,10.4360020544314,10.4508117863569,10.3335876862651
"SUB1",11.9064133881803,11.9749107032656,11.7050958140765,11.6627666645974,11.7370039182103,11.7051769228111
"NPR3",5.22411723473243,5.05426032044833,4.94418431550225,5.3049269085433,5.34903754503733,5.8297852851543
"FAM172A",10.475229130211,10.5430583495564,10.3866191676715,10.4084372932764,10.4093934136579,10.1523765943166
"SLC27A6",5.49214979402744,5.28072429172865,5.56693702969189,5.60255728389094,5.07654591073903,5.84730736939238
"TARS",11.5510375859343,11.5192293541833,11.333862019862,11.3848470546021,11.3457658731665,11.1418401577207
"IRX4",6.71709701753066,6.24026434647469,6.33042650449943,6.18598823092721,7.19357270284301,5.25394328805817
"LNPEP",10.4342672941227,10.5647680001059,10.5888220440202,10.4488515043978,10.4822232639347,10.6698642277291
"PDE4D",12.5615740734199,12.5811005236766,12.4654444194936,11.6572422752204,12.0765950810982,10.2977257544867
"RAD1",9.98291464772419,9.89328060019694,9.69295160660536,9.88026210662749,9.8199899344078,9.74137746378507
"BRIX1",9.01755385566988,8.98302751354357,8.82687773711074,9.06114736821261,8.79668344287188,8.96901851449384
"PRLR",8.87990647035073,9.00681935856758,8.53076178760897,8.23367555975418,7.6231073976722,8.80943375659142
"SLC12A7",5.3344412562722,5.43072800972915,6.43225541936395,7.19110043870618,6.36884173554423,7.85532673182994
"RAD50",10.173296034649,10.340052051161,9.7804584912872,9.02855655245795,9.59721633000756,10.0078921339111
"ST8SIA4",11.1199022004566,11.1399341378362,11.0085972834862,10.5650753033862,11.0996786324433,9.4485199458496
"GNPDA1",8.94931819555722,8.66869125972853,8.92627676657856,8.68125943046127,8.89180758578744,8.93345524101333
"PCDH12",4.33057497578978,4.33057497578978,4.63910910251109,4.71402308857299,4.56883750728876,4.58127373257168
"SKP1",11.7780892320341,11.883359186144,11.5995399076022,11.8595161630162,11.8750198657727,12.0274361506328
"NUP155",10.675762632035,10.8202402992577,10.9558933546365,10.9244201895436,10.7699911783912,11.0087034680703
"PPP2CA",12.0863680440373,12.087374357991,11.8916750558511,11.9148751952695,11.9928226418018,11.6234214281598
"FGF1",8.67482244167284,8.59808537311085,9.05732098349954,8.66267147664337,7.88930295088665,9.36562143148929
"NR3C1",8.67482244167284,8.80862781770716,9.09441420071506,9.21965421899244,8.5579673737721,10.1889813788266
"C5orf15",9.77906250229881,9.84643027380158,9.64878340230814,10.0219582210541,9.64956312233559,10.5996699178262
"PPWD1",9.3735449486433,9.45141710591192,9.40304613797014,9.47404040595738,9.47421614400509,9.65349499773249
"LIFR",12.2017841599453,12.3420288960035,12.0923930249427,12.8869075419778,12.4183432367853,13.2909635949395
"TRIM23",10.4999811140625,10.5849420428693,10.3796322863868,10.1684016808963,10.3721500508315,10.0383051083289
"TRAPPC13",9.5775806536473,9.69710813245887,9.55439251177159,9.62195833762687,9.58071936662626,9.52809723046795
"SEC24A",10.1207470138208,10.2348662207751,10.2177974781622,9.84404707657077,9.94283957753936,9.80664401815498
"TXNDC15",10.2964391964619,10.3371714173081,10.0631532878899,10.3405797251361,10.4111431393935,10.486606102443
"TTC33",9.75385186122933,9.78431940367108,9.55084080548476,9.6959879642631,9.74795234583184,9.52690567425302
"RARS",10.9633010217503,11.067491939201,11.062562313158,10.9998956751913,10.9314906095389,11.1167319356853
"WWC1",9.80266944667197,9.6090631337287,10.0481216787662,11.1902448312224,9.86154518990991,12.4191427014342
"H2AFY",11.7565034093303,11.7757969904753,12.0515361728332,12.1343130767505,11.9142011705212,12.204878096105
"TCERG1",11.0412482298949,11.0774499941528,11.0278751401923,11.0232105072856,11.0876954060113,10.9587994206084
"DPYSL3",15.2253293006917,15.2063778191719,14.8396275458955,15.0350128100475,15.3640587543483,14.1676561914935
"SMAD5",10.5772692411293,10.5776386372268,10.8165165119664,11.1665094337525,10.7011076524912,11.5329024924749
"CSNK1A1",11.6502901334306,11.6289810703755,11.537229248709,11.8237348462558,11.7664583370139,11.693815327454
"HMGXB3",10.2559789024027,10.1096296439533,10.2673099442429,10.3849714901581,10.3970855255106,10.5882975486228
"ERGIC1",11.1505687893184,11.1056494224341,10.9403775942731,11.1502643683429,11.1140715419088,11.3412986875809
"PDGFRB",8.09131659757039,7.95031121423043,8.85598573220306,8.78800125772473,8.30708618189687,9.93522744989173
"ATP6V0E1",8.57944213207293,8.58840324786156,9.03459711917213,9.24142495796807,8.64401772608186,9.80369589255263
"BNIP1",8.17728956042556,8.03143602779667,7.80802279742507,8.0581230460648,7.87915334433172,8.06801793626152
"STC2",5.18373077138573,5.28072429172865,4.86296472820736,6.78071837564872,6.03126530424217,7.45605930274817
"CPEB4",11.748932142621,11.8277617968298,11.5123527516425,11.2745412053697,11.5778980544316,11.0453420539415
"HRH2",5.57553933579376,5.51016048524524,4.63910910251109,5.15028716110163,5.32290848716218,4.88837907797739
"DBN1",11.6457310325488,11.2300259689368,11.648932069579,12.1338541828168,12.225198411768,11.5444225631929
"ZNF346",9.82128048880316,9.88738381852671,9.44383661707985,9.59552268258249,9.71526704719357,9.42440355969753
"UNC5A",6.96163830026338,6.79318972059234,6.52664985962964,7.52632687188067,7.70220203043486,6.67320839276355
"EHHADH",7.76352308206893,7.83988823707131,7.31865018274309,7.3750425574174,7.72887297181842,7.06007821984279
"CNTN3",9.37826802850178,9.56046816821055,9.02694202014253,10.0822051355308,8.78230730861149,11.2370264239176
"SMC4",8.77863825715064,9.02485666225303,9.88568321377485,10.2553721359973,9.15837232796426,10.7908797248187
"ACTR8",10.5524280579575,10.5897905133418,10.4977292074615,10.3600713770519,10.4279485933253,10.3116245535263
"TBCCD1",7.90645762791727,7.93888189586916,8.00373387735555,8.54209052079175,8.34433044553688,8.75951209785585
"TIMMDC1",9.60335337893976,9.53805398332217,9.81343315344366,9.83202192181405,9.64361926731117,10.2128782715135
"CRBN",10.4091198191691,10.4447899776495,10.2866484946307,10.3865135631968,10.4491095639834,10.3046918998934
"KNG1",5.49214979402744,5.85279833732561,5.07933519419276,5.20526093226038,5.14598214718274,4.94087121374919
"BCL6",7.65780710654654,7.50878465907413,8.15243586610618,8.17274100746512,8.19188581979882,8.0313273339539
"HGD",5.3344412562722,5.37374005388151,5.13786241172375,5.17826991240815,4.95674843757777,5.3153992589889
"ARL6",8.99926288615758,9.01225433978407,8.59092090787808,8.61071852248022,8.56848622357422,8.97951822356867
"NPHP3",8.54898683365936,8.65484519824644,8.84150542723184,9.37595295084046,8.51727709289929,10.0532743314806
"AMOTL2",10.5655919848228,10.4095734638575,10.5350392772262,10.833138479425,10.921705179457,11.279361179592
"NIT2",8.90414662451716,8.86380619020224,8.66520786575491,8.46416537967084,8.45285559553509,8.73077909581354
"FAM162A",8.50926617579326,8.3455016641455,8.02961915669745,8.33977251533237,8.03649629061221,8.54985531764925
"OGG1",9.31069212483879,9.46732217193212,9.30522964299305,9.458475470235,9.60028859101088,9.27055355955797
"KPNA1",11.4213897609096,11.4796201438202,11.577033037304,11.275373649318,11.3347472575875,11.1246253052279
"PCCB",9.847619723744,9.9137314103387,9.88568321377485,10.0688193809001,9.69529399454911,10.4786205862733
"UBE3A",11.6693467329535,11.6912046082506,11.7873293742063,11.6580935594946,11.7076474990954,11.5173978790881
"ARMC8",10.8128071951589,10.8803383139859,10.5801415015028,10.6004962756753,10.6838427085039,10.493938306119
"CEP70",9.61406862449296,9.71497772932437,9.58943614005612,9.51881315429797,9.59824114510191,9.43587746229835
"RBP1",6.14437114006863,5.85279833732561,6.23887088147353,5.53181738139766,6.05777184720114,5.7938961322474
"SLC25A36",11.2877344500221,11.3144542442381,11.0047106005344,10.8425310373594,11.0752440386935,10.8919245414025
"GRK7",4.7165496130104,4.69525161239808,5.07933519419276,4.55239249687834,4.33057497578978,4.76371589021208
"RNF7",9.73065587299107,9.68355899210578,9.55970370689966,9.68098040722293,9.80586759890534,9.61139836671625
"TFDP2",9.73065587299107,9.90012982702526,10.387614535839,10.6822847535937,9.99121969940109,10.8007669286718
"XRN1",10.8534824337285,10.9644037569438,10.8623413428932,10.6406785802228,10.6332726409736,11.0336515775997
"KAT2B",9.48720995597645,9.62332765753382,10.5151393229728,10.3111098448191,9.70007465370609,10.7113412226576
"BCHE",8.70274593815867,8.65484519824644,9.14714416613549,9.3015604644663,8.82325703842479,9.94417879285804
"SERPINI2",6.62092605244302,6.48132831963925,6.74960856768488,7.40827444694496,6.3482640446452,8.9244252661372
"PDCD10",9.10377391234151,9.29234370481802,9.33445225746564,9.15833024963086,9.11030355867738,9.48579491314048
"WNT5A",8.1845265564615,8.32813337198237,8.37435639784723,9.93469184473851,8.78230730861149,10.9732972148462
"PFKFB4",9.39855757657233,9.28488224734925,9.17048814048953,8.93175644394935,9.30372735856032,8.22973752692289
"COL7A1",7.80652274855105,7.00968649119216,7.81996234402189,7.67995506057944,8.3710399804161,6.91823902392529
"FGF12",10.3606532679078,10.3515173838171,9.89551527948061,9.70673036819782,10.1152045533836,8.31810444853817
"PRKAR2A",11.447819373862,11.4409061901866,10.9356220861138,11.029145331187,11.2489842847119,10.7321575953559
"HES1",7.15412798548242,7.15722908848611,7.90644722971276,9.21386992637532,7.77711121507535,9.92260144346002
"USP4",9.83508273557735,9.89719842839801,9.7073785276798,9.60173452832672,9.92171455537464,9.76985539973502
"ACAP2",10.6706418471693,10.7182179973713,10.7162975461353,10.6119660887946,10.3888215168985,10.8648471923354
"ECT2",8.51500835691647,8.45086393308574,9.0846158100354,9.72310233854516,8.63002956351772,10.1531487501173
"GNAI2",10.814549278154,10.6303573912122,11.1121746542382,11.3407244348636,11.0611994153791,11.2676464033651
"TFG",10.4985368158402,10.4966984693279,10.2834433602953,10.6290015671067,10.5547206055832,11.0770107361081
"USP9Y",11.9799201915533,12.0590321964218,11.8056873013378,11.6718569817215,11.8976581652979,11.4580370116748
"HYAL1",5.97189916146181,5.75702651981449,6.20029399103025,5.3049269085433,5.59610890044655,5.11466593771837
"TUSC2",9.1851181449304,8.99954062113869,8.6684948890638,9.05079842218446,9.1680726110435,8.96197587533801
"NPRL2",9.0554208037981,8.77062879715972,8.82393424673125,8.84903335193215,9.12460887615627,8.66936680738772
"RPL24",11.9234636391284,11.9237547520357,12.0930032552736,12.4465091141903,12.2250326676945,12.4711411544341
"CYB561D2",6.96163830026338,6.93345017433381,6.94077887024594,7.23825186811295,7.18247781860919,7.20697117667511
"C3orf14",9.81084136478538,9.96315684248687,9.45338070182393,9.34876809068336,9.59413750369727,8.61872090139936
"FXR1",11.1574484717145,11.2045722788291,11.2339284070849,11.336210433711,11.3657506369737,11.6775426431782
"CBLB",10.7649575273799,11.0265107674153,11.1235691364234,11.0215576022646,10.4564713932035,10.9539342585903
"BBX",9.64965531825665,9.75978204708712,10.5705321681793,10.9137665490488,10.4811131277206,11.4483209968435
"IFT57",9.89231099251154,9.80114576961206,9.70258558471715,10.3936881800583,9.6584331827196,11.2708507890418
"GNB4",10.7364472809938,10.5140194205758,10.1490196943792,10.3084006576267,9.99822226229933,10.6393326515694
"IQCG",9.13202452871453,9.15991862707476,9.06979195486079,10.213701333527,9.24209623480643,11.0386733879691
"GBE1",7.88880247875315,7.9350516390946,8.22135559310035,7.69678163213062,7.89602933192828,7.6366663069708
"UMPS",9.3400423881218,9.31009499655126,9.44957065374681,9.491352236199,9.54608585648881,9.31818317314135
"NCBP2",10.7828652422705,10.7936971404719,10.6671429592272,10.9534917273426,10.8478420195942,11.0871450423701
"SNX4",11.0030557331593,11.0670574169148,10.6514839216213,10.7984235712785,10.8969471621695,10.7029298150368
"C3orf52",5.04742567774093,5.34383018699978,5.29031095099465,6.23608662521658,5.42310223496893,7.53013951862878
"FRMD4B",9.94523420536341,10.1504087354228,10.1431373271051,9.76402793866403,9.80941117709474,9.00200798154687
"SLC41A3",10.1903952149991,10.0545685875313,9.75136029724379,9.95908328095028,10.092845950534,9.92531634193534
"PLXNA1",11.5666262696276,11.1432357692626,11.5501752332117,11.5706027232003,11.8392996379578,11.5890339501721
"ATP6V1A",13.1453029864012,13.1311518359802,12.7205070663661,12.5656189151569,12.9595486805154,11.8785574555998
"ABTB1",6.28119912210877,5.99099191043792,6.18054720532947,6.366589959339,6.07080875752555,6.45980961472376
"PODXL2",11.9648358327474,11.6135917756158,11.5848636784641,11.4423123210082,12.015424667516,10.106868864268
"CSPG5",10.4912935477619,10.2790669421961,10.6572728397726,9.88172111709347,10.4993219859658,9.17638417640136
"KLHL18",10.3203449268557,10.3486595856082,10.1997751347729,10.0113344825572,10.3787225604003,9.65894358079627
"SCAP",10.3669993132276,10.1561412944237,10.456585318028,10.4320252324894,10.5641871916862,10.4066322473138
"EFCC1",8.29225369556463,8.12171482632251,8.09480102749024,9.75688970990883,8.57267226240335,9.81740250894982
"KIAA1257",7.19833542104688,7.07485915820495,7.57388309620775,7.89909052633311,7.06635083100479,8.72870457518211
"NEK11",8.91719825247068,8.97562705037016,7.97203780474367,9.68349254613721,8.86988525723704,11.2183375120947
"MRPL3",10.3406399355401,10.3628922749971,10.352361243419,10.3315349942138,10.2326685210774,10.3491695851574
"PLSCR4",6.00844026539826,5.83429039028268,6.23887088147353,6.78717281962596,5.88899535302041,8.12925164032365
"HEMK1",9.06130971675503,8.89944897762756,8.90971770521768,8.9992527888271,8.98573670842184,9.08537126519685
"CISH",5.49214979402744,5.31286008562374,5.56693702969189,5.94973919615279,5.65395698090973,6.3267847648848
"MAPKAPK3",8.3512734418971,8.34837600371051,8.63191691685501,8.95275708677088,8.52161505215278,9.22129406403555
"ACVR2B",12.253638860525,12.3520501000324,12.3568316308428,12.2000844770521,12.4970482897998,11.1246253052279
"WDR48",11.0575220411446,11.1673546860552,11.0060073255216,11.1344461367178,11.281227770431,11.0585876007473
"COMMD2",10.497091069705,10.492173685598,10.2389104811917,10.5071892041867,10.4053024450839,10.6249345384715
"GORASP1",9.5775806536473,9.2878714723138,9.0447409562731,9.64448334234428,9.56926712464467,9.90161558123553
"PEX5L",9.23805622122911,9.34208129630874,7.48634011036382,6.26520864888704,7.89602933192828,5.15195654074678
"RRP9",7.73411488001588,7.37856072812948,7.92313041789343,7.80619067008445,7.8131324498524,7.8514981122475
"ABCC5",11.194488210858,11.0748588611177,11.0144077415203,10.7995814377023,11.4049082592534,10.356562694559
"ABHD14B",6.02629639048941,6.08491777140764,6.27629400697231,6.32150807584472,6.2287072513673,7.24286392443478
"EIF1B",8.87990647035073,8.81486442039938,9.24713960886293,8.80504513775182,9.05610165013017,8.60294536986959
"ABHD14A-ACY1",4.99520527768772,4.84495094307666,5.41912560421338,4.77291247508709,5.20943279770974,5.07532107295397
"ARHGEF26",7.86190181053377,7.92736006298722,8.69129571949293,9.06629405646042,8.37344359628965,9.90620378704687
"KLHL24",11.5748718639061,11.5648756994238,11.3940308409615,12.085788689596,12.349916048581,11.4791230841329
"PLCH1",9.93138163315227,9.87948372819375,10.2951608521593,10.7051198369374,10.2813151476791,10.2780395835283
"VIPR1",5.46268370782665,5.05426032044833,4.63910910251109,4.91404266993799,4.95674843757777,5.07532107295397
"DNAH1",9.90436199482836,9.78326120433854,9.68325278521114,8.30308959658247,8.28936818020746,8.33459491819434
"SSR3",11.1399558001507,11.2163759715742,11.3281713624552,11.343373146228,10.9829792674348,11.9851437859492
"ZBTB47",8.90195978674521,8.73159729162285,8.60128022869596,8.98301364370541,8.88845660449804,9.09022271051951
"TNNC1",4.99520527768772,4.90491546544878,4.7660846074949,4.95373220111794,4.74232802187034,5.69868419475818
"NKTR",11.9611710272462,11.9910330426321,12.038923345826,11.627778329908,11.5198982526769,12.0495780642716
"CLCN2",7.49159265832426,7.31457793993222,7.14737131843771,7.570908304134,7.5175727858162,6.97674618414927
"FOXP1",9.65355568162809,9.77902061997709,9.23390608819336,9.44669038268896,9.46862250725874,9.42951436027299
"EIF4G1",11.9036883704893,11.6897941812314,11.7993446554096,11.8193656114866,11.9221976180762,11.9870933041904
"SPCS1",8.82324580138695,8.73817664251288,8.79115153842337,9.2391487450897,9.02897599550607,9.58301694531273
"NEK4",10.3510815261895,10.2730502515161,10.2993982605041,10.5133187666774,10.437709775329,10.6928771325101
"SLC4A3",9.792094146838,9.36632031032236,9.47415769676147,9.48464455933597,9.97395774099833,8.07786280762824
"INO80D",10.7881944854756,10.9564489236947,11.2059921007353,10.4160073601452,10.5735920435984,10.1438554748971
"EEF1B2",11.3410807738313,11.294919591541,11.4744488805759,11.4241612913886,11.3693546703716,11.3717953932327
"ADAM23",10.5050247972938,10.656589069022,10.1699996901506,9.82975599295016,10.304095140301,9.1456463191189
"DGUOK",9.80149823810552,9.60427673538432,9.80003457926382,9.73283697648545,9.71998200957284,9.30850504803641
"MOB1A",9.80851125529239,9.90888842243682,10.100060609202,10.721095669738,9.85812764785629,11.3136000572773
"KANSL3",10.882561507707,10.811965497642,10.8053878429584,10.9847060836671,10.97983907563,10.9859185059829
"LMAN2L",8.82093224279276,8.91307485178166,9.05982384137926,9.22196144328496,8.93791920966523,10.052446773118
"RTKN",7.05321028673673,6.53516475243763,8.06508672927444,7.89618662345396,6.99805561656189,8.64096075609041
"TTL",11.4229131399243,11.3089523564226,11.2882285042615,11.1378067976629,11.2853669795058,10.8140080431077
"IL1A",4.7165496130104,4.77662214806139,5.2426758087291,4.99090412180236,4.56883750728876,6.03906618111504
"PIKFYVE",11.4664055301087,11.5293583581528,11.6833783564841,11.284498966699,11.266807322884,11.5170980741983
"KCNIP3",6.52916670743809,6.47028950760066,6.14008014374634,6.67999007974596,6.75482273122502,7.36167716427533
"FAHD2A",9.22762321706797,9.22531631626295,9.32408356162738,9.48464455933597,9.48533866915245,9.4535460299137
"NCL",11.7129606937257,11.7969128783423,11.2222609874376,12.0288447249002,12.1349240827442,12.5246150985197
"ACTR1B",9.9694211613608,9.6066719221677,10.0162932160196,9.96872545464042,10.0387835697671,9.81252223922528
"SLC35F5",10.4266930503723,10.5114664437716,10.5395239530953,10.3767191337096,10.2529751611937,10.6854247979535
"ZAP70",4.87482195210638,4.90491546544878,4.86296472820736,4.82464481268825,4.74232802187034,4.33057497578978
"ACTR3",12.0262551291454,12.0662244611494,12.1066656351309,11.9832109996206,11.9133785102819,11.9676979572904
"STEAP3",5.22411723473243,5.43072800972915,5.19204933581343,6.03376044615837,5.81067810207035,6.20421240927874
"EPB41L5",11.172469257787,11.1677600256281,11.2449531800352,10.808427667637,11.0518843894456,10.4575238972972
"TP53I3",7.43152415055498,7.53953995283721,8.91525861075377,8.567758033203,7.76979592090996,9.30989162665057
"DNAJC27",9.5624461256505,9.544315207708,9.27970077105899,8.81272602185428,8.9919939082137,8.53804933581426
"STAM2",10.5621394263526,10.6197296557882,10.6465034306168,10.404383616537,10.508068444118,10.3818147703982
"OTOF",5.49214979402744,5.37374005388151,5.49586482724437,4.77291247508709,5.11210946503177,4.88837907797739
"GPD2",8.98280663449547,8.9531943768507,8.13348157800378,8.72099855909407,8.46642378882248,10.0061835636639
"CENPA",5.85484684019812,5.7368316223205,6.74960856768488,7.10707332424053,6.00415649635366,7.71898670555813
"ACVR1",7.88435423161158,8.13844004306714,7.72150846225944,7.84287586624285,7.52631239207789,8.73491916930381
"TANC1",9.19942642477404,9.26681537460295,9.52029243842483,10.1086094707272,9.49747505963233,11.1952866429158
"SLC30A3",5.36825224778896,5.31286008562374,5.29031095099465,4.91404266993799,5.53476861827663,4.33057497578978
"MPV17",8.93869107491571,8.94374315041009,8.97218424115071,9.01664071899125,8.81445366466997,9.46229969400297
"GTF3C2",9.49737493088277,9.42993339533797,9.77742304381021,9.61670986771753,9.44830361650736,9.76177610705622
"EIF2B4",8.68503938204081,8.62437922204943,8.84731506814658,8.90470756782089,9.14018218792599,9.06415721364255
"NRBP1",10.5881738961273,10.4434512799779,10.3786313912769,10.588934512062,10.5678519254248,10.9052749518362
"ITGB6",6.16034128042322,6.02312871455732,5.98677983682015,5.3049269085433,5.20943279770974,5.73777627602365
"FNDC4",9.98291464772419,9.8342203869539,9.86438591208906,9.73767974656039,9.7405465105991,10.2187911192272
"ITGA4",7.30978258738388,7.55967679243628,7.11828713660677,6.34874784099573,6.79973756323268,6.49103195422233
"PSMD14",10.7443896417389,10.7773210753079,10.8694830820477,10.6730485172022,10.5834532973017,10.539529445408
"SNX17",9.86229692761985,9.79485888139665,10.0098423200902,10.5137891941482,10.2067084155301,10.9103067501496
"GPR75-ASB3",7.62609313702697,7.68856882561223,7.81996234402189,7.2748558624593,7.40348336308433,7.82049194481516
"PPM1G",10.9088931381249,10.8649221139832,10.6874912859027,11.2040093959939,11.1229947232466,11.1790806358109
"PDE1A",10.2830781804427,10.3557934898142,9.24274193888673,9.95700868307781,9.18591577809382,10.6843570283295
"REEP6",5.97189916146181,5.60690679268508,5.66493901424027,6.41867436581111,6.24005731496927,6.3267847648848
"PCSK4",6.111792441977,5.60690679268508,5.69565584988958,6.35770001541804,6.03126530424217,6.17818765351574
"GCG",4.80259831140558,4.69525161239808,4.63910910251109,5.35063533644267,4.86095996838829,4.88837907797739
"APC2",10.8568677864599,10.4238992029886,11.3067607267714,10.5938373437618,10.9023475791063,9.05094520312987
"IFIH1",5.22411723473243,5.17594971784969,5.75456202992873,5.02596345433389,5.34903754503733,4.83010453277739
"RPS15",10.2981006521231,9.97525287431333,10.8928030335625,11.1025923049439,10.8287696955216,10.9356545126334
"GCA",8.50350090748699,8.5339510607216,8.08002122851554,8.15588169151659,7.87575397768233,8.375008746827
"INO80B",7.64731463068176,7.32051701751159,7.62254778683394,7.77804094914846,8.0425635689601,7.89677467350811
"MOGS",9.01755385566988,8.73817664251288,9.03204994338449,9.28289842472785,9.30121138755134,9.7039160906257
"TTC31",7.62609313702697,7.66092470637922,7.91759106235902,7.98629262707594,8.02734668809823,8.18189881272664
"NDUFS7",7.67856140727407,7.27840315363716,7.75923408296481,7.72329501884015,7.90272405102928,7.01904347123356
"PCGF1",7.82057125999519,7.59910803920834,7.74677010774564,7.94195246237163,8.1559935466332,7.73987735564204
"GRB14",9.06522230888423,9.07072180600046,8.68481806014692,7.91639054272443,8.54737082130233,8.51655053485238
"CLIP4",9.87682617921952,9.93865595293784,9.76214915872482,9.22656482682833,9.56193164796194,9.48579491314048
"SPTBN1",14.5117886735004,14.4493441134905,14.4682458903101,14.232177259163,14.632928114887,14.0671617760608
"AUP1",10.0554436100382,9.72603473652242,9.86581556428188,10.1357620940305,10.1713514743265,10.2039632855893
"RTN4",13.9293625130167,14.0099052837432,13.9350964488445,13.5548480397224,14.0009377802624,12.5852147870332
"HTRA2",9.41703601751255,9.10672807900063,9.30522964299305,9.16913273682366,9.38319138174656,8.95667116829504
"LOXL3",7.39420983209523,7.29056586476305,8.20329953523338,8.21054558503974,7.62716898512575,8.87090252926426
"DOK1",6.40461685682177,6.02312871455732,6.98465473288329,6.95645192050632,6.67646014042819,7.2487570893267
"GALNT3",6.09517066737624,6.00716920758814,5.98677983682015,5.73093733123111,5.8583162996779,6.82548453408029
"POLE4",7.55483479848096,7.52424624116357,7.47120541838317,7.71010036661018,7.63121893218586,7.68490726420632
"TACR1",6.56432869610102,6.54567163620786,6.46448655819503,7.17663732237503,7.8166848029933,7.42529865342838
"CCDC88A",12.9824604987537,13.1587362267501,13.0904977905189,12.2824404027383,12.6883213498974,11.9738280246058
"ACADL",5.6525384434395,5.87100821421757,5.88936033417274,5.7607533951804,5.87375914045291,5.69868419475818
"EVA1A",4.33057497578978,4.90491546544878,4.63910910251109,4.64396487703681,5.03903521958369,5.11466593771837
"MRPL19",9.40628576070929,9.4326364498252,9.88849922558815,9.47307250964913,9.35071399112692,9.76985539973502
"LANCL1",10.8110630054927,10.9337484720717,11.1940955754139,11.0947535321268,10.9504635548327,11.1348225320011
"WDR75",10.2439609130473,10.2556110925471,10.5114914614142,10.0617578778728,10.1720396566514,10.0532743314806
"EFEMP1",5.87520277529963,6.11466471136286,6.00991838444328,9.46335760527424,7.078412375402,11.5581845844425
"FANCL",9.22587700764999,9.26226300594309,9.44766184351431,9.12912078902763,9.0973060322158,9.04262565015169
"FN1",9.24324450382496,9.21278697108768,10.2088144647543,11.4829966195321,11.3411850073707,12.696628879296
"STAT1",9.50026608267283,9.57154582837835,10.0111348106684,9.95146178070611,9.53113752748308,10.6918148679564
"GLS",11.6763886399491,11.6415839828641,11.2482442478073,10.7703522126124,11.0847753274194,10.6854247979535
"PAPOLG",10.0701051985798,10.1675384847414,10.1838186493639,10.0311902007688,10.1498532480454,9.79481515865549
"DNAH6",9.39545465336253,9.51655993350031,9.43036774814187,10.2682556624275,9.24733414421341,11.4803538948351
"PECR",8.65935939785746,8.75341226294318,8.920778243449,8.22677577399742,8.56007732317955,7.66755485403753
"UNC50",9.10377391234151,9.16317865192067,9.33238448296789,9.35087755159899,9.28474952460057,9.56919268141549
"IGFBP2",10.2152300608731,9.6479557234452,10.8730407345836,12.826001071157,10.5020609568093,13.8672213122159
"ELMOD3",9.01957190137446,8.91887520896275,9.23390608819336,9.0854318005214,9.38912615350872,9.10308048732536
"IGFBP5",8.32206775092487,8.13511063516641,9.14714416613549,11.0568456247481,9.49747505963233,12.0324792591726
"USP34",13.0230758815479,13.1219780231631,13.429121117886,12.9289527793999,12.9092711398512,12.9459445962786
"EFHD1",5.36825224778896,5.2124335202594,5.83737023149546,6.96212547747526,6.20569266903883,8.19099138957331
"CCT4",11.6480123840483,11.6091218749593,11.951447603287,11.8027177621321,11.6713692953267,11.8538419260903
"GGCX",9.29245680169012,9.44071530760352,9.40304613797014,10.1394254186698,9.53756295687157,10.861072172792
"EHBP1",11.2020495772715,11.3848297964564,11.4063585294228,10.8703472097278,11.0884245029402,10.5151134050654
"OTX1",5.26254826080776,5.51016048524524,5.33538540566403,5.39408088420441,5.67254547946021,5.28523604052962
"TXNDC9",9.44881355421259,9.53554185395783,9.50935410664662,9.45455781226793,9.46300706306253,9.65240280437155
"COQ10B",8.84390190897892,8.70497427220764,8.75760331881909,8.88006686252572,8.60980697731979,9.00372348353913
"SF3B1",13.432502075563,13.441411952202,13.5368776451581,13.5431454690958,13.4993820158293,13.5278255169388
"ST3GAL5",9.87348625070665,9.87750192144405,9.23612014068533,9.18813920699919,9.73589846212503,8.78768162709428
"CHST10",9.91847539843675,9.83830185280998,10.0252762479025,10.0979801877905,10.1795880622039,10.3410609089375
"PDCL3",8.09900146138285,8.25340717882698,8.37838149196812,8.16313148945336,8.06657780568588,8.24145119078836
"MOB4",10.2064094972629,10.3190358946643,9.96918927943252,9.85448741073413,10.0804359547512,9.43460708890297
"HSPE1",8.35448204461937,8.19707933462963,8.54156309644457,8.52159593582743,8.35653294098644,8.84433284264935
"KDM3A",10.0135797018582,10.0598208227392,10.9437648121505,10.4215335948893,10.3625362414973,10.7869057872569
"PLCD4",8.07192140142713,7.99145094190824,7.58795930644445,7.49965437493521,7.36492552916603,7.74401878388883
"CHMP3",9.61273356876648,9.61858849058096,9.36106655455054,9.63672601098936,9.4551084787387,9.62816268150748
"ZNF142",9.12828967253227,9.10163916561853,9.52934469316027,9.0073041157683,9.33972335243289,8.83086150229897
"SMYD1",4.33057497578978,4.95891832408665,4.63910910251109,4.33057497578978,4.33057497578978,4.33057497578978
"IL1R1",4.80259831140558,5.13762512309315,5.45827589049947,6.29367165290976,5.11210946503177,7.34530990145589
"SLC9A2",4.80259831140558,4.33057497578978,5.91449335713677,4.77291247508709,4.86095996838829,4.68467332000649
"FHL2",6.17610689899361,5.81547244195914,6.73671357377245,6.14439749474012,5.34903754503733,7.44076318907934
"MLPH",4.33057497578978,4.58878259651035,4.63910910251109,5.15028716110163,4.56883750728876,5.571858798105
"CNPPD1",8.77625168478885,8.5639081702684,8.65861115442126,9.19989204179019,9.32864817832914,9.18396714702353
"UXS1",9.82359006167544,9.78326120433854,9.83840667594376,9.67257483865142,9.84091732031935,9.67301422215777
"ABCB6",6.55271216369173,6.42517175702489,6.49593802186075,6.40154607385148,6.43837371911831,6.47030047129559
"STK16",8.66453227349511,8.61248716102288,8.60128022869596,8.77704892531192,8.86477842231069,8.98473947019248
"SLC5A7",6.36478816236259,6.59698438339265,6.21973164683618,4.77291247508709,6.30608491752984,4.33057497578978
"HDLBP",12.6056676217717,12.4958617287098,12.9050475558807,13.0102868195024,12.6601559439743,13.5460128953645
"PPP1R7",9.42922456296594,9.45141710591192,9.27324718940175,9.63326485677908,9.69337728113903,9.52212956884438
"PASK",9.02158711969971,8.72056428283615,8.82687773711074,9.27403187588498,9.33358099775476,9.02752811531534
"STK25",10.8957874100951,10.5511601323061,10.8906985493122,10.9614450863866,11.1501363299701,10.5641196264234
"TPO",5.93418371095413,5.6520241287847,5.56693702969189,5.61949520913034,5.7264309006772,4.88837907797739
"PROC",4.99520527768772,5.2124335202594,5.07933519419276,4.77291247508709,5.07654591073903,5.15195654074678
"ID2",10.9326153304539,10.8704112582827,11.2548039428732,11.4201522837246,11.1293854052934,11.2131645802822
"TAF1B",8.73506129772391,8.84767674792207,9.17511183834421,9.04819951091291,8.87497401227327,9.57034978351168
"HPCAL1",9.3351920364119,8.97191248858325,9.07722297487228,9.0854318005214,9.73868908981691,7.84380978523961
"ODC1",11.7117149019847,11.7085802917419,11.8733204972644,12.1735393977545,11.8086575867459,12.0932700015133
"BIRC6",13.3684295222431,13.4998826472336,13.5795225583801,13.2101197907692,13.3956261261681,12.986246573074
"NOL10",9.09039803745238,9.10503377358561,9.25152388519973,9.22426497528846,9.10742534906414,9.47471335786829
"PLEKHB2",11.9180726617936,11.7987458969362,11.6456081633955,11.5249001692373,11.5903046716995,11.2511563319278
"GORASP2",9.65744551559191,9.72493284573832,9.63207500609705,9.79533249137034,9.89944433996164,10.0746257813278
"STRN",10.0426151602225,10.078916949105,10.172312067265,10.0559544465079,9.85555916300393,10.5371655072768
"CEBPZ",10.4045000596278,10.4620808966915,10.4384492019522,10.1755556610697,10.2379363847295,10.30885549046
"PRKD3",8.15903505160868,8.1516805943671,9.43036774814187,10.1222497022257,8.86477842231069,10.7259441689613
"DCAF17",9.88015838639378,9.86655300757596,9.83403090989301,9.48368376482266,9.54608585648881,9.31956046716826
"QPCT",6.82598312485697,6.5245731111976,5.78285907365734,4.99090412180236,6.00415649635366,5.03357482878391
"RAB3GAP1",10.9310102433584,10.9573870666682,10.9178202161582,10.7141535913073,10.7722618387713,10.9271042128206
"SLC25A12",10.6217290366178,10.5782486689762,10.335953855197,10.00197405152,10.3277565519069,9.64473418188173
"RMDN2",7.31646100731947,7.37856072812948,7.69578817842309,7.59986520168274,7.34027647530114,8.81921326867187
"LCT",4.80259831140558,4.69525161239808,4.86296472820736,4.95373220111794,4.74232802187034,5.07532107295397
"DARS",10.1008936393341,10.1054029163388,10.2333843313711,10.3875406965163,9.87682463747538,10.7893907810399
"SRSF7",11.2310354767845,11.1362107469983,11.2416545864924,11.4075518379497,11.3433245551592,11.1356039562912
"SDC1",8.88434428296179,8.49819140515285,9.09197085184009,8.67284018235232,9.05908427896942,8.18493610461721
"PLCL1",10.5250249644135,10.3572160452837,9.85577809121424,9.38421531582686,9.85298609289245,8.1635382126702
"SLC1A4",11.5079073753558,11.4900301048343,11.4626918822106,11.2354348403525,11.441034418437,10.9915406736507
"SOS1",10.6070608663948,10.7915945183686,11.0706406407891,10.3569284123377,10.4654808167677,10.4405479759674
"WIPF1",6.65375981739783,6.84436345213363,7.98268170929863,7.20541450763482,7.09036942125385,7.78075715668249
"ORC2",9.31562557135797,9.32763009518005,9.38918847095614,9.29609669525902,9.23552193196952,9.42184134219123
"COX7A2L",10.9948847131484,10.8738935048428,11.015695781968,10.8633510203747,10.8426654376137,10.595699781145
"PNO1",8.22719544304341,8.37680644141839,8.07008228672197,8.23367555975418,8.14194509234496,8.35359674201096
"ORC4",11.0823168025525,11.1990306589849,11.3635015982447,10.9458429094732,10.9404026398198,10.7202249173623
"RND3",12.6564071500315,12.7473340995487,12.8108193099218,12.7635964680172,12.6538899886056,12.4767019697046
"ATF2",11.7095321743401,11.8221081176384,11.7652932828785,11.4897070142353,11.5755598878429,11.1824876895514
"THADA",9.68819184567839,9.86054563071746,10.2705511007839,10.0822051355308,9.65941538284432,10.8022441807882
"AAK1",10.8483894595234,10.9058333859661,11.2999050921089,10.0514244596384,10.4496771947224,9.30433728213604
"TRAK2",10.8974321531718,10.9150376166223,10.8694830820477,10.6018243805378,10.7091892545988,10.7480861403704
"C2orf42",8.41104054542838,8.49560269277639,8.32097371919403,8.51218250582582,8.57684612276756,8.86336117651026
"TIA1",12.2213940300937,12.1996510084325,12.53131119454,12.4610935101846,12.4673693049581,12.163718993119
"PCYOX1",11.0755527281049,11.10141205751,10.9679207629807,10.9941761687013,11.2039434593122,11.2179686315382
"EPAS1",4.7165496130104,4.77662214806139,5.45827589049947,5.45558649408591,5.07654591073903,6.00920807852439
"ARID3A",7.0692241342811,7.13031363970509,7.29296706676106,7.77804094914846,7.72130380530875,7.06680005950331
"SUMO1",10.9840895202154,10.9653367419734,10.8046428697575,11.1144262472794,10.9031766207516,11.044094025237
"CD207",4.7165496130104,4.58878259651035,5.81044805857035,4.71402308857299,4.66714835127326,4.33057497578978
"VAX2",6.52916670743809,6.25346714605822,7.18522450335871,6.07923636656541,6.73951207025976,5.94713050764567
"ATP6V1B1",5.18373077138573,5.37374005388151,5.78285907365734,5.25661469107151,5.39908280147121,5.37273133131448
"NFE2L2",8.66711173835655,8.68921314870482,9.57377190540356,9.09679343450485,9.04861791045008,10.1298022720796
"MSH6",10.8122260329297,10.8634214419934,11.1085576160872,11.3023059813641,11.0615707680982,11.5838902744095
"PLEKHA3",9.68184023723772,9.8331982120065,10.0569091531189,9.62021097109997,9.50623773955027,9.98204848631702
"SPR",5.14109345202186,5.09718127405855,6.03261425473495,5.02596345433389,5.23931319139556,4.94087121374919
"EPHA4",12.1127996295068,12.1436777965887,12.0624826567781,11.8980390724743,11.5611881531128,12.2578719822482
"PARD3B",10.0730197081791,10.1372195172936,10.4346018347657,10.3154339848115,9.86495464787306,11.2551167931718
"FARSB",10.288103080702,10.3522309493034,10.0531496495097,9.9134512860721,10.1400382955748,9.68908066316949
"ALMS1",12.3568602889643,12.5779018330836,12.6135679878162,12.4113474502188,12.6169755083981,12.2352680784397
"BCL9",9.43980557591928,9.71164401554334,9.99554791232201,9.72228814261278,9.62060459793396,9.54937840727977
"PRRX1",5.85484684019812,6.30493497245368,7.23113467566778,8.79422245037405,6.92618409152662,9.98898555322033
"DHCR24",11.7400994000594,11.7041162411709,10.8787147892084,11.9353844408189,12.3121848076251,11.2124240733466
"DNAJC16",9.42314318413121,9.44071530760352,9.22946774065048,9.55402181884228,9.38912615350872,10.0095986815655
"MARK1",11.492030291877,11.4522638914109,11.1061412086248,10.8061251811413,11.2019236022437,9.55757025678605
"TNR",10.0652345509429,10.2895361163862,9.27540159928229,8.24737604559895,9.34583961646774,6.12443048056718
"MORN1",7.89323685491838,7.61841818114771,7.63614948010193,7.98356144345384,7.83431448138079,8.25884372384724
"GPX7",6.99564779673892,6.62684248559454,6.3126379774091,7.90198851257261,7.24243215644684,8.66936680738772
"CACYBP",10.4985368158402,10.4367390871716,10.2940995515432,10.3384566514075,10.344946148024,10.1546918222368
"SCP2",10.0034303228676,9.94055549259541,10.1607129164121,10.6049185439289,10.152645291612,11.1813528988777
"PAPPA2",6.39147731265288,6.80185420069733,6.29459653090917,6.46873913714878,7.00440633308007,5.45239055899795
"RALGPS2",10.7191906452124,10.8351184361708,10.5905519003536,10.9538384390055,10.722402197299,11.3849992179091
"ANGPTL1",5.70087603390657,5.79633174395148,4.94418431550225,4.91404266993799,5.55563637036578,5.25394328805817
"CEP104",9.41243858706752,9.43802738704387,9.24274193888673,9.0739797299561,9.42423017634706,9.2124234888049
"FAM20B",11.3800305658042,11.3767881933278,10.9592443737779,10.9765390855095,11.2600281264644,10.6693246504401
"TCEANC2",7.84825812045836,7.81088806238494,7.89521540952253,8.52159593582743,8.14476585961214,8.75136115035332
"TMEM59",10.6897517571757,10.6998360758259,10.7202532963895,11.0311181918279,10.7636142455473,11.4549099577423
"LRRC42",8.23069435517052,8.35124458435623,8.48672413198347,9.00864163261508,8.30456843055663,9.26627430247844
"WRAP73",7.96658061404491,7.33818434225533,8.14772082508125,8.18940369836824,8.17267132180461,7.99713254947996
"MRPL37",9.12266914911813,9.00863330186558,8.89296569000798,9.31242619042964,9.12318472731536,9.52093306413943
"ICMT",10.0095285208815,9.85954196246579,9.72953719702195,10.5231656614355,10.1484551960827,10.7165735498652
"RPL22",11.4380590976748,11.4684766250619,11.4503620982308,11.9233971715151,11.8071082651771,12.0732217295896
"CHD5",11.1792455208819,10.8728994348223,9.91221577235557,10.1308631370199,11.1532756471943,8.15736519835445
"QSOX1",8.93869107491571,8.94942133757454,8.98804320778354,8.94858142400585,9.02440490211399,8.95844157919663
"STXBP3",9.40782643342965,9.34638852546305,9.08952334658304,9.87367822149766,8.99355396371596,10.7155286018744
"PHF13",8.67225680584524,8.52636298817639,8.75451427131424,8.75807702542315,8.88173111580712,8.77165245129644
"ERRFI1",9.22936731070843,9.19219126220688,8.85598573220306,9.10681789211349,9.37244676578344,8.35089758749689
"PARK7",10.845552239447,10.6942192253941,10.6646817546392,11.0506997948797,10.8923617323747,11.2027627295546
"KIAA1324",8.92798482432825,8.81278855898003,8.23474953725857,8.20353298018949,8.60980697731979,7.9901940216119
"AMPD2",9.93779167388947,9.56540209165439,9.57377190540356,9.66157377810331,10.0174972230689,9.40247801895384
"SRSF4",10.127304513695,10.0926478718087,9.75445107967976,10.2536831573671,10.3613299961593,10.3164576553638
"MECR",8.1845265564615,8.18747172901015,8.17578040881632,8.13390885696022,8.09019446985166,8.22384451131824
"KCNC4",8.17728956042556,7.74228866356456,7.77772701745442,6.85621029266722,7.56921545969329,6.88801804929274
"EDEM3",11.1904690301672,11.2485383720657,10.9864329728092,10.5862531984428,10.8178197242804,10.4323025587985
"WDR77",8.96196792720667,8.9531943768507,8.7295597801929,8.89026423806686,8.96361959405544,8.90619337077487
"ATP5F1",11.2726060083923,11.3129891247761,11.1740473705648,11.326604487695,11.2223282009887,11.3311018455056
"RAP1A",9.76591194530011,9.76836424585609,9.82670831451534,9.4643320496292,9.63365802755632,9.4919146930977
"HDAC1",8.74729920912343,8.58840324786156,9.20254636568912,9.17390793758876,8.94277315184952,9.30015741663468
"CAPZA1",11.0938390709236,11.123729569519,11.0034127087507,11.4126052315711,11.2825026387236,11.7765474948882
"S100PBP",10.2117083079263,10.2977089018941,10.1803763065059,10.212542544881,10.130156069248,10.2645263828475
"RNF19B",9.89231099251154,9.85148735635476,9.71533150943496,9.56405524088877,10.1166352062772,8.78369106820868
"SCAMP3",9.30904387899255,9.04089908174097,8.920778243449,9.38832878921388,9.62262053138256,9.32368446206031
"TRIM62",7.82057125999519,8.09110660840326,7.91759106235902,7.54507410269512,7.80242174547315,6.72590736183652
"ASH1L",12.125719090048,12.3106233890274,12.287882043579,11.9189649245386,12.1017277989769,11.7291890227581
"DLGAP3",7.32972286304845,7.07485915820495,6.20029399103025,6.04529202176455,6.92618409152662,5.37273133131448
"SFPQ",12.9146476684657,13.0026621801814,12.6885631351892,12.7730573185641,12.7095642679335,12.7523269290248
"RHOU",10.1065939837402,10.1528683378796,9.96385921926657,10.0100009934975,9.96206858039681,9.62927339748932
"GON4L",10.8759027982804,10.9308856300242,10.7896620260639,11.2957566537177,11.0593412163696,11.627871064693
"ARHGEF2",9.70708039894514,9.52291507231601,9.96252361915374,10.4384820105453,10.5451914691814,10.0290801396182
"LAMTOR2",8.53209821877575,8.2777468188277,8.62854495853205,8.6351974244968,8.80025511246538,8.76154262849466
"MEF2D",8.52642419646877,8.36550191101615,8.58048625117165,7.79998325159792,8.03040308440144,7.68921232485547
"DOCK7",11.7324413175697,11.9015067152317,11.8241821285988,11.7959657814619,11.8614350012163,11.7080690609996
"SRM",8.2889023517545,8.10479135437735,8.35405945616691,8.43256820435577,8.69289134719179,8.42717884553343
"DLEU2L",6.63196100526831,6.50312951392523,6.399200953035,5.99848057344674,5.90403138225395,6.27917803362026
"FBXO2",6.88187679516349,6.49227442759739,6.77503369616368,6.50107558601883,6.96585350046218,5.81198514857821
"FBXO6",5.67698376420325,5.43072800972915,5.7255112363932,6.31229699252743,5.8583162996779,6.96235222053922
"C1orf21",10.6795913242588,10.6686691340251,11.0829811610525,10.3218959783616,10.5264803850395,9.5089130369257
"SWT1",8.9951664423745,9.19378605294295,9.14242958457957,8.96521181076517,9.24078377406886,8.83665040334435
"MAD2L2",9.0961457883771,8.88173805488778,9.18889446867189,9.59285224226931,9.47309915311183,9.13785816448196
"DNAJC6",12.0369884295203,12.1022938130477,11.3730801721768,10.9300701188773,11.8192369164878,9.60237699601599
"LEPR",7.6314284560604,7.58445013314384,7.14737131843771,7.37083261260246,7.65924825659466,7.69350433219138
"IVNS1ABP",12.0106372582062,11.9926354108809,11.8384452709779,12.1104103977899,11.7730488615544,12.5014637463659
"KIAA2013",8.48898549385237,8.12842844023932,8.51987851266151,8.81119312613597,8.90513394041872,8.74316368628158
"MFN2",11.3709832847321,11.2214610610702,11.0399525205717,11.1686019435286,11.3548841934903,10.9850516087864
"MIIP",8.22719544304341,7.83988823707131,8.09480102749024,8.42053730713915,8.57476071043855,7.71054342470368
"SMG7",9.74046814979321,9.99732080256921,10.3915891521988,9.80459278168189,9.82349900196014,9.85110938688949
"SLC35D1",9.30408778983115,9.25158449214407,9.39514380663259,9.20106206414848,9.31748715572539,9.33598604626019
"PLA2G4A",6.17610689899361,5.95795537545197,6.4803071669202,5.68460767469218,5.93352705716022,5.69868419475818
"GADD45A",6.66452682316319,6.60701201275565,7.14737131843771,7.34530362566354,7.24243215644684,7.53013951862878
"WLS",10.854047211261,10.7204302729735,10.6111499357256,13.5633359143151,11.139974023509,14.933645705689
"PRDM2",10.2430986400923,10.3593472506495,10.6531402705844,10.2564970236524,10.5547206055832,9.7556867739649
"RGS2",9.13202452871453,8.80654292034083,8.95076317415032,8.73238497806447,9.02440490211399,8.1635382126702
"RPE65",8.12557726315472,7.97289824292198,8.36627211087885,8.41650445406491,7.82728884990171,8.44499865133699
"TROVE2",11.9920290785826,12.1206240634809,12.1797235880917,12.3036758313444,11.9992335071757,12.7639965377002
"UCHL5",9.93245195471616,9.90500228228079,9.83694956284837,9.34559809371799,9.46188134231831,9.09987679915929
"BCAS2",10.0266679634468,10.1155263219839,9.98637711337024,9.84778445480786,9.92580117567724,9.7465042574925
"SRSF11",11.4278530405538,11.422341978701,11.3255772600518,11.4702086982688,11.420915340055,11.617840012092
"CTH",7.63674370940126,7.53953995283721,7.18522450335871,6.89838247972714,7.34027647530114,6.34993536391042
"AGMAT",4.93817568778476,5.13762512309315,4.7660846074949,4.95373220111794,5.07654591073903,5.03357482878391
"OLFML3",5.49214979402744,5.13762512309315,5.19204933581343,6.33973246271108,5.63503194179442,6.84927332268354
"TNNI3K",5.04742567774093,5.31286008562374,5.13786241172375,4.71402308857299,5.17836802896297,4.68467332000649
"PLEKHM2",9.51033966023747,9.22063058316552,9.54549677365689,9.60084875985427,9.82787335609068,9.37227252783962
"CRYZ",7.0771618631557,7.13709168804272,7.69578817842309,8.84903335193215,7.9060596315197,9.30294534150951
"PHTF1",9.78144067365724,9.95566236433088,9.73580616336313,10.1749608499548,9.73030094229899,10.8096078309432
"ZBTB17",8.45950617542595,8.03858705976951,8.5839729087344,8.91187517858139,9.06206073673949,8.18493610461721
"CD58",6.29551855050175,6.19979772223188,6.54174004934149,7.33668941949539,6.46706506058221,8.32086608716149
"TFAP2E",6.45587737080958,6.48132831963925,6.23887088147353,5.85918570565528,6.29531752794964,5.61588662529712
"TTF2",7.34286011609801,7.32643096545362,7.74677010774564,8.2788425118065,7.22633559280886,8.91351389691328
"KIF21B",12.486712164393,12.3052913200464,12.5556434746147,11.9516191755614,12.5832354595089,10.0214882824948
"TMEM9",9.76471046833387,9.46336234064054,9.63878163274787,9.97557344742105,9.82787335609068,10.1313705205732
"ADPRHL2",9.02961987740918,8.70048871907336,8.8617372504545,9.20456643540401,9.12460887615627,9.25335967667131
"MAP7D1",10.4236521786296,10.0208525584367,10.0111348106684,10.3320686105441,10.5824184401644,9.34683325030472
"WARS2",8.04032994299301,7.9654089690686,8.05504282183853,8.0736056172147,7.84826235284752,8.3908602425552
"OSCP1",8.29893292653589,8.25953102712355,8.35814192546247,8.86389480727961,8.2842653339578,9.34953233150707
"MRPS15",9.14131947832749,9.03022403949908,8.71055519067675,8.89461249430765,9.04410890734493,8.94063860963047
"EXOC8",10.0196352068638,10.1020125896421,9.80451462501076,9.58481109382575,9.91020999449858,9.43206297557623
"GNPAT",10.0495369684471,10.0650539926493,10.3905965246655,10.3272589397963,9.85040842110581,10.7331905689892
"TSNAX",9.37983895233699,9.45673833327171,9.22278445398309,9.421823964629,9.24471757186586,9.68267556717518
"C1orf109",8.32534240882815,8.4641679579657,8.60128022869596,8.69296404871754,8.50199005162555,8.77165245129644
"RRAGC",8.91286086175524,8.90919490513826,9.17280184623681,8.6829373718257,8.79847038748619,9.08537126519685
"TBCE",9.03162107719828,9.13190612820041,8.82981521066513,8.83552536934532,9.00132895853774,8.66503306417162
"NID1",4.87482195210638,5.00838899562681,5.81044805857035,5.98648331822425,6.01778816310778,7.20697117667511
"LGALS8",9.24496978420086,9.27437081116807,7.47879312224272,6.19617072220197,7.52631239207789,7.21301798050329
"NT5C1A",5.22411723473243,5.17594971784969,5.3782345210694,4.55239249687834,5.29596108369109,4.58127373257168
"HPCAL4",12.0262551291454,11.9769936971128,11.2339284070849,10.5907192890046,11.5985168651783,8.17274800639151
"MTR",10.2576876102284,10.2594201967548,10.2748613409724,10.1320894377249,10.1094677029338,10.3975385817224
"BMP8B",5.57553933579376,6.06976574579927,5.78285907365734,5.789777878405,5.59610890044655,5.84730736939238
"MYCL",8.69265465787643,8.65252448181681,9.15652724409517,9.33178022014982,9.32988296838203,8.45256839691374
"SIPA1L2",12.5780752234945,12.502143041158,12.4243338073303,12.6348186833223,12.3320205089662,12.8418269585028
"RLF",11.1706568651877,11.279249199421,11.0278751401923,10.9447967391633,11.1176474411203,10.7987949026433
"ZNF684",6.81643943712401,6.90972567126368,6.74960856768488,7.2006595156671,6.57591271561808,7.39384877311
"KCNQ4",5.40082433975998,5.40267998277688,5.13786241172375,5.28112095084593,5.55563637036578,5.07532107295397
"RIMS3",11.975515230207,11.8029269283238,11.6076767604928,11.4660827828515,12.0614510940244,10.2907257919691
"AKT3",12.053800688649,12.1220888371284,11.9111837830631,12.1292571971358,12.2066835736564,11.9370989709332
"ETV3",9.13202452871453,9.06550369555416,9.06232235237928,8.79111522129111,8.90844631601676,9.23595794799869
"ACADM",9.76230450523298,9.72272653330518,9.68000528356944,9.89550855215553,9.73123537344564,10.0746257813278
"ST6GALNAC5",9.4915751603038,9.51655993350031,8.71691803825858,9.93609681517992,9.76903454706824,9.25623962257505
"LPHN2",12.2266367690415,12.2242156179959,12.6956115601185,12.5737619879921,12.3573453066671,12.9602393561903
"PADI2",6.04388889103782,5.87100821421757,5.60065691610817,4.82464481268825,5.55563637036578,4.33057497578978
"SDHB",9.49012156154758,9.43937197436731,9.44957065374681,9.37491681403765,9.51168746862854,9.45103518024498
"MFAP2",6.40461685682177,5.92395793531019,5.88936033417274,8.15345689238913,6.93287609499554,8.95312379390624
"RPF1",8.3955525598657,8.44282183317067,8.40624481148365,8.96245340169289,8.61995388903716,9.07887711853843
"KDM5B",12.6186869564418,12.7189902444169,12.7525316717346,12.9353746521664,12.9972073423509,12.6817266116694
"UAP1",9.63920243543899,9.74898192449905,9.35903667418322,9.60703773373912,9.5848613504353,9.9654379136422
"CTBS",6.20704769793219,6.02312871455732,6.00991838444328,6.83151094080255,6.10909595759182,7.90048343971049
"RGS4",11.2666796092126,11.2447011646811,10.8680575603591,9.77113098493007,10.1109040570499,8.32086608716149
"KLHL12",10.5356263258253,10.5916044956924,10.3604954573297,10.5668898339713,10.5999108127446,10.4945476436815
"SSX2IP",9.61273356876648,9.71275611060733,9.67021863269374,9.60438857104761,9.25255306398883,10.1500576426295
"ZNHIT6",8.80697211819201,8.941845427525,9.17741812874257,8.63693004494885,8.61184210728188,8.83665040334435
"RBBP5",9.28073108559907,9.40949714200264,9.33651706677462,9.59552268258249,9.48312102437045,9.72276850315806
"GBP3",4.33057497578978,4.33057497578978,4.63910910251109,4.77291247508709,4.33057497578978,5.03357482878391
"GBP1",4.33057497578978,4.58878259651035,5.07933519419276,5.12120644125242,4.56883750728876,5.42659714675519
"PINK1-AS",8.36406493692669,8.36550191101615,8.13824378640928,7.91352177677454,8.09311925753903,7.8047312544377
"KIF17",7.26211718638985,6.99477456520651,7.12804990920464,7.02843816393424,6.71621387992826,7.06007821984279
"GPR89A",7.74889523544411,7.63746793871332,7.73419557219369,7.61412392885074,7.52631239207789,7.76454637346845
"CDK18",5.43226952355336,5.40267998277688,5.66493901424027,5.02596345433389,5.20943279770974,4.88837907797739
"RAB7L1",7.21276396249247,7.27840315363716,7.30158068721242,7.1571156741233,7.26885316310694,7.81263346922393
"TXNIP",10.4656517193132,10.8238456502035,10.127729897513,11.152984616025,11.506595568886,10.2443784759758
"ECE1",8.81629392101001,8.75773577960887,8.74209121903283,8.85796865252686,8.91340061362166,8.5117289367599
"HMGCL",8.15166742943762,7.96164951102611,7.97203780474367,8.32908066600577,7.68673289023078,8.8269892391492
"GALE",8.89097541870595,8.49819140515285,8.54514553185727,8.76917439345354,8.83375038892649,8.29862231342831
"ID3",4.7165496130104,5.2124335202594,7.20377091105087,9.10431831770219,7.18803634019307,9.46479100041646
"CD46",11.3471110703006,11.3376960102599,11.0724984627859,11.0159235149762,11.234894884824,10.7874031286457
"PRPF3",9.76951037791271,9.88541285156672,9.75753524751874,10.0026446730943,10.0440564066893,10.0803206277973
"APH1A",10.459726156297,10.3102491559921,10.3057311161694,10.9847060836671,10.7808578929804,11.1395047405284
"LEPRE1",8.47726641310471,8.41568412165511,8.65861115442126,9.07653252401615,8.90015102299955,9.63038325789732
"SLC2A1",9.60335337893976,9.30567764957881,9.41481892271696,9.34453987534675,9.69049742223893,8.43229287086765
"EBNA1BP2",9.25013325340414,9.17129655147424,8.85310131906389,9.55035590671412,9.45171006637177,9.86908257426169
"CDC20",6.8354600493058,6.64638115531134,7.95592129618506,8.77547746818291,7.49992914835553,9.00714836119548
"ARTN",5.29925920898593,5.2124335202594,5.19204933581343,4.91404266993799,5.03903521958369,4.58127373257168
"IPO13",9.8566695227322,9.62569140823259,10.046861941335,9.69681715217331,9.94122552186814,9.54820433120427
"ATP6V0B",10.8990750228794,10.6772362216532,10.6556212327864,10.6629047021469,11.006315295586,9.97856739408715
"B4GALT2",10.6250420082878,10.2692770308845,10.2378069442757,10.5862531984428,10.8226479563473,10.2688074064713
"ERI3",10.1075418537801,10.0448895087367,9.98637711337024,10.2732658725175,10.348603124051,10.1415227662423
"PTCH2",6.63196100526831,6.90972567126368,6.82449048673678,6.29367165290976,6.47648978420022,5.81198514857821
"AKR1A1",9.35129673907481,9.27738191812508,9.45718069784818,10.2189043885579,9.92007665769168,10.2099127298903
"PRDX1",10.7129771787269,10.6315334308917,11.0073028858086,11.4638936878223,10.8134163528016,12.069955290985
"PIK3R3",12.1881880564628,12.2685388058001,12.268835000813,12.5839886030466,12.6081058767284,12.5217787731932
"TSPAN1",5.72424503540458,5.60690679268508,5.49586482724437,5.45558649408591,5.29596108369109,5.28523604052962
"BLZF1",9.11514080350288,9.15991862707476,9.16584954006191,9.11304789665579,8.96680008400184,9.40377703826272
"CCDC181",8.144261606223,8.22552063969282,8.09480102749024,8.67115039189151,8.17818759423469,9.35625798313379
"SLC19A2",9.13015831234546,8.98118096489675,8.90971770521768,8.82188921388764,8.8867781799847,8.62988390478554
"FAAH",9.1189098997837,8.72277767559956,8.47173911795696,8.39821479887529,9.09440167848744,6.92569080701315
"NSUN4",8.99105829743228,9.04267057878659,8.88733802173831,8.90901242107945,8.86818499416702,8.8840054332622
"TMED5",9.4200928379801,9.46863970020116,9.62026276459832,9.7157579611929,9.43114945909271,10.1461844154801
"DR1",10.7993808585753,10.8803383139859,10.6137041276443,10.6084466211818,10.7608726196522,10.3397050187808
"CNN3",11.5260943267666,11.4955299925063,11.9678426386288,12.7221722851271,11.942501060224,13.1012079722175
"PRRC2C",12.2011184865663,12.4929534114879,12.4855685966369,11.8656093511142,11.890778521019,11.9515924241873
"F3",7.4067585371548,7.47734248484103,8.37031995901842,6.93928874200785,7.36980368498061,6.53153329507253
"ABCD3",10.6473706193087,10.844783622481,10.9301679515964,10.9307748064832,10.7406065254011,11.1858867149816
"VAMP4",9.27060389541086,9.24698362579486,9.2205497782648,8.80504513775182,9.06057327763718,8.57086426954066
"DPH5",8.6951841343469,8.77490088306464,8.97483957696695,9.0854318005214,8.82851329144132,9.40896142996739
"PTBP2",12.1928831594201,12.3348280330071,12.1690558602244,11.9025359790786,12.1709918652971,10.7839181321721
"TNFSF4",5.70087603390657,5.88893120691801,5.88936033417274,5.56781120866857,5.90403138225395,5.42659714675519
"PRDX6",9.78262828932815,9.66069007540449,10.0668868285281,10.7071779371545,9.94525727744779,11.3273448695173
"DARS2",8.53209821877575,8.60770260658266,8.6453260878984,9.00864163261508,8.69864593633242,8.99684916410627
"DIEXF",9.32544204007221,9.32908175945099,9.18889446867189,8.9992527888271,9.03958572633313,9.07071799425663
"SERPINC1",5.5207400332063,5.05426032044833,5.2426758087291,5.35063533644267,5.42310223496893,4.98896808752624
"RCAN3",8.76425898750754,8.83136423138502,6.38235023120535,7.04984994513719,9.07095333839232,6.91823902392529
"SYF2",9.04950768501134,8.91694435555473,8.87032160339421,9.11677299268828,9.12175916757172,9.30572787836751
"C1orf63",9.64313115830042,9.39015806672518,9.97582425945368,10.267697896279,10.2665705647451,10.4743023071088
"SLC35A3",9.32381060255353,9.47127114675612,9.0548137635453,9.22426497528846,9.14018218792599,9.37624849007758
"RCOR3",10.3478767744755,10.5133815999465,10.38960321339,10.0745713579442,10.1884582532034,10.2458269859412
"STMN1",14.3227785660909,14.3501602855347,13.7930466747849,14.190531868484,14.4969794452574,13.4009883085965
"MTFR1L",10.2568335094236,10.1062492537611,9.72796568502479,10.2749320813927,10.3959078484194,10.2254142177448
"MAN1C1",6.88187679516349,6.72179300651678,7.18522450335871,7.29280372056405,6.97882523108938,7.91888360076693
"NEK2",6.52916670743809,6.60701201275565,7.30158068721242,8.36301724296441,7.04805835811577,9.10787268429672
"RPS6KA1",8.05621313627249,7.86428286000716,7.96668587520299,8.07616978798603,8.12775706975868,8.25017389671768
"DHDDS",9.64182277389928,9.48305352460337,9.22724342445483,9.20573266569056,9.5149474370556,9.07724899126205
"NENF",7.53216479117351,7.13709168804272,8.02447956926086,8.2854962081516,7.37466490983108,9.33326142907186
"NSL1",9.23110929370375,9.29680208820784,9.52753878717314,9.61056239049194,9.31873155029677,9.73210302090751
"PROX1",8.05621313627249,8.20026757039308,8.98277629335664,9.22080829341615,8.71955096668675,8.90251908139843
"ARID1A",10.8608073482025,11.0053483507949,11.5100698344444,10.75451765829,10.8793601721754,10.3738881000241
"CENPF",9.65355568162809,9.84845523653894,11.0163393711303,11.7521875931919,10.1463555730181,12.4626038587638
"RPA2",9.21183054218733,9.19855984999186,9.26025258226211,9.44767616476307,9.2834753966689,9.41670319150704
"PPP1R8",10.2248707615813,10.1577749907365,10.1975064197881,10.475661531736,10.3751412692734,10.4668693256045
"STX12",11.4433228354939,11.4612199694095,11.2791405016021,11.111942946309,11.3329026110745,10.5501194760338
"MARC2",5.97189916146181,5.88893120691801,6.41583398350578,6.366589959339,6.05777184720114,7.17012707082204
"OSBPL9",10.9229579059784,10.9857111978801,10.990369151816,11.0059270051797,10.89319653189,11.4514623509698
"TXNDC12",9.21006505668413,9.07072180600046,9.04978617623314,9.52909393466528,9.32121711763132,9.69545741475843
"ESYT2",10.4978141239432,10.3657220330233,10.3645454222732,10.4230370816554,10.3400557085447,10.6041938745974
"CD3EAP",6.94431161196086,6.90972567126368,6.83657729618024,7.40004002884461,7.27407779684721,7.78075715668249
"MESDC2",9.62602878246184,9.68242412533433,9.50017495057922,9.86041953662148,9.75256174054367,10.0416450605465
"RCN2",11.365448333159,11.4264127773779,11.3041277986372,11.7953855671062,11.3062001381356,12.1955411793024
"CHRNB4",6.97022010436025,6.78446930270084,5.13786241172375,6.30301855394286,6.47648978420022,6.34993536391042
"CTSD",8.59578559098937,7.9350516390946,8.43743883491317,9.08416384055745,9.02897599550607,9.3264272444231
"COLEC11",5.18373077138573,5.24729833481842,4.86296472820736,5.3280834021818,5.53476861827663,5.571858798105
"STAG1",11.1385657225989,11.2527475439841,11.3451764263477,11.3804692397735,11.2342362027062,11.2937846109196
"STK11",8.66711173835655,8.18747172901015,8.67831104441804,8.97619283868727,8.92652921080005,8.87278170129689
"KMT2A",12.2220504153556,12.4902012735115,12.7330891882901,12.05993451338,12.178201199194,11.8021190994165
"IFT46",9.32217731442452,9.35211152887064,9.34063782382317,9.98442747957588,9.57656544038975,10.6730974591183
"APOA1",5.5207400332063,5.34383018699978,4.94418431550225,5.4150421589993,5.57607598002124,5.15195654074678
"SLC8A2",8.50926617579326,8.19707933462963,8.50891201053144,7.87863757101133,8.47316002370718,5.81198514857821
"KPTN",7.45586048096702,7.15722908848611,7.74677010774564,7.63873556371324,7.88254460270348,7.40441060627693
"RPS25",11.4898516322948,11.3545288227576,11.8475146919232,12.1063618403406,11.8090999446026,12.2007772956747
"KIF14",6.90898517037246,7.08191392230372,7.92864829383441,8.4912528267593,7.199087088906,9.3209364449861
"TNNT2",4.33057497578978,4.77662214806139,4.33057497578978,4.55239249687834,4.33057497578978,5.11466593771837
"DDX59",8.31878558396344,8.29573358513945,8.15713539366096,8.40637237520777,8.22423562383171,8.7266270537123
"CAMSAP2",12.4803252024726,12.5299965244731,12.3384218145958,12.1437643493243,12.4803422620711,11.5414774578212
"ATF6",10.77095150427,11.0112329153207,10.7676596293125,10.9012370235899,10.867090399446,10.9975709085725
"MREG",7.3751736125526,7.19664743352791,7.52347964195245,7.09170070117212,7.21550017657449,6.95509811538612
"FASTKD2",10.1514031103102,10.2677649736448,10.4200820927914,10.0822051355308,10.0567821463885,10.1477349551702
"NRP2",11.842112944233,11.8159150919167,10.9552222155735,10.1154457175431,10.850423360201,9.47718330387215
"CREB1",11.0332913130312,11.1588161372743,11.2239335505948,11.2943884596752,11.3155711974261,11.3797321820754
"KLF7",11.5331643405402,11.6895119302741,11.528232806372,10.8149314893309,11.2522412597176,10.1376265117729
"TTR",5.0958257135656,5.75702651981449,5.49586482724437,5.80400878913798,5.8583162996779,6.22970329815221
"B4GALT6",8.59849149349291,8.69147535733056,8.59092090787808,8.51218250582582,8.64202774393158,8.24436467501735
"C1orf54",6.46838189693335,6.0388771203416,6.74960856768488,7.42459969106249,6.29531752794964,8.09735108405167
"CA14",6.75771729922596,6.78446930270084,7.57388309620775,7.82159149973688,7.59018729455927,8.35089758749689
"CASC1",6.8354600493058,6.89367700381847,6.62882379950556,8.10658572845733,6.83605876652294,9.43206297557623
"ATP10B",6.73756065626201,6.77569217432756,6.91830170473145,5.73093733123111,6.45757155210179,5.07532107295397
"SPCS2",9.53169156813958,9.60187756012177,9.56499539326578,9.62021097109997,9.58279184703499,10.2069410763355
"USP35",8.67993999982361,8.52636298817639,8.86746584518105,8.49889901448186,8.85794096092759,8.16045503996907
"ELOVL4",10.3654154181925,10.3671348323891,9.72796568502479,9.70919805308602,10.210062871186,8.68870837862989
"FILIP1",7.36233757036877,7.43429514159085,7.55966503163793,7.45669148388178,7.45482713624656,7.8047312544377
"CASP8AP2",10.9213420300083,11.1386940751475,10.7745239475754,10.6088870246102,10.9759041977766,10.3975385817224
"HMGN3",9.63657732296281,9.71830374867337,9.99031460181907,10.6831214858302,9.90607886816219,11.4091121802872
"UBE3D",8.66711173835655,8.65484519824644,8.76376155666782,8.46611726391436,8.37584318476493,8.11975609815991
"CNR1",11.7082834169962,11.7686000429511,12.6984213160827,13.1221682652765,12.7212451727198,12.8322192722355
"ANKRD13C",10.5552094139652,10.5386769256128,10.3057311161694,10.2587441696899,10.466603047422,10.1235121639287
"SGIP1",11.1814972197596,11.3026914095106,7.64290155373675,9.34982320742302,10.6707570032801,8.34819333498937
"PHF3",12.090208003916,12.190903764734,12.0433503897944,12.0647574129182,12.0890340422517,12.0746484740889
"ZC2HC1B",5.54851785949931,5.88893120691801,5.45827589049947,5.43553531135657,5.53476861827663,5.59411117987997
"ADGB",4.80259831140558,5.05426032044833,5.19204933581343,5.81805978469791,5.03903521958369,6.80939009577328
"PLAGL1",8.06408889101343,8.18747172901015,7.97736969900184,8.26992250355276,7.14865083799489,7.92617754941335
"FBXO30",11.4156627186706,11.419281323147,11.5068676686244,10.794170090818,11.1846396546522,10.6271590101998
"TNFAIP3",5.57553933579376,5.75702651981449,5.60065691610817,5.70027502758029,5.67254547946021,5.47749470033185
"AKAP7",10.2516982529934,10.3270436387737,10.285580907915,9.25838278884583,9.87344317484586,8.0313273339539
"RAB32",7.02883500481642,7.12350224223334,7.60189652432882,7.08653824488785,6.56717883825407,7.87808435944297
"MYB",7.80652274855105,7.79827577472242,7.40898199943496,7.3792398886982,7.52631239207789,6.33841262084272
"ALDH8A1",7.0612404615827,7.27840315363716,6.65662472716031,5.51331587387945,5.82678316373963,5.25394328805817
"SGK1",9.24669299929267,8.93994519669123,9.18889446867189,8.3139766266993,8.74015605497258,7.03971372253163
"RNF146",10.8046495369812,10.833586416185,10.721832563642,10.8929436729139,10.9064880304127,10.952161032247
"CTGF",8.21664703408512,8.11496949348091,8.66520786575491,10.0153275647583,6.65202739144907,12.1002916366598
"PMFBP1",5.70087603390657,5.71625300812078,6.14008014374634,5.88579523582229,5.91887334582027,6.22970329815221
"FBXL5",11.534574194757,11.5771335332458,11.5497307486237,11.35628199169,11.3848689281661,11.4989947921772
"MED28",11.2345096671552,11.2781233446594,11.3025457319193,11.6497720310519,11.7566304226536,11.6874348450136
"SLC16A7",8.14796931794989,8.38242541971237,7.72786621708424,7.40827444694496,8.02734668809823,6.25468438971641
"TMEM5",8.32860959222088,8.37398866355746,8.27851112581537,8.37137718051461,8.28170706968008,8.85578004687186
"ZNF430",9.14871245149926,9.28488224734925,8.98541216167722,9.06372301387852,8.93791920966523,8.96197587533801
"VAMP8",4.7165496130104,4.90491546544878,5.0153475618871,5.17826991240815,4.86095996838829,5.89830401412361
"DCLRE1B",8.30226088705486,8.38242541971237,8.05504282183853,8.73723737279856,8.64003499910727,8.72870457518211
"MYL12B",11.2051515971879,11.2431634190828,10.8566023812854,11.2208163753283,11.1695597696033,11.2249612820468
"FOXO3",10.3096775464726,10.2035738126658,10.4819715509518,10.1277928141969,10.4710832573417,9.69651746859007
"ARMC2",8.80463218759551,9.09653218965331,8.93175434153875,9.38524478623647,9.04260276007627,10.0549280244349
"RPN2",11.9783670346982,11.9454285107838,11.9335018890197,11.3136962375614,10.9707727560294,11.8994103115074
"TGIF2",7.87541577034497,7.61841818114771,8.42582051594171,9.47404040595738,8.10185782762859,10.290023923109
"CASQ2",4.93817568778476,5.05426032044833,5.88936033417274,5.66870520190303,4.80549449477315,5.22140032273235
"OLFM3",10.2335794478194,10.3429269419413,9.52934469316027,9.83879841220696,10.3147285305777,7.81656814366023
"PKD2",9.76230450523298,9.84643027380158,9.89691440146145,9.82824339217433,9.73403503693119,10.0019032576359
"ABCG2",5.3344412562722,5.83429039028268,5.29031095099465,6.27476788446092,4.99924798284876,6.88801804929274
"SPP1",9.68565456095393,9.51273334880446,9.2925217901957,7.42053615052125,8.28170706968008,6.30320502760512
"CCNI",12.92112963366,12.9603578514061,13.1929592775053,12.9767327470588,13.1586423155918,12.4396930675008
"MFSD1",9.35609323496928,9.42451201923324,9.24494245320358,9.0980503178252,9.1927200592238,9.38021350496554
"RAB3GAP2",11.2814502031011,11.3060094132228,11.3523305702794,11.0082657284341,11.0608279670315,10.9557053076768
"FAM86A",7.037008143838,7.01708219172018,7.01666422632071,7.16202190379093,7.09036942125385,7.37785530753697
"PPL",7.11618018037421,6.54567163620786,6.05488661074004,6.79998987983057,6.86443091536721,7.42529865342838
"UBN1",9.69577700357001,9.49603300340026,9.4872250638378,9.75290869610466,9.83658243569384,9.61364491087708
"KLF12",12.5948966347629,12.6847073198833,12.8130432773999,12.2997264486086,12.445485053469,11.6861020183452
"UCHL3",7.14662114384871,7.33818434225533,6.92958651312438,6.94503376153132,6.8853279124242,6.53153329507253
"PCDH17",11.4251951962845,11.3502497208281,11.4029173826662,10.8780405626005,11.1525786113479,10.4798520090253
"HS1BP3",8.0758215895408,7.81506738043907,8.46039665322925,8.31614412960057,8.33695871293833,8.52135597552664
"C2orf43",9.60738094053083,9.62569140823259,9.90388971251469,9.54391802753603,9.38081060782844,9.6237112353592
"WDR35",9.79445092865638,9.85249664713115,10.0569091531189,10.5518512332332,9.81117970431962,11.3426528367595
"CCND2",10.9126933181023,10.9616011755002,12.5281559953767,11.2569479860419,11.2059604920061,11.3984088661762
"ELL2",7.56044579433542,7.68856882561223,7.5525018847791,7.29725485245688,6.99167538730857,8.00058918410891
"DNAH7",9.46518326838979,9.58253895980188,9.64212327599654,11.3575927488635,9.60946626106346,12.6971582665945
"CYP20A1",8.26180517451171,8.37116533063057,8.36627211087885,8.4484538693029,8.05761978181695,8.86713679879622
"NDUFB3",8.6411061146322,8.58109853610596,8.81209961871537,9.02062364169454,8.98573670842184,9.05260335548658
"GTF3C3",9.9921828494655,10.1096296439533,10.2940995515432,10.2055701875644,9.92743258528229,10.2465506956088
"SATB2",6.44325127059483,6.45915625855364,7.48634011036382,8.67115039189151,7.87915334433172,8.39872068668933
"UBE2B",9.20652757588376,9.29976669219361,9.22501566579773,9.14501613350372,9.32988296838203,9.21390571951481
"TRPM6",5.5207400332063,5.48441204341114,5.33538540566403,5.0909007841773,5.37441071259404,4.33057497578978
"GDA",5.5207400332063,5.58358169504195,5.29031095099465,5.17826991240815,5.26812364332126,5.03357482878391
"KLF9",5.85484684019812,5.69527237656877,7.3355137098602,5.43553531135657,5.99036612397887,5.42659714675519
"TJP2",7.10846414954516,6.93345017433381,8.08002122851554,7.86681670060835,6.78493148136335,8.29862231342831
"ITGB1BP1",9.72695897567853,9.57154582837835,9.53474886728248,9.24369757728612,9.55244510329546,8.9244252661372
"CPSF3",9.45925214862886,9.70047560481704,10.0854108629669,10.1509649191759,9.72468159543202,10.2017258997138
"PIGZ",5.76951971169128,5.7368316223205,5.56693702969189,6.37541862210786,6.57591271561808,6.65516992011782
"SENP5",11.306011862894,11.2538933715313,11.2211448669538,11.1644138840886,11.2757969750154,11.0382555708947
"CCDC92",9.3892286776665,9.43937197436731,9.53114833806895,9.13280456041732,9.47867546566633,8.91897993279777
"C1orf198",9.04158552640238,9.12356230056988,9.92735641840585,10.0668969441092,9.64163252102388,10.7429670953288
"TRIM67",10.3129682304367,10.3727722287598,10.740650107062,9.29828469172848,10.0059632001101,7.67191294711084
"HEATR1",10.2593942955875,10.4013229741359,10.4986507882368,10.6320380308461,10.3649457093289,11.007850161154
"PTBP3",10.8842213929943,11.0574646595314,11.0176256886132,10.8947506360137,10.952467344006,10.3818147703982
"RAD23B",11.5331643405402,11.5453558835346,11.3770943051702,11.70929968264,11.4776699032075,11.7870295424768
"FKBP15",9.8247434617234,9.93865595293784,9.89130974656769,9.7991981791453,9.76447762255887,10.106868864268
"CTNNAL1",8.03633134806057,7.87232222785439,8.43357651933152,8.97755959016727,8.06061204489979,9.48456783090704
"FAM206A",8.07192140142713,7.97289824292198,7.92313041789343,8.58581481145572,8.19732855478766,8.91716022891217
"WDR34",8.30889367961172,7.7597520469772,8.65198398976558,9.23572766287708,8.82676334243549,9.44726067958056
"SET",13.0170370797739,13.0578245196951,12.8058028125381,13.2395646542258,13.1895491896918,12.9467239260511
"PPP2R4",10.3748927972328,10.3014085463415,10.3965420666048,10.686880785266,10.5573564520059,10.6277145924523
"GLE1",9.2586980905036,9.17453093327016,9.24053805560563,9.4308254127783,9.45962725792425,9.63923149811602
"RAB14",10.7413400613343,10.8005095700861,11.020836472665,10.6146000646641,10.6546004293503,10.8188814749719
"CNTRL",10.0216480691921,10.1347330502439,10.0718498897939,10.0285585194588,9.83831795437756,10.4749199963691
"TRIM32",9.75021406753562,9.72493284573832,9.7819738208955,9.45651797324071,9.76082167995975,9.21834327551738
"FBXW2",11.1184926531052,11.1303996343508,11.0500450956375,10.7465347096363,10.9727485484629,10.9928349908361
"PHF19",6.68580357978683,6.60701201275565,7.3355137098602,7.65949546353462,7.01702036134237,8.29300692357761
"NEK6",8.54056738369723,8.5859724737242,9.63207500609705,8.6247575483965,8.47316002370718,9.52690567425302
"PPP6C",10.1160447574274,10.1230724993668,9.88709190737751,10.4190242949913,10.1414445290157,10.4872185452807
"NDUFA8",9.34165554804465,9.20173360768444,8.96685881515553,9.33817418129917,9.3199748703128,9.21390571951481
"HDHD3",7.41919597398627,7.24126526423778,7.3271073717309,7.52632687188067,7.86893076154135,7.57744660476791
"RBM18",10.1486429719446,10.1054029163388,10.0124261434793,9.95493109518047,9.97553557940475,9.69333496477008
"HSDL2",9.28744318416097,9.37758724701535,9.64212327599654,10.0636871751008,9.24078377406886,10.7300894259792
"MAPKAP1",10.4114241608579,10.3699562853939,10.4054146682418,10.6679855277278,10.586553420759,10.8115651382631
"NR4A3",8.71775112588941,7.98405883147454,7.47120541838317,6.88046848910133,6.49513717052095,8.10699632633491
"INVS",8.67738350087334,9.03022403949908,9.31363965669937,8.76759429417921,8.5892953404146,9.26341438135149
"GALNT12",5.46268370782665,5.85279833732561,5.69565584988958,5.96211569431352,5.46935070319513,5.881557447727
"DENND1A",8.9951664423745,8.94942133757454,8.99590758900064,8.73562172871382,8.77687895365244,9.04595924739587
"ALG2",8.58491066254125,8.60049573085151,8.58745111393544,8.74368183653481,8.42764195508111,9.17942216068995
"KDSR",8.79051201102661,8.96445445598059,8.62516505955278,8.81731492179533,8.79847038748619,9.32231110911312
"VPS4B",9.91197868666925,9.93198778223074,9.7849997086218,9.93820170657389,9.72374290356388,9.87938657728779
"ONECUT2",11.5335169332924,11.7787188175252,11.4078307974119,11.6166544434169,11.9158450849562,9.46976072319164
"C19orf25",7.91083738640365,7.61841818114771,7.76542522490381,8.19176830058879,8.3196089238137,7.84765914901282
"ZBTB45",6.77757659703764,6.51389521262857,6.94077887024594,6.58609309898638,7.23172182181531,6.44923337026561
"YLPM1",11.2776664717813,11.5447318603932,11.5643269069698,11.2182211971311,11.2619682928865,11.2061143687049
"DCAF4",8.27541791952294,8.07728936231953,7.89521540952253,7.48418291916187,7.80242174547315,7.39384877311
"FCF1",8.68758229762323,8.5859724737242,8.77904263540914,8.9373866741555,8.96202670731021,9.29736408279358
"PGF",5.0958257135656,5.13762512309315,5.13786241172375,5.43553531135657,5.20943279770974,5.07532107295397
"IFI27L2",7.59365102268043,7.17707819150479,7.59494511401459,7.94757108047335,7.53499811285736,8.38031209582063
"CCDC176",7.23412992501544,7.18363196230543,7.1377443071229,7.70345665799784,7.16001841268955,8.50446600422867
"NEK9",9.97462592186617,9.90791786919045,10.0239963796131,10.3787866544625,10.0686575612829,10.9614462449488
"ACYP1",8.02830035881907,8.1516805943671,7.81400512101009,7.82770536343745,8.05761978181695,7.66318329412718
"IFT43",8.78814509776648,8.58353757450613,8.76376155666782,8.82644899120242,8.75127183483369,9.17028890144541
"NPC2",8.43244623192903,8.40192004734629,8.6684948890638,9.33711049088227,8.60368421305425,9.97682369054954
"DNAL1",9.18331956688118,9.22531631626295,9.29677021609139,10.1909352432009,9.39503656791511,10.8174211736239
"IRF2BPL",9.80734478633297,9.58375525699587,9.89691440146145,10.1570014459905,10.1602956490156,9.90986386521915
"ACOT2",7.2895535690056,7.03175530872374,6.88387612917015,7.19110043870618,7.18803634019307,7.06680005950331
"LTBP2",6.68580357978683,6.25346714605822,7.28429996695587,6.31229699252743,6.2287072513673,7.15762512229537
"AREL1",11.2973174347833,11.3096871550466,10.9060605996783,11.1178338205124,11.3099558703132,11.0826947171403
"MLH3",10.7216685560656,10.833586416185,10.2951608521593,10.267139914292,10.5441287791198,10.3599107093407
"TTLL5",9.71207580997916,9.95566236433088,9.72953719702195,10.100488254885,9.66039691390576,10.8463499318881
"FLVCR2",5.67698376420325,5.67386991742712,5.78285907365734,6.8252651653982,5.81067810207035,7.31198940754958
"ABCD4",9.2722967153584,9.05501034833309,9.24494245320358,9.68516487560483,9.58382697032583,9.7798912356328
"DLST",10.2055244658438,10.0960602659178,10.0493803163817,9.99592437710767,10.0251356211174,10.0664510645747
"PPP4R4",7.59911006013672,7.81088806238494,7.26680255576584,8.14615769796809,6.9593212858361,9.47471335786829
"TGFB3",6.73756065626201,6.86924378332948,6.54174004934149,7.28385864772142,7.40822937159216,7.73987735564204
"ZC2HC1C",6.19167384472197,5.94108086001497,5.91449335713677,6.25557621208894,5.84266003333913,7.16389018268598
"SLIRP",8.93013246163848,8.91501090550026,8.82098471473035,9.06114736821261,9.03807483320352,8.96550150626289
"RBM25",11.2517562048622,11.3715194138572,11.0008134163796,11.203134720184,11.3236438286129,11.2867668057262
"ALDH6A1",10.0296715310326,9.96409091853173,9.88568321377485,9.23000772899702,9.05460801352987,9.47471335786829
"GPR68",6.33753079965724,6.2134331229608,6.33042650449943,5.83193623690723,6.38909414439227,5.15195654074678
"ESRRB",7.27590283438528,7.09591621670021,5.93909051704448,5.92458453824114,6.15834206985003,5.11466593771837
"EIF2B2",9.02961987740918,9.03912540041212,9.06979195486079,9.15471132597924,9.03958572633313,9.19751662073347
"NRDE2",9.0554208037981,9.20963751925532,9.11140244211204,9.04429231904614,9.17358641533852,9.00372348353913
"COQ6",8.78102087150105,8.58353757450613,8.5839729087344,8.65071622892634,8.80203762333912,8.85767908140501
"ZNF410",6.76768353188172,7.03175530872374,6.98465473288329,6.47689875896768,6.55838671547071,7.17633604835938
"RHOQ",9.69955466223707,9.66184218248747,9.97317393098222,9.62283122685404,9.82612520728329,9.92078866622337
"GPR75",6.32368052195683,6.45915625855364,6.11933501176659,5.789777878405,5.79433681434327,5.86456156907527
"SUPT7L",10.4604681845681,10.4869850603854,10.5896872315472,10.5123774511262,10.6486801462709,10.5808571273878
"KLHL29",9.76831189842386,9.71053106157512,9.56675497820097,9.25275234522177,9.7405465105991,8.60972755787944
"DNMT3A",10.5976482986927,10.397179960073,10.7453163804065,10.8259590035629,10.9770857886458,10.8835754946466
"TMEM214",7.91955666087489,7.90794724598954,7.95050833517773,8.21984252896038,7.93246643504887,8.7390473432905
"ATAD2B",11.0317944922141,11.2041771540898,11.4551168026656,11.0956964371669,11.1424335570044,11.0528076345214
"FKBP1B",8.47726641310471,8.55399182076828,8.13348157800378,8.00257068731471,8.5579673737721,7.09336464344323
"ATL2",10.2028661074442,10.2169561554946,10.2244982007111,10.0809356429646,9.91925701040253,10.2121374577257
"YPEL5",10.5607560853376,10.4673597378925,10.5124042922123,10.5804265273715,10.6915415433241,10.8358099692106
"FAM98A",8.74241654982002,8.82107407206567,9.08707167074037,8.87126830516361,8.90679108220131,9.48579491314048
"YIPF4",10.6441086015745,10.8452905268322,10.8297585537482,10.6398168510482,10.6996767747229,10.738858737485
"AFTPH",10.7235241994368,10.7639777817686,10.8150376412226,10.5614393787973,10.8305140021406,10.2630965458149
"LGALSL",10.1403307106686,10.1585911452419,10.2940995515432,9.72716643219874,10.152645291612,9.43714671615689
"CNRIP1",9.92386704658279,9.94055549259541,9.67021863269374,9.01796958571533,9.80586759890534,8.11019697759067
"BCL11A",10.8974321531718,11.0618329138956,10.8150376412226,10.2020713244967,10.6287684894698,8.28454230082659
"CRIPT",8.62527354312051,8.78552584720267,8.6453260878984,8.4144837626517,8.60776895714336,8.39610532840677
"EPCAM",7.14662114384871,7.15722908848611,6.74960856768488,5.83193623690723,6.56717883825407,5.50195500208462
"SLC17A5",9.24151715319762,9.20331786604865,8.95345832344914,9.09553545225996,9.26680829525021,8.8055032390256
"OGFRL1",9.80617737252654,9.91179616733669,9.93282291527188,10.1406444613703,9.42307372375504,11.0227106368375
"FAM178A",11.0808700258514,11.1986340131588,11.2476962576778,10.5431209718409,10.7640706769558,10.7134364319197
"IDE",9.64313115830042,9.70607063002826,9.71850045297244,10.0540147662556,9.43229944790775,10.703456967637
"IFIT3",6.56432869610102,6.73092761276427,6.77503369616368,6.84391681936885,6.86443091536721,7.16389018268598
"IFIT2",7.25517290337706,7.15722908848611,7.62254778683394,7.88157749475574,8.02734668809823,8.21792710473948
"GPAM",10.2474048576142,10.3465125140414,10.3390444944726,10.1382053443795,10.4502446021217,10.1076657741991
"CUTC",7.64203905041473,7.59910803920834,7.68275068519138,7.98629262707594,7.65129641608071,8.62988390478554
"PPP1R3C",7.31646100731947,6.97969885755654,6.11933501176659,8.04247056979435,7.47755893523241,8.59613097492842
"PYROXD2",6.00844026539826,5.90657782030436,5.63329680407505,6.69386575843543,5.97641267591333,7.85914506417443
"CNNM1",7.0451330407818,6.87743702785821,6.3126379774091,5.99848057344674,6.73951207025976,6.47030047129559
"MXI1",9.97981195790052,9.99914463798977,10.4004921862461,10.880231147349,10.3510359658754,10.906649002244
"SMNDC1",8.94507676775659,8.87975663685593,9.42455659280358,8.83250627494466,8.83723121431333,9.34548181011079
"C10orf88",8.71526112394065,8.91307485178166,8.46796826016975,8.61775520212101,8.71008638910114,8.1355471002343
"HELLS",9.44881355421259,9.62332765753382,9.93690922631144,9.82748649607671,9.10165159979203,10.0729945419849
"TCTN3",9.0475312317789,9.00318459435402,9.02181589353066,9.67173157869066,9.111740507355,10.530050354353
"FAM45A",9.77906250229881,9.75439210305962,9.51118293965454,9.61056239049194,9.55772311615232,9.99502822296661
"AVPI1",6.16034128042322,6.186010907159,6.14008014374634,5.6525587184268,6.00415649635366,5.77550668699715
"WDR11",10.775132515844,10.8109278014802,10.701966332553,10.8674055808663,10.6948969036195,11.3797321820754
"C10orf76",9.34487645628323,9.58132163489962,9.20028002284891,9.32964257461733,9.48201092031927,9.35357149092632
"KCNIP2",7.86190181053377,8.05982747804389,7.47879312224272,7.68670971130126,7.84478820167845,7.03971372253163
"CCDC147",5.43226952355336,5.40267998277688,5.07933519419276,5.56781120866857,5.63503194179442,6.05371984338478
"GOT1",11.0257916277742,10.8674197695228,9.92186911187054,10.1612120270692,10.5280937387765,9.53166599692624
"SFRP5",5.9903111609895,5.60690679268508,5.56693702969189,5.68460767469218,6.26245350803355,4.68467332000649
"GNA13",11.1805969619511,11.3250320896891,11.1157826451519,11.3052978476565,11.2005754578569,11.3142904172286
"KANSL1",11.2448823139525,11.3626951233236,11.6191612713233,10.6696751664842,10.7758874762642,10.4105120462669
"CRHR1",6.99564779673892,6.41364234346673,5.3782345210694,5.99848057344674,6.56717883825407,5.11466593771837
"DUSP1",8.73506129772391,8.42387953790099,8.76068573776764,8.59475869186419,8.78050013497479,7.92981055186659
"PANK3",13.6070571033976,13.6538548021324,13.3549964098086,13.2267115816662,13.4318371380111,12.7724360443308
"MSX2",5.57553933579376,5.51016048524524,5.41912560421338,8.6472820761186,5.84266003333913,9.55990225490298
"TEK",5.85484684019812,5.97458977678836,5.33538540566403,7.67316801531201,5.65395698090973,8.1511653914015
"RCL1",7.86190181053377,7.7246074378157,8.00894867808749,7.99987055854279,7.70220203043486,8.25017389671768
"CAAP1",8.22017182526003,8.45086393308574,8.37031995901842,8.71936453333919,8.25064563604669,9.13473106210508
"MOB3B",6.36478816236259,6.39026961629101,8.19418524668406,7.3323623405347,6.61028206685648,8.08112939298979
"CD274",4.87482195210638,5.00838899562681,4.86296472820736,4.64396487703681,4.56883750728876,4.76371589021208
"GRIA2",13.4176801758716,13.4149384321461,13.2152713242871,12.5279297527598,13.1029991511167,10.495765546969
"NUP43",9.46666224003285,9.3873740190436,9.55970370689966,9.94240229088971,9.68472038019127,10.1203567888901
"MTHFD1L",9.40936545971717,9.41907015852302,9.28398714281601,9.10806605285834,9.14720563218502,8.96197587533801
"LRP11",10.2491237501421,10.0883709897257,9.70897263927468,10.017319965856,10.1109040570499,9.95130005955563
"CCDC170",6.77757659703764,6.63664771748306,7.14737131843771,8.15102796989229,6.62713795454819,9.35222636295298
"PCMT1",11.064370996251,11.0367547822187,10.8356051060517,10.9173265129591,11.0212837369199,10.7485970470161
"PLEKHG1",10.2028661074442,10.0737339493309,10.4716828974577,11.0363659995673,10.4705239916869,11.8262776541744
"CYSTM1",8.36087775999536,7.94270187356128,7.64290155373675,8.09399110690924,7.75875174609447,8.3908602425552
"WDR55",9.02359951858077,8.76848798067081,9.07969147656313,9.02987446112579,9.03958572633313,9.19451663064525
"ARAP3",6.71709701753066,6.44792678694728,6.94077887024594,5.83193623690723,6.32734927396785,6.37267378303614
"PCDHB8",7.00402004987821,7.19664743352791,6.90692282347899,6.97900650440671,7.199087088906,6.73449250527301
"PCDHB10",8.17365727026333,8.35696456156378,8.30836671377887,7.95874222971631,8.00886940284763,7.6805890691043
"PCDHB14",8.48606469245659,8.41842113902547,8.65530139640871,8.22677577399742,8.06359804403511,7.97972245629034
"PCDHB12",7.30307208814694,7.45059282337976,7.96668587520299,6.78071837564872,6.99805561656189,6.47030047129559
"TNN",5.0958257135656,5.2124335202594,5.0153475618871,5.05921631031587,5.23931319139556,5.69868419475818
"MRPS14",9.47697273765789,9.39709472954062,9.35496830894949,9.68766973636913,9.55772311615232,9.79778148772892
"CENPL",7.62073759712291,7.72904846965339,7.75923408296481,7.97258404126916,7.61494902704567,8.11339046848387
"GORAB",8.28554313971869,8.44013107304247,8.37031995901842,8.23825698874332,8.14476585961214,8.8327937281246
"ACAT2",11.3929131298148,11.4355302887542,10.9738970662916,11.3198958559913,11.352458271546,10.2187911192272
"TCP1",12.1175110127568,12.1393444420364,11.9824075976633,12.216647191215,12.2493579605611,12.0320596728264
"SNX19",11.0297963118672,11.1203829352234,11.1443262204073,10.9921520923683,10.8856658853779,11.2139047072707
"KCNJ5",6.48076738158518,6.48132831963925,6.38235023120535,5.58533341826546,6.63548630992359,4.83010453277739
"MSANTD2",9.15790057669722,9.41770647442367,9.31363965669937,9.24596661439745,9.1160427633312,9.3168045603799
"TP53AIP1",5.89520136979655,5.95795537545197,5.7255112363932,5.56781120866857,5.46935070319513,5.03357482878391
"PDZD11",9.02158711969971,9.03912540041212,8.90971770521768,9.13157768414237,8.85965337808326,9.26770213530466
"SLC10A7",8.37041808834304,8.51106532078206,8.44513237632328,8.17513332165389,8.38301792117354,8.12925164032365
"NUDCD1",9.51463543563667,9.53176542686163,9.56675497820097,9.48272232900777,9.38319138174656,9.36295236749969
"ENY2",9.63263066477135,9.71053106157512,9.60835288137349,9.86115933862758,9.64163252102388,9.82032275835752
"MASTL",8.24460500817875,8.42931722170164,8.40229736694295,8.79887073063167,8.45965574735079,8.8519744336651
"KIAA1217",6.60979856227587,6.5245731111976,6.57141063641404,7.90776683256439,6.30608491752984,9.4833397024413
"SEPT7P9",5.6018543074561,5.71625300812078,5.78285907365734,4.33057497578978,5.03903521958369,4.33057497578978
"PLXDC2",10.3072045959424,10.3825849512096,10.5783991055955,11.1075868557791,10.0350054151386,12.2035745599555
"EPC1",11.2227505838344,11.3015837101194,11.2272728701354,11.1706914222251,11.2700243479883,10.8965421030413
"IQSEC3",7.90645762791727,7.72015244174919,7.48634011036382,6.91019562899309,7.62716898512575,5.5258120673756
"CCDC77",8.0758215895408,8.14507566255721,8.19874965625953,8.15102796989229,7.96480054455903,8.17580479159128
"TAF12",8.12933374133874,8.26866791815237,8.20329953523338,8.45633115326406,8.24802647612564,8.49227875959925
"ENOX1",10.0980349929749,10.161036840432,9.80451462501076,9.87587619309807,10.0957504903323,9.12530877364541
"MTRF1",8.05225889084432,8.19707933462963,8.2258341973096,8.17990596670228,8.20275064115967,8.10057341242466
"SPG20OS",5.26254826080776,5.00838899562681,5.19204933581343,5.05921631031587,5.23931319139556,5.571858798105
"SOHLH2",4.87482195210638,4.58878259651035,5.13786241172375,4.95373220111794,4.86095996838829,4.83010453277739
"DNAJC15",7.42537359648511,7.40670473789636,6.34796986470843,7.70345665799784,7.71369398086317,7.98671204508769
"PROSER1",8.63847945105174,8.83341345067355,9.30944079031773,8.74207342933317,8.56007732317955,8.65850782064076
"UFM1",11.162928690377,11.2687068915655,10.939699195133,11.0199028009715,11.1040116047215,10.8506396335212
"WBP4",8.81629392101001,8.70273324707026,8.3334706512509,8.95414628407805,8.83375038892649,9.19601740731215
"ELF1",7.0771618631557,7.24126526423778,7.68275068519138,7.99445490304425,7.25834479353564,8.8424160794459
"SMAD9",7.98745233420534,7.84806640040306,8.03984308046441,8.41650445406491,8.19460977828675,9.08212785604339
"HSPH1",11.5373897762489,11.5670283530684,11.8105188133216,11.6493439892973,11.6976481197651,12.0611399124816
"KBTBD7",10.2830781804427,10.3124508653568,10.2378069442757,10.0166561380695,10.2857728664147,9.64692938471075
"ALG5",8.36406493692669,8.3339462476181,8.24360963406932,8.28328174582559,8.20545399040981,8.77165245129644
"EXOSC8",8.78577427874634,8.69598911037403,9.09441420071506,9.31782845723895,9.02593021452796,9.20349790702709
"ETF1",10.9856366459395,10.9820280935266,10.7202532963895,10.9843667137156,10.8094417916294,11.1805958754949
"TGFBI",5.3344412562722,5.28072429172865,5.88936033417274,6.01035734573399,4.86095996838829,6.21702304029175
"FAM53C",10.3518816024931,10.1264137196116,10.4782387098297,10.895111757147,10.532922998959,11.4852666629559
"SIL1",8.07192140142713,8.0421491716111,8.53437126979068,8.70457402807259,8.18915665934638,10.0827544067942
"PAIP2",10.5021448528972,10.4986333248275,10.4083601121688,10.750132505373,10.8495634265366,10.767878601618
"KDM3B",11.8455247497956,11.8161736661552,12.0779777973967,12.6705871500878,12.0363562493421,13.5533410885068
"EGR1",6.41762377436216,6.24026434647469,7.26680255576584,7.06043229251081,5.88899535302041,7.1886712995919
"SERP1",10.5806858112781,10.5928125509434,10.7956730483771,10.8559497642002,10.5741127414149,11.2867668057262
"PLS1",5.6525384434395,5.97458977678836,5.7255112363932,5.96211569431352,5.65395698090973,6.24225613351204
"ZFP30",10.7401184214369,10.8391958850531,10.7011659632286,10.7742838368087,10.8370364284704,10.4001426286901
"NR2C1",9.3400423881218,9.45408017697914,9.31782631370153,9.58660189824998,9.60844940216606,9.7898576689648
"UTP20",9.36880632694728,9.42315348053761,9.7420479767848,9.85671482004245,9.24733414421341,10.1897341829691
"TMPO",11.3543143071051,11.3563080423225,11.691460029832,12.0306535346436,11.640134548251,11.9215526003668
"ARL1",9.76110001574184,9.79800575357933,9.65871622375896,9.84029998197171,9.6769814518408,10.5115053984914
"GLT8D2",7.0612404615827,7.16387706458242,6.91830170473145,6.76116760824153,6.83605876652294,7.17633604835938
"MTERFD3",9.14502071247182,9.28038674039384,8.98013558505696,9.06757785674507,9.14018218792599,9.10308048732536
"SOCS2",9.68438424124266,9.51655993350031,9.62702447013151,9.4117559256642,9.54714768227108,8.81921326867187
"NFYB",10.0894248869545,9.95660130771502,9.81343315344366,10.1850394174179,10.0649569913595,10.0383051083289
"CCDC53",8.72023681804644,8.88173805488778,8.58048625117165,8.88590278913282,8.80203762333912,8.98300116003085
"APAF1",9.64965531825665,9.74789744723876,9.88568321377485,9.68432895347536,9.96047592433483,9.47100047926738
"DUSP4",11.050147607147,10.8432618396608,10.2076876427718,10.4981834869741,10.7266236362201,9.04429341443123
"CLU",11.903415585399,11.6764683244,11.9661781865034,13.0130342192041,12.3884626669795,13.4904427373684
"TNFRSF10B",8.50350090748699,8.40468346190297,9.98637711337024,9.92905822888359,9.45284376167214,10.4792364290877
"SORBS3",6.26671530794524,5.88893120691801,6.51138402021999,6.86231554612004,6.38909414439227,7.19479807814737
"PTK2B",7.48569998499647,7.36714293893297,7.46357654594288,8.14859490983899,7.76612407715919,8.36166381032946
"ADRA1A",5.85484684019812,5.75702651981449,4.33057497578978,5.94973919615279,5.20943279770974,6.16496703674859
"PPP3CC",9.19586266783912,9.22998684560074,8.80912566916236,8.93457431490638,9.3688473377036,8.33459491819434
"PDLIM2",5.46268370782665,5.53524434648493,5.81044805857035,6.42715403265457,5.84266003333913,6.71726694632154
"EPHX2",8.02426783561473,8.07728936231953,7.64290155373675,8.40840453166656,7.63928417600274,8.81335355191056
"RNF170",9.82589593948548,9.80740535239521,9.58596988757857,9.61320023603174,9.66724897393888,9.65894358079627
"UBIAD1",8.59307457615746,8.68467801082702,8.48672413198347,8.51595529628347,8.73643159593757,8.27032234655235
"TARDBP",10.7160872579804,10.8518641230192,10.5757815583309,10.8168388100473,10.9212960089927,11.0883563882514
"ZNF706",10.0913426925188,10.1003144318777,10.2400131741752,9.60615522062485,9.93799197853257,9.5089130369257
"LYPLA1",10.1921833885896,10.1330730200439,9.87436382595487,10.0694596239171,9.97868608459249,9.93881466016798
"CRISPLD1",10.8529174349614,10.9237035663797,11.420527900455,11.695061278056,10.8076717982724,12.5154891433996
"COPS5",9.73557036276821,9.77583197312879,9.61346917678294,9.88317865219943,9.93637248272583,9.92531634193534
"RDH10",7.01234157832621,6.81046349923715,7.15693190923556,7.98082501356993,7.21550017657449,8.69297135053693
"AKAP1",9.97046361791726,9.76622348276312,9.4983320793504,9.48176025103329,9.82961938711449,8.86525022738942
"COIL",9.71332196166359,9.72383011176354,9.49093692650709,9.59285224226931,9.64659425974179,9.52809723046795
"TRIM25",6.84487119178406,6.51389521262857,6.89544820275353,6.88646604084261,6.79973756323268,7.52532030003391
"SCPEP1",7.19106458252092,7.29056586476305,7.31865018274309,8.0581230460648,7.06635083100479,9.05425959877665
"SPOP",10.5908872253682,10.6772362216532,10.3462303292884,10.5938373437618,10.6653915636782,10.5814308322747
"SLC35B1",9.77429435405303,9.68469296579113,9.55439251177159,9.81761050338189,9.69625139604607,9.96631694250901
"TEX14",6.16034128042322,6.30493497245368,6.16047993900056,5.87256822454692,6.25130538879973,5.77550668699715
"FAM117A",6.77757659703764,6.73092761276427,6.71054607635312,7.20541450763482,6.37900788898933,7.81263346922393
"NCAPH",6.75771729922596,6.94126765350759,7.91203005704628,8.37137718051461,7.12563200576146,8.74521744240032
"LRAT",6.00844026539826,6.19979772223188,6.61470214021762,4.71402308857299,5.53476861827663,4.68467332000649
"KIAA0922",8.82786177418644,8.93804245124898,9.23390608819336,9.17985474394037,9.01828742588139,8.96020981308936
"MND1",6.37820212442732,6.44792678694728,6.51138402021999,6.95075475096743,6.2287072513673,6.88035690059614
"ABCC11",5.97189916146181,6.31748106638303,6.20029399103025,5.56781120866857,5.7264309006772,5.45239055899795
"PAPD5",9.77309984798789,9.78431940367108,9.50568946027502,9.48464455933597,9.70102888524931,9.15339255120316
"ADCY7",7.40049822086436,7.2286626536223,7.56679197810507,6.57103832417983,7.50436083085122,6.05371984338478
"CEP89",9.80149823810552,9.82807643487866,9.55084080548476,9.82521341992831,9.96127247232054,9.92078866622337
"TSHZ3",7.32310766257761,7.32051701751159,5.96317797384801,7.13731522744772,7.99328654100108,6.69100632749698
"ECHDC2",6.20704769793219,6.30493497245368,6.0767532850492,5.51331587387945,6.12159469522682,6.06819675099262
"TAS2R8",4.93817568778476,5.53524434648493,5.19204933581343,5.17826991240815,4.80549449477315,5.22140032273235
"PLBD1",4.80259831140558,4.58878259651035,4.33057497578978,4.64396487703681,4.74232802187034,5.40006335275449
"TAS2R10",5.91485715615986,6.02312871455732,6.09823090651264,5.789777878405,5.57607598002124,6.03906618111504
"PYROXD1",8.84162139295442,8.97377096881457,8.62516505955278,8.08638063615661,8.3245875019187,8.17580479159128
"IAPP",4.87482195210638,4.69525161239808,4.33057497578978,5.45558649408591,4.99924798284876,4.98896808752624
"KCNJ8",6.51723368027146,6.53516475243763,7.25797082264261,6.65890241898307,6.58458917618073,6.80939009577328
"BCL2L14",4.7165496130104,4.77662214806139,5.33538540566403,4.77291247508709,4.86095996838829,4.33057497578978
"TAS2R9",5.36825224778896,5.51016048524524,5.07933519419276,5.23135019106063,4.80549449477315,5.07532107295397
"PSPC1",10.8792359954977,11.0080672870752,10.7289179445037,10.9044693115448,10.9171979076812,10.7992881619822
"ZNF549",9.47256298712832,9.47258506944051,9.49648684740581,9.31350826657486,9.43803565884169,9.11899279638269
"A1BG",6.37820212442732,6.17206882112393,6.03261425473495,5.96211569431352,6.07080875752555,5.69868419475818
"ZSCAN18",10.3268704594073,9.97061255829327,10.2400131741752,10.5403530311984,10.5393369595707,10.4182404687373
"ZNF211",9.91631307968877,9.99914463798977,9.7804584912872,9.72554216986526,9.89027171319684,9.33870551759448
"PDZRN3",10.7940928636273,10.731989373157,10.0915330247766,9.69017025047505,10.6372645561972,9.18396714702353
"RNF2",10.903446882452,11.0834779312964,10.8928030335625,11.236005105718,11.0840443831822,10.9785332191789
"TRMT1L",8.63847945105174,8.65947540614662,8.84441318329675,8.74368183653481,8.82501125983981,8.97777358702147
"SEC22A",8.83933725239579,8.96258388846603,8.79115153842337,8.87567431595764,8.98102587777097,8.75340322740948
"DPPA4",8.22719544304341,8.26258314695662,8.74831617567287,8.95968969122972,8.30204624176601,10.2128782715135
"POPDC2",6.09517066737624,6.186010907159,6.16047993900056,6.24586930570413,6.58458917618073,6.05371984338478
"B4GALT4",8.89317901711718,9.00136376179609,8.72640976160702,8.71609089365722,8.91833789714522,9.48946990026244
"NAA50",10.4992591457591,10.4798200813857,10.4394094420656,10.6389546066867,10.4993219859658,10.9561477303784
"KIF18A",6.89097298392508,6.82751949701701,7.67618662531909,8.33977251533237,7.26885316310694,8.82892667498782
"DESI2",9.96837795039781,9.92624755274738,10.1963707222263,10.2457749924533,10.1602956490156,10.1882281814291
"MAPK8IP1",11.3162945063771,10.9203396588624,11.1595546862374,10.7433291172611,11.3292062263099,9.76683097032713
"CRY2",10.1778155163843,9.99275109327371,9.76214915872482,9.86485266356866,10.1442528878852,9.92350697788707
"PEX16",8.15903505160868,7.62797515941513,8.09969380630289,8.05031828145981,8.40667742405892,7.60051823044533
"DEPDC7",5.85484684019812,5.94108086001497,5.98677983682015,5.87256822454692,5.63503194179442,5.59411117987997
"CAT",9.27398754712326,9.34064268535128,9.58249527546212,9.71739328287373,9.45962725792425,10.2552069969848
"PILRB",6.17610689899361,6.37842206372085,6.25772181162451,7.19110043870618,6.99167538730857,6.77661481002274
"ZMYM2",12.567439840126,12.6452303952323,12.5616078464134,12.4132394888527,12.4991058720405,12.3297915487145
"TBC1D15",9.32217731442452,9.41223878885402,9.55793548327086,9.38730152187927,9.26938505771729,9.46727800519495
"BAI2",9.84988750611198,9.40537486069544,9.97714759865462,9.80228328124963,10.0701351336833,8.7077928690121
"HCRTR1",6.30967770216152,6.25346714605822,5.29031095099465,5.91179944389842,6.20569266903883,5.11466593771837
"ZCCHC17",10.4530306643357,10.4082016561041,9.80749360409514,10.2457749924533,10.3757387691171,9.74752743121433
"FABP3",6.94431161196086,6.81046349923715,6.72369361431858,5.94973919615279,6.26245350803355,5.59411117987997
"KHDRBS1",11.3987310232426,11.4405707826513,11.7694984892769,11.5183518706791,11.5572436115145,11.3571302176684
"TMEM39B",7.98330238405137,8.11496949348091,8.09480102749024,7.88157749475574,7.98700536437452,7.50097370161107
"RNF115",10.5813681551161,10.6783746646826,10.2694715245624,10.260427233978,10.6019548598464,10.1028776938796
"POLR3GL",8.32860959222088,8.21294986883551,8.1239092480457,8.56047120294117,8.55585431634013,8.78568773315671
"ZNF639",9.792094146838,9.95660130771502,9.60493189632962,9.73445304208666,9.76721350597355,9.4833397024413
"SLITRK3",9.96210278067534,10.1504087354228,9.6471212545934,9.49802882228322,9.92416791759113,8.23267495134167
"PIK3CA",11.3325957821364,11.4509323233162,11.225047516264,10.9037516510442,11.1311555815359,10.4474882322499
"PDS5A",11.4789087035618,11.5268327669721,11.5713510212515,11.7806084207758,11.5724364254723,11.9687945243312
"LIAS",7.58817079353714,7.57459293577644,7.68928444166657,7.72984654518072,7.53499811285736,7.98671204508769
"CPXM2",6.19167384472197,6.186010907159,5.56693702969189,5.35063533644267,6.13396671442646,4.68467332000649
"TMEM54",5.3344412562722,4.84495094307666,5.41912560421338,5.15028716110163,5.20943279770974,5.03357482878391
"ZSCAN20",8.10282843153464,8.19707933462963,8.63191691685501,8.59475869186419,8.50418391819732,8.81726268355521
"CSMD2",8.79758944493229,8.8375031438208,5.75456202992873,7.98356144345384,8.30456843055663,6.1912683413666
"HPCA",5.91485715615986,6.06976574579927,6.41583398350578,5.35063533644267,6.65202739144907,4.58127373257168
"LRIF1",9.62205308417768,9.7381002513789,9.71691685228939,9.47404040595738,9.62865146313449,9.08375047459271
"CLCC1",9.64704919809523,9.80740535239521,9.66858104235656,9.6860003130889,9.58071936662626,10.0884172976111
"GPSM2",8.78339954100118,8.90140345591132,9.58249527546212,9.89767351037063,9.26551818240648,10.3219614370928
"GTDC1",9.1779103074616,9.22063058316552,9.20932406146196,9.86263780445501,8.96521071831647,10.3532068883963
"CXCR4",10.1886048209568,10.1495879346258,10.5178691765762,11.5061113152321,10.3697526006365,11.2231243948282
"ZRANB3",8.71775112588941,8.85979076743473,8.82981521066513,8.66776483259553,8.4183622368912,8.77567654292518
"ACVR2A",12.4737261223421,12.4768520128851,12.1216958317711,11.7595437886503,12.2553757317783,10.4493752469173
"POLK",9.61673503043875,9.73153158762709,9.7804584912872,9.4643320496292,9.47198129534088,9.43206297557623
"SV2C",9.79797889088255,9.84135538520762,9.30944079031773,9.91914610858816,10.0266584560666,9.43460708890297
"FLT3",5.9903111609895,5.85279833732561,5.13786241172375,5.25661469107151,5.26812364332126,4.83010453277739
"RPL21",12.0555202916146,12.077916821755,12.361144323249,12.6265791305318,12.3774688241671,12.7548718424661
"MTIF3",8.64372798036399,8.81693728728556,8.60128022869596,8.89750404199127,8.92489467730096,9.15647940677177
"GTF3A",10.2721304498287,10.2887908337774,10.03293168752,9.90844979303263,9.92580117567724,9.78189004368097
"RASL11A",5.54851785949931,5.97458977678836,5.69565584988958,5.43553531135657,5.82678316373963,5.15195654074678
"UBL3",11.1450413208109,11.237768363306,11.0092440469983,11.6521239931212,10.9935272254724,12.2108221647005
"FYTTD1",11.4645576536246,11.4267514926297,11.14196904401,11.2811873447655,11.4684578719565,11.2878216555056
"MTERFD2",10.1895002958792,10.1675384847414,10.2133129671129,9.85225655389969,10.1999760008035,9.56339318948987
"OCRL",10.9617297392185,10.9792595803431,10.8377914676718,10.5052979315966,10.8085570664623,10.4543952476488
"MRPS2",8.48020517670868,7.9691585288187,8.06007361605457,8.55131030298727,8.66572736922091,8.4348430554223
"PLG",5.46268370782665,5.69527237656877,5.0153475618871,5.35063533644267,5.29596108369109,5.25394328805817
"KIAA1191",11.207363248635,11.1187067018815,11.0027633246534,11.2277141107568,11.3636441183709,11.0911789121917
"COPA",12.1019046978011,12.1422347908557,12.0708706974858,12.3372812119922,12.1711639354543,12.5832114113142
"HS3ST2",5.6525384434395,5.58358169504195,4.7660846074949,5.37262261357025,5.49165273270531,5.25394328805817
"RBBP6",10.2721304498287,10.4143645403226,10.2466116815547,10.1991491054611,10.2425300305469,10.4208074327511
"ZC3H7A",10.2947758242246,10.3146492181154,10.6102975322036,10.4586583706914,10.4105601333415,10.5837233723501
"SERAC1",9.37983895233699,9.45673833327171,9.47228121491397,9.4036505091447,9.49307364874882,9.15647940677177
"ANXA11",5.72424503540458,5.55970553524277,5.49586482724437,5.92458453824114,5.82678316373963,8.33459491819434
"FAM35A",9.38297566832328,9.47389779465176,9.52029243842483,9.09049249538816,9.30999811798254,9.10467966039144
"FAM213A",10.497091069705,10.4607581616055,10.1940966399133,10.593392319885,10.4221757052875,11.0826947171403
"ZNF205",7.6314284560604,7.38423491701478,7.64962153261386,7.66292601026178,8.02428372515973,7.17012707082204
"NAA60",6.66452682316319,6.83596763058775,6.78756865288512,6.60835857260747,6.66836552419538,7.42529865342838
"RPL5",12.6121919756826,12.6211630865657,12.9862886126721,13.2540647485073,12.9804168502799,13.4081195685612
"ODF2L",11.1343874342681,11.2671945382995,10.9328975968313,10.6939550599441,10.662456525325,10.8415685856612
"PTGFR",5.87520277529963,6.26653250017841,6.0767532850492,6.41867436581111,6.33784955861795,6.61834268185337
"SPATA1",5.0958257135656,5.34383018699978,5.2426758087291,5.43553531135657,5.20943279770974,5.75680447202851
"TRMT13",8.50350090748699,8.60290204661825,8.89577128390487,8.39206598500318,8.41369974159203,8.52375267080254
"LRRC39",7.18375548402539,7.09591621670021,6.6427968877454,6.31229699252743,6.54062432223393,5.881557447727
"RWDD3",7.29632919015158,7.5191112184808,7.54530215955348,7.36660997602452,7.36980368498061,7.39384877311
"ZNF644",12.1733317474462,12.3299470519916,12.1160027882728,12.0342643644995,12.1356296576836,11.901019636467
"CCDC18",8.48898549385237,8.62437922204943,8.49786099064325,8.30090221630662,8.14758106664588,8.52375267080254
"RPAP2",11.0760369295909,11.4429169993413,11.2482442478073,10.6049185439289,10.7708998715575,10.5647000269393
"PQLC1",8.66711173835655,8.54400644205889,8.78207944247593,8.91900723185794,9.01828742588139,8.22973752692289
"NBPF14",8.31549587315435,8.18747172901015,8.21686291476407,8.07616978798603,7.66320747407373,8.97777358702147
"BBS9",9.91847539843675,10.1188850557073,10.1501932933617,10.260427233978,10.0664383593788,10.7050372703749
"PMS2",9.4944779645835,9.48955788338247,9.21157621966375,9.38421531582686,9.51603245580985,9.13629546272822
"ZMIZ2",9.22412867730333,8.95883543783139,9.27755278995927,8.77547746818291,9.27067171147698,8.16045503996907
"OCM",5.6018543074561,5.81547244195914,5.41912560421338,4.82464481268825,5.39908280147121,4.83010453277739
"SEPT7",12.473542382973,12.465192878496,12.4476621433762,12.1914372869005,12.393338444763,12.0368775635575
"EEPD1",6.75771729922596,6.64638115531134,8.14772082508125,6.13377621276322,7.29478283853804,5.9629602809734
"KLHL7",11.4686198618563,11.5083887850779,11.5390218240334,11.7288787274849,11.730713319481,11.6842339898045
"HERPUD2",9.19407747491802,9.24851888234009,9.34269378846979,9.02855655245795,9.09294730013371,9.00885774659924
"CBX3",11.7528741601005,11.7489599210028,11.7436928150282,11.8088634680371,11.695257064271,11.5173978790881
"HNRNPA2B1",11.9469474900049,11.9728246974477,11.7914709245339,12.0743551091664,12.1320983270403,12.5096241173362
"WIPF3",6.72736783383392,6.74000049684547,7.068411441721,6.41013865333125,6.75482273122502,5.61588662529712
"NXPH1",9.55273161675383,9.5873979996678,9.04221169520246,8.4950810177533,8.66376727607359,6.64605828080328
"NPY",5.43226952355336,5.24729833481842,4.7660846074949,8.77075275667069,4.56883750728876,10.1036768123528
"FAM126A",10.0366556148741,10.1932557882774,10.4622654488262,10.3245799522863,9.99822226229933,10.2392972009987
"INHBA",5.40082433975998,5.09718127405855,5.33538540566403,5.35063533644267,5.29596108369109,5.9629602809734
"FKBP9",9.10377391234151,9.10672807900063,9.50935410664662,9.03513405406417,9.04260276007627,9.88311529939271
"NT5C3A",9.80617737252654,9.94245253239996,9.76521691340845,9.41074523983173,9.54608585648881,8.72246297328624
"ARL4A",9.4944779645835,9.50633303168787,9.34884412758076,10.5646213137957,9.90110583707219,10.6187994907914
"CCZ1",9.20298137963098,9.20963751925532,8.95345832344914,9.39549921562476,9.43803565884169,9.25767743784455
"POLM",7.59911006013672,7.38988622471017,7.63614948010193,7.66634825729697,7.77345828366695,7.8047312544377
"RAMP3",4.7165496130104,4.77662214806139,4.63910910251109,4.33057497578978,4.66714835127326,5.45239055899795
"FTSJ2",8.77146661305494,8.77276642812238,8.51987851266151,8.92185017615449,9.00442722589531,8.83857486668005
"TWIST1",5.40082433975998,5.71625300812078,5.69565584988958,6.28425515241289,5.34903754503733,7.00508864209275
"SMU1",10.9773660664154,11.0692287205689,10.8436056144017,11.2575098113208,11.0873307193024,11.3601420659851
"GLIPR2",6.94431161196086,7.08191392230372,8.21235607275838,8.48163738781847,8.14194509234496,8.7266270537123
"SLC25A51",9.10757286225941,9.15337633874126,8.72008892138754,8.89316453647128,9.1722099434197,8.84433284264935
"CLTA",10.5468492018103,10.4279662673913,10.3935723598018,10.5907192890046,10.5875853161315,10.4297559933061
"RECK",7.98745233420534,8.10479135437735,7.95592129618506,7.77487844920169,7.6231073976722,8.46509646646879
"ACO1",8.72023681804644,8.83545975204215,9.06232235237928,9.54207333678978,8.89180758578744,10.060701057193
"KIAA1045",8.54056738369723,8.45886115771458,6.58599920034065,6.41867436581111,7.34027647530114,5.18746296578136
"DNAI1",6.96163830026338,6.90972567126368,7.39298538920024,8.41650445406491,6.56717883825407,9.89516745765007
"DCAF10",9.77070786156682,9.88146281382322,9.84422044190428,9.69017025047505,9.52683793040165,9.85015719266175
"CNTFR",9.19050043264043,8.84767674792207,9.5184751413448,8.76284354155449,9.19543279022115,7.45605930274817
"KIAA1549",11.6421387464068,11.7071867592752,12.0677696995351,11.2544170608703,11.6502923179952,10.6907518204429
"TRIM24",11.9850853374909,12.0703492542107,11.7526036099592,11.8017551261302,11.9722328053333,10.9383441110129
"C7orf49",8.22719544304341,8.20344870999435,8.51987851266151,8.83401661496969,8.50199005162555,9.39335192665545
"CALD1",9.75021406753562,9.93675390682458,10.200908155006,10.5947269797618,9.67795109392997,11.819972052574
"NUDT10",8.80463218759551,8.90530445890846,8.60128022869596,8.82188921388764,8.96838769500705,8.32362240762868
"NEUROG3",4.33057497578978,4.33057497578978,5.81044805857035,4.33057497578978,4.33057497578978,4.33057497578978
"PLAU",5.6018543074561,5.43072800972915,6.3126379774091,6.7346503210604,6.05777184720114,7.44588042081582
"CHST3",10.1486429719446,10.045772115206,10.7351869719076,10.9001579826239,10.8067859863926,11.2471849670696
"BICC1",7.7827951013011,7.93121104702694,7.64962153261386,7.80309035402005,7.82728884990171,8.462599597548
"CISD1",9.7719043510415,9.8301273303448,9.52210744578734,9.18459456035691,9.49637596709566,8.57317971819658
"EGR2",4.87482195210638,5.05426032044833,5.29031095099465,5.0909007841773,5.17836802896297,5.45239055899795
"ECD",9.44131082347357,9.48955788338247,9.33031373473615,9.29828469172848,9.59721633000756,9.53522594418343
"P4HA1",9.16703041184271,9.08282429545459,9.27970077105899,10.0193096171187,9.34827886632959,11.1422290265725
"SLC25A16",9.97566462271064,10.0091346947868,9.75753524751874,9.58391485618546,9.80409253721919,9.18396714702353
"ZWINT",7.46187926330275,7.4122663862888,8.14772082508125,8.96245340169289,7.79883347609376,9.31818317314135
"VPS26A",9.49012156154758,9.58618477519925,9.72166244312844,9.58928393812565,9.57344211691196,9.66869940996807
"RBM19",9.5246093720587,9.44071530760352,9.69133966292024,9.60527216661579,9.88608296249252,9.63149226405024
"CIT",9.61939651093801,9.63040730777667,8.82687773711074,9.31458953010776,9.41495244988749,9.04262565015169
"IFT81",10.4715530340841,10.4966984693279,10.4716828974577,10.8346454050084,10.4319759084771,11.4280526999776
"ACADS",5.85484684019812,5.51016048524524,5.60065691610817,5.68460767469218,5.82678316373963,5.15195654074678
"HVCN1",5.04742567774093,5.24729833481842,5.33538540566403,5.0909007841773,4.95674843757777,5.40006335275449
"DDX54",7.96658061404491,7.74228866356456,8.23474953725857,8.59832069251482,8.36622061183977,8.49472451004464
"MED13L",11.8993176071909,12.00743016101,12.0933082736691,12.0662011442806,12.0697814943872,12.0590820810281
"CDKN2C",5.70087603390657,5.7368316223205,6.05488661074004,6.5090360851835,5.94799804642505,6.59953871009217
"RNF11",11.7129606937257,11.684421946872,11.3900636261741,11.5220973945859,11.6433630550591,11.3608105124837
"RASSF8",10.0465745477104,10.2146035728167,9.78651027341612,10.3192069994159,9.99977377878279,10.9052749518362
"BHLHE41",6.49303627369584,6.42517175702489,6.41583398350578,6.94503376153132,6.70835702131992,7.08677126760168
"SSPN",6.65375981739783,6.70333499340347,7.18522450335871,7.08653824488785,6.72402496561255,8.05478485436105
"ITPR2",8.50060955712267,8.72939745994245,9.7420479767848,10.2754870567662,8.72707797392366,10.9605645097205
"CCDC91",9.43980557591928,9.49603300340026,9.28826079070427,9.04559589584557,9.11747399482615,9.20945444043128
"NECAB1",7.62073759712291,7.55466948165894,7.35217632584177,6.64465633337608,6.99167538730857,7.31198940754958
"WWP1",9.64313115830042,9.73481966210361,9.82376882759716,9.54943796923908,9.3914932309284,10.0908374581654
"ACOT9",8.69770916277194,8.70721180545217,8.20329953523338,8.68461335455474,8.44830416991838,9.36828555752142
"PRDX4",8.36406493692669,8.22238829450998,8.54871904204772,8.94159492577377,8.28936818020746,9.73313646702429
"DDX39A",9.07107131742683,8.69373400747699,9.29464757019393,9.5262973540839,9.37842589141099,9.23887288389121
"PKN1",9.72572456602171,9.17291465097359,9.67021863269374,10.1388155105826,10.0730857431713,9.90711967824023
"C19orf43",9.57072102596532,9.56540209165439,9.59978514004362,9.87660810610123,10.0372734958946,9.95041182276857
"CD97",5.14109345202186,5.13762512309315,4.86296472820736,4.87127988604197,5.14598214718274,5.25394328805817
"WDR83",6.93556526942794,7.00225076772355,7.25797082264261,7.34530362566354,7.5479271328579,7.27785479706656
"GIPC1",8.48313792825853,8.29573358513945,8.76989350743494,9.28841241548832,8.9951123288234,9.23157444661217
"SPRYD7",8.79994086351907,8.72056428283615,8.35405945616691,8.21520161482096,8.53883685259872,7.57744660476791
"EBPL",7.58817079353714,7.38423491701478,7.68275068519138,8.05031828145981,7.6552779251961,8.61872090139936
"ATP7B",9.44281449952478,9.38178972471936,9.3651177511977,9.16194009568756,9.37842589141099,9.27907410215649
"ZC3H13",11.3678230562459,11.5147754520476,11.3099139100778,11.0116001974124,11.3193026416112,10.8793827781055
"NLN",11.4202461699775,11.4714347675541,11.4470244557809,10.8153131553043,11.2209990011633,10.2069410763355
"CENPK",6.62092605244302,6.69400971602305,7.3355137098602,8.00526570963986,6.73951207025976,8.42204650244722
"OPTN",11.3370465255125,11.2807489735187,10.943088004621,10.7821150787513,11.1244173236473,10.0908374581654
"ITIH5",4.7165496130104,4.77662214806139,4.33057497578978,6.1757212913575,5.26812364332126,5.94713050764567
"ATF1",8.71276679716077,8.47209150018622,8.35814192546247,8.43256820435577,8.30204624176601,8.42204650244722
"TSFM",8.76906808702757,8.91694435555473,8.51623232253245,8.63346271002315,8.70628302304003,8.62542911699738
"NEUROD4",7.61536167932807,7.62320475048297,7.22207310011052,8.6829373718257,7.61085210505094,7.51076291506911
"ARHGAP9",5.0958257135656,4.95891832408665,5.49586482724437,5.54997731954909,5.26812364332126,5.28523604052962
"NCKAP1L",4.80259831140558,4.90491546544878,4.7660846074949,4.64396487703681,4.95674843757777,5.45239055899795
"MMP19",4.60390596466056,4.58878259651035,4.63910910251109,5.80400878913798,4.66714835127326,7.41489349881731
"PFDN5",11.1611042632193,11.0247217493536,11.2361401128353,11.6353630374689,11.4272687671345,11.6866352967917
"SPATS2",9.51320493342528,9.71719592829892,9.88568321377485,9.96872545464042,9.95888150668698,9.800741724027
"ORMDL2",7.68882550855379,7.52424624116357,7.88956606158594,8.08892197206771,7.70604305136319,8.4849163748375
"NR4A1",7.61536167932807,6.80185420069733,7.08857834537339,6.55580973262763,6.89222287773343,6.13809210754304
"PDE1B",9.03361949672067,8.84767674792207,9.18889446867189,8.18703517703851,8.75127183483369,6.27917803362026
"CDK2",7.53216479117351,7.45598363703094,8.01414446739986,9.19285186357795,7.74762087771799,9.68908066316949
"LRP1",12.0560112304976,11.8107338503357,12.8349140115496,12.1153776909017,12.3015351022657,11.7237430974742
"C12orf44",8.85072182485831,8.64320391441081,8.78813386699181,8.84753871941577,8.82325703842479,8.86525022738942
"NFE2",4.33057497578978,4.33057497578978,4.7660846074949,5.73093733123111,4.74232802187034,6.99099058435697
"IKZF4",8.11803452614681,8.30760036652845,8.61156529937367,7.38759701988348,7.65924825659466,7.4201057192974
"SMUG1",8.98073629975401,8.9531943768507,9.10656909142671,9.21271027326648,9.28602252592834,9.05921691820462
"TUBA1B",13.5171238231766,13.4497685663072,13.0872856691167,13.8956286096968,13.5207395081014,13.9787578973502
"METTL21B",5.97189916146181,5.85279833732561,5.83737023149546,6.23608662521658,5.8583162996779,7.01208376966761
"KBTBD4",10.1449545486698,10.123908530629,9.93009225816982,10.3808512151491,10.1602956490156,10.2780395835283
"SARDH",5.0958257135656,4.84495094307666,4.63910910251109,5.3049269085433,5.20943279770974,5.34453517938545
"ATPAF1",10.2729755402648,10.2371860003864,10.0878628482733,10.2587441696899,10.1630675632765,10.4872185452807
"STIL",7.44981580957809,7.57953014147469,7.68928444166657,8.2221573485486,7.73264244605026,8.388230479572
"HJURP",6.59857684600822,6.30493497245368,7.44819344488401,8.18466272346384,6.93287609499554,8.49472451004464
"IL13RA2",7.58266920398658,7.43429514159085,6.71054607635312,7.42459969106249,7.22092843407769,9.96103471092791
"AMD1",10.9876969022627,11.0233785281535,10.895604244676,10.8387813507061,10.8683645374225,10.8007669286718
"NDUFAF4",9.89999146064264,9.88047361068098,9.44766184351431,9.42882994723022,9.54076495614395,8.6453676721399
"USP45",8.95776370220868,8.8415812317495,8.85310131906389,8.98165206825277,8.70246955679619,9.19301428746166
"PLP1",9.30243196170721,9.28936376059437,10.2940995515432,10.2096414923213,9.59310976444183,11.4293278459049
"MORF4L2",12.546280404293,12.5546904785476,12.312718493335,12.4264147322992,12.4559744394842,12.3101997023436
"RAB9B",10.3113238271518,10.3321164195316,10.0430761108703,9.65646789811103,10.0433043239877,8.85387849985259
"NRK",4.87482195210638,5.17594971784969,5.0153475618871,5.70027502758029,5.42310223496893,6.05371984338478
"FAM199X",11.1184926531052,11.1469410939385,10.8942043191431,10.8961945783889,10.9608529924591,11.0227106368375
"RAB9A",8.04431735647471,7.99513266426283,8.52714319831692,8.9373866741555,8.31210843498759,9.44726067958056
"METTL8",9.15239474412405,9.25922007618236,9.38320840549635,8.90757890178793,9.06354665946576,8.78568773315671
"TTC21B",10.0356599577441,10.1764306427061,10.5023312333533,10.079665031558,10.1428493922293,10.0507902298934
"NMI",5.18373077138573,4.58878259651035,5.29031095099465,5.0909007841773,5.03903521958369,5.50195500208462
"TNFAIP6",4.33057497578978,4.33057497578978,4.33057497578978,4.33057497578978,4.33057497578978,4.68467332000649
"ACVR1C",5.89520136979655,5.69527237656877,5.3782345210694,4.87127988604197,5.20943279770974,4.88837907797739
"BAZ2B",12.878327938281,13.0093488819231,12.8301637581001,12.4073027885886,12.6223970818287,12.1681172953131
"SLC36A1",9.04555205928148,9.21749826545531,8.97749001891469,8.57319896887432,8.96361959405544,7.67625765763734
"LPGAT1",11.6667774928232,11.6764683244,11.1952328143627,11.301216489634,11.4757207457368,10.6992343420614
"BATF3",5.5207400332063,5.48441204341114,5.33538540566403,5.3049269085433,5.20943279770974,5.22140032273235
"KCNJ2",8.08745859130208,8.27472691615526,8.07506041228118,8.21520161482096,8.18642227683518,8.59613097492842
"RAP2C",8.89537924280543,8.89356954853587,8.69452362345421,9.12789076659748,9.13736318391428,9.07887711853843
"EXOSC9",9.14131947832749,9.06201441064629,9.0846158100354,9.34771220024483,9.08419002083006,9.3168045603799
"PLA2G12A",9.79091430910271,9.75547170577272,9.44766184351431,9.13647892555779,9.25775313162315,9.07071799425663
"B9D2",6.52916670743809,6.29226341962715,6.77503369616368,6.94503376153132,6.513522034208,6.91074633659562
"ADCK4",8.4977123644544,8.2161029397298,8.48299253765297,9.1810411622449,8.95723743288725,9.38285079612583
"PFKFB2",9.13388832793336,9.25464358743583,8.61497734050846,9.34771220024483,9.15279981108715,9.68267556717518
"ZNF137P",6.14437114006863,6.24026434647469,6.44847108684433,6.55580973262763,6.36884173554423,6.65516992011782
"RAB38",6.33753079965724,6.48132831963925,5.41912560421338,5.89887096339096,6.65202739144907,5.99399275429218
"GPR83",5.49214979402744,5.45795213323723,5.33538540566403,5.4150421589993,5.37441071259404,5.3153992589889
"AGO2",9.63657732296281,9.41907015852302,9.91359878523495,9.56223617219842,9.49967073203219,9.34683325030472
"MXD4",9.5775806536473,9.32180875805441,9.56851241665407,10.2975127195236,10.4388538179622,10.0458091487397
"PMS2P5",6.75771729922596,7.09591621670021,6.67031052339294,6.74132882678262,6.99167538730857,6.58046374046774
"CKS2",6.97022010436025,6.70333499340347,7.8318023376384,8.09399110690924,7.32023968222131,8.67368750799541
"DAW1",6.02629639048941,6.2134331229608,6.18054720532947,8.02132969297746,6.25130538879973,9.04762315352636
"ACSL3",12.5620926014978,12.6751883714874,12.2674841336541,12.0046195639151,12.3224466440261,11.5089796996146
"CHPF",8.52642419646877,8.11834614368255,8.49415830819509,8.43854598406872,8.72707797392366,8.1229283008828
"DNPEP",7.46787238298213,7.25375484327826,7.74677010774564,8.00257068731471,7.52631239207789,8.45759277300808
"INHA",5.6018543074561,5.45795213323723,5.0153475618871,5.45558649408591,5.91887334582027,4.98896808752624
"OBSL1",9.76110001574184,9.17936891774307,9.85145482615518,9.98849568619539,10.0913914833328,9.53995889698491
"FAM124B",4.87482195210638,5.17594971784969,5.56693702969189,4.99090412180236,4.86095996838829,4.88837907797739
"SLC12A4",7.01234157832621,6.68461897403412,8.27851112581537,6.77423290581552,7.03572703226692,7.388537870084
"ENKD1",7.0612404615827,6.63664771748306,7.09855240093192,7.63524574948286,7.15434627732596,7.92253524850315
"HMGB1P1",4.80259831140558,4.33057497578978,4.33057497578978,5.63615875497389,4.56883750728876,6.17818765351574
"FAM210B",8.38304045874428,8.3541074292864,8.84150542723184,9.14379962886681,8.92979271367827,9.79679338958531
"SNX21",8.66968657692485,8.48258855057135,8.46039665322925,8.46025361903124,8.80559602478546,8.66936680738772
"WFDC3",5.26254826080776,5.09718127405855,5.29031095099465,5.63615875497389,5.29596108369109,6.3150496424646
"TTPAL",9.99423438267393,9.95753963990719,9.72639245739729,9.79842587063871,9.62865146313449,9.93253117166098
"PREX1",10.7504695264539,10.5461798084234,11.0594431773705,12.4898273001367,11.1126386963909,12.8153722225563
"KCNS1",4.87482195210638,4.90491546544878,5.0153475618871,4.95373220111794,5.07654591073903,4.76371589021208
"SLC12A5",10.2482645600141,10.058072202895,9.7849997086218,8.80196125077407,9.69049742223893,6.42781852490384
"SDC4",5.04742567774093,5.13762512309315,5.33538540566403,6.23608662521658,5.26812364332126,7.15762512229537
"NCOA3",11.0101676017199,11.0924728663222,11.0556912893671,10.7243510041423,10.9900198029582,10.4606457740224
"PIGT",9.471090065067,9.28936376059437,9.18201965184832,9.5476003377373,9.53328252325159,10.2276151739219
"NCOA5",9.831644545517,9.78431940367108,9.59116614399892,9.9680388627361,10.0067350126202,9.88961744249228
"VAPB",10.7358345147481,10.7799749845586,10.916441697757,10.5095498123663,10.6702700600162,10.5270753154642
"PARD6B",8.81629392101001,8.99405729168664,8.75760331881909,8.72588951096918,8.76960909262907,8.73698473943939
"ATP5E",11.3606871267283,11.3023222708831,11.3271342812284,11.4887502954313,11.5011304505832,11.2962327989578
"CHD6",12.2026712469166,12.2520051044984,12.2160313041099,12.312623981577,12.3881666350044,12.7314167727108
"PLCG1",11.0604612905621,10.8897061509814,11.2694550922177,11.4413236363609,11.3907918018002,11.2435651229093
"TOX2",6.4305009759227,6.61696431031565,6.72369361431858,7.08653824488785,7.17689695338959,7.388537870084
"SRSF6",11.4789087035618,11.5518918804511,11.4460694235383,11.8879148426856,11.5807506765392,11.8368862822078
"GDAP1L1",10.6336202866384,10.4299955063193,10.4288114693756,10.4048909497321,11.0578529317024,8.67799524464094
"ARFGEF2",11.2288598510134,11.1465298609094,10.9639227598597,10.7537213487971,10.8944478259446,10.7470637838221
"ZNFX1",9.65355568162809,9.7619323928998,9.69617009451278,9.91059541540207,9.91350639206912,10.4430755717758
"CSE1L",11.5565995485343,11.664167806018,11.439366435285,11.5190548975869,11.4865469507328,11.3961282204948
"RAB22A",11.1005181334374,11.0618329138956,10.777564300692,10.4967563766429,10.7191102923041,10.6790062901814
"PTGIS",8.01616840558309,7.85619776121262,7.14737131843771,7.32366780413866,7.77711121507535,7.6805890691043
"STAU1",10.9820241011715,10.967666567734,10.8906985493122,10.9183927910373,11.1187184845369,10.6354703548167
"CDH26",5.81299943796065,5.6520241287847,5.41912560421338,5.20526093226038,5.51344929562775,5.25394328805817
"SNAI1",4.99520527768772,4.84495094307666,5.88936033417274,5.3280834021818,5.42310223496893,5.22140032273235
"MOCS3",7.96658061404491,7.99145094190824,7.92313041789343,8.23825698874332,8.19460977828675,8.09735108405167
"STX16",8.33836663722997,8.62910859222468,8.85021110553315,8.17034468079859,8.33695871293833,8.4246149719629
"PPP4R1L",7.0771618631557,6.91767973622659,6.67031052339294,7.1814751206461,6.97235471318137,7.42529865342838
"PMEPA1",8.92367990175689,8.80445499341524,8.77904263540914,9.32535773924337,8.86988525723704,9.82711375113803
"RNF114",9.60469715082881,9.48044353484854,9.50935410664662,9.64705986628676,9.65252588033268,9.56571578856142
"DDX27",9.38610556689202,9.2346422697425,9.14006648893158,9.27957986484281,9.30623894063602,9.53404027231434
"BCAS4",6.29551855050175,6.31748106638303,6.25772181162451,6.66596874216255,6.87839785072055,5.94713050764567
"NEURL2",5.6525384434395,5.24729833481842,5.56693702969189,5.94973919615279,5.91887334582027,5.81198514857821
"MTRR",9.28241204623931,9.26529951733079,8.95345832344914,8.9952101602762,9.06354665946576,9.15493680664389
"FASTKD3",8.37674317942589,8.31936955677578,7.99324667467734,8.21752395515374,8.17267132180461,8.08112939298979
"PEPD",9.04555205928148,8.63617355566335,8.97218424115071,9.44372898179605,9.30498369725566,9.59215997227397
"CHST8",7.0451330407818,6.29226341962715,6.34796986470843,6.55580973262763,7.39872123984883,5.73777627602365
"IQSEC2",7.1390734122226,6.86100086831046,6.82449048673678,6.84391681936885,6.82164699980973,6.77661481002274
"VAMP7",9.28409104649794,9.37055574876253,9.11140244211204,9.14744606200707,9.13029141831288,9.30294534150951
"STAMBP",9.74534934734069,9.75223046829007,9.83694956284837,9.87074236915466,9.89277913317022,10.1012781269036
"NAGK",10.3030735637127,10.1924590273198,10.2400131741752,9.92552600529836,10.2019990280019,9.7798912356328
"MCEE",6.80682798154666,6.86100086831046,6.9628925018021,6.80635310863938,6.62713795454819,7.01208376966761
"PAIP2B",8.85298795748274,8.8375031438208,8.65198398976558,8.36720331224614,9.07243010928637,7.92981055186659
"SNRNP27",9.0554208037981,9.07937681733752,9.33031373473615,9.13280456041732,9.0456134792976,9.1300276298855
"MPHOSPH10",9.1851181449304,9.30124670816547,8.87885499257802,9.12542756298105,9.38200148678353,9.10787268429672
"ATP8A1",13.24984806063,13.301594729742,12.1339048041787,11.8309247145123,12.1621889610518,11.7387344854967
"USP22",13.5133750443024,13.3295768805585,13.3605821175317,13.4969093372701,13.8031326724244,12.9628832898429
"HIF3A",5.97189916146181,6.49227442759739,6.11933501176659,6.41867436581111,6.05777184720114,7.00508864209275
"ZNF576",7.79707923979468,7.45059282337976,7.68275068519138,7.65605657597473,7.6671556408761,7.54449906108898
"ZNF45",9.07301571445666,9.07764997547205,9.118622161933,9.23572766287708,9.0958545881911,9.43078923166896
"LYPD3",5.0958257135656,5.17594971784969,4.33057497578978,4.33057497578978,4.95674843757777,4.33057497578978
"NDP",5.43226952355336,5.71625300812078,5.88936033417274,6.46873913714878,6.20569266903883,6.16496703674859
"USP9X",12.8118639543456,12.8263489522133,12.8013290125188,12.6773207745946,12.7349290403041,12.7070484787213
"CRISP2",5.22411723473243,5.00838899562681,4.86296472820736,4.33057497578978,4.33057497578978,4.33057497578978
"F13A1",4.33057497578978,4.58878259651035,4.33057497578978,4.55239249687834,4.74232802187034,4.58127373257168
"GRM4",7.14662114384871,7.26613346708606,6.71054607635312,6.64465633337608,7.28446871963351,5.28523604052962
"TRERF1",8.86201692588972,8.97191248858325,8.98541216167722,8.6979512528077,9.0797913109447,8.22679405530618
"PACSIN1",7.73411488001588,7.52424624116357,7.24013763794434,6.13377621276322,6.8990831194017,5.15195654074678
"BTN2A2",7.3493827656466,7.27840315363716,7.45590604430278,8.37968859912342,7.45482713624656,9.3642875178851
"SIRT5",8.99311383673768,8.95507719042488,8.81209961871537,8.69629077530941,8.78771523027141,8.78169162450539
"HIST1H4B",9.05345246358386,8.44282183317067,10.0606588783785,10.3885670987543,9.25515544578897,9.9521877493592
"MRS2",9.1633854251255,9.20173360768444,9.22278445398309,9.24936347813048,9.17633541602329,9.51853706914684
"WRNIP1",10.17510552769,10.011847283373,9.94639914350564,10.0960962700196,10.3289911989534,9.89146982299723
"RRP36",9.89999146064264,9.85148735635476,9.57552081011551,10.0866395770392,9.96286424904966,10.1897341829691
"BTN2A3P",5.89520136979655,5.77685464919912,6.3126379774091,6.59355663474754,6.03126530424217,7.52048453789093
"SNRPC",9.43225564995682,9.16480589922472,9.29888973713469,9.71084083181169,9.57864390061998,9.5715059570082
"SERPINB6",7.32310766257761,7.17049332813552,7.50874119576164,8.24964675285185,7.58601778618675,9.03761072438037
"XPO5",10.7715495341916,10.7445439441126,10.7336222677798,10.6797716403408,10.6731892565768,10.7155286018744
"ABCC10",9.15239474412405,8.94942133757454,8.88733802173831,8.89750404199127,9.20488728664812,8.63875221389143
"HIST1H1D",9.16884944914367,9.08110158900792,9.57726759434378,11.2089558989661,9.67504020799658,10.8439612400268
"PEX6",8.77863825715064,8.3339462476181,8.84150542723184,8.90757890178793,8.84243669548744,9.21538642544446
"NQO2",8.28217602211833,8.51873455296006,7.99324667467734,8.52721447592187,8.56007732317955,8.24727223557794
"PRICKLE4",6.84487119178406,6.53516475243763,6.94077887024594,7.03918568086747,7.13718924578107,7.20089795596581
"OARD1",8.85072182485831,8.87578558812551,8.83859177605447,9.12665969185088,9.06057327763718,9.00029043092283
"UNC5CL",5.18373077138573,5.17594971784969,5.13786241172375,5.23135019106063,5.23931319139556,5.47749470033185
"AARS2",9.15973118315238,8.93804245124898,9.21831162784639,9.35087755159899,9.47867546566633,9.23011030807532
"HIST1H1A",4.60390596466056,4.69525161239808,4.33057497578978,4.91404266993799,5.17836802896297,5.40006335275449
"ZNF391",7.34286011609801,7.43974874141735,7.03759706541257,6.72119283924033,6.94616259821542,5.91480976668293
"RPS10",6.60979856227587,6.53516475243763,6.86043252493434,6.57103832417983,6.8853279124242,7.13865823321848
"MOCS1",7.41919597398627,7.20310972633089,7.0271704621372,7.39175697258473,7.37466490983108,7.03285808344634
"HIST1H2BJ",8.04032994299301,7.45598363703094,9.60321835291775,9.76481889707083,8.43225937392801,8.87653269119611
"MED20",8.38617874576254,8.43202834479863,8.68481806014692,9.09930610414443,8.61590372944342,9.30850504803641
"TBCC",8.96615989634526,8.82519898215955,9.0673063941228,8.98301364370541,9.16392335034251,8.07458872633557
"SPDEF",4.99520527768772,4.95891832408665,4.33057497578978,4.71402308857299,5.03903521958369,4.94087121374919
"TCP11",5.18373077138573,5.09718127405855,4.94418431550225,5.12120644125242,4.99924798284876,5.81198514857821
"MAD2L1BP",8.68758229762323,8.77062879715972,8.57699109984022,8.64383968776464,8.87327976153987,8.64316590535277
"HIST1H3B",8.59307457615746,7.90403269295821,10.2222680847139,10.8462710011898,9.11030355867738,10.058229730483
"KLHDC3",10.7793014424395,10.6315334308917,10.6923324611736,11.0288162585807,10.9735381082609,11.0044318765159
"GNMT",5.83411797820783,5.77685464919912,5.96317797384801,5.49445599134623,5.8583162996779,5.54910236469605
"DNAH8",5.49214979402744,5.40267998277688,5.56693702969189,5.45558649408591,5.03903521958369,5.8297852851543
"TREM1",4.7165496130104,4.33057497578978,4.33057497578978,4.91404266993799,4.80549449477315,5.881557447727
"MEA1",9.71953660687733,9.56540209165439,9.37318611230145,9.85002223884046,9.87259656821199,10.0357950563363
"KLHL31",5.46268370782665,5.6520241287847,5.53204272811162,5.60255728389094,5.55563637036578,5.77550668699715
"COL21A1",5.76951971169128,5.31286008562374,4.86296472820736,9.86780052468927,6.00415649635366,11.5526370138502
"CDKN1A",8.76425898750754,8.46151701385177,10.8637725224706,10.331001180343,9.59926523175762,11.074160324281
"SOX4",13.0462403612399,13.0158921786251,13.2786004319855,12.9984886337401,13.1567319210233,12.0974870823781
"GLO1",11.0432306197081,11.0903362972326,10.9916788281243,11.3428437928904,10.9560671645569,11.4926045863355
"CPNE5",7.41919597398627,7.3498397812423,7.4247982507733,6.40154607385148,7.38433704713278,5.40006335275449
"RREB1",7.00402004987821,7.25375484327826,8.31258139993345,8.44449893134492,7.56073865313527,9.22276719298563
"SSR1",10.8963358662032,10.9953348382691,10.7622980371643,10.8034342930785,10.7176971725648,11.0996134965928
"RIOK1",8.91286086175524,8.96632259343604,8.53797169085479,8.57500803822539,8.89013307157339,8.31533747103444
"NRN1",10.9876969022627,10.8699131074862,9.93418630645876,10.2223626903024,11.1083316002009,7.80868786012119
"SLC35B3",8.36406493692669,8.30760036652845,8.47550008213014,8.27215772536701,8.39489652046429,8.78967275773372
"RPP40",7.17640770575393,7.08893281579373,6.89544820275353,7.1958881982195,6.97235471318137,7.35078694996982
"ATXN1",10.7431705832285,10.6806488584051,10.8850715333924,10.8644579404233,10.9841550791027,11.4602219231361
"NUP153",11.1900217624761,11.2546567512244,11.1878246839577,11.3003988304912,11.3313636016793,11.3561248691762
"DEK",10.7315378460645,10.7735973792731,10.7956730483771,11.4733558667634,11.0159283046443,11.5546833385422
"EEF1E1",8.07192140142713,7.94651162791852,7.68275068519138,7.8337930208669,7.77711121507535,7.73572379093135
"RUNX2",5.54851785949931,5.13762512309315,5.98677983682015,5.54997731954909,5.26812364332126,6.37267378303614
"LRRFIP1",10.0485501710926,10.1561412944237,10.1384140922193,9.97966668233848,9.92580117567724,10.4272049228874
"RAB17",5.29925920898593,5.51016048524524,4.94418431550225,5.17826991240815,5.23931319139556,4.98896808752624
"CXCL6",4.60390596466056,4.69525161239808,4.33057497578978,5.45558649408591,4.56883750728876,5.81198514857821
"MYRF",5.5207400332063,5.28072429172865,5.83737023149546,5.60255728389094,5.55563637036578,5.28523604052962
"AHNAK",12.1656183712699,12.0933606680177,11.4791249805216,13.8641135481371,11.8084363569406,14.9281035288968
"EMC3",9.69451558006296,9.76085762106256,9.48536553940257,9.88826844960231,9.73496705072022,10.1274466962641
"SSUH2",6.07831789081791,6.06976574579927,5.91449335713677,5.68460767469218,5.55563637036578,5.28523604052962
"CNOT1",11.4981853518291,11.6245586735905,11.857605208086,11.9256965695345,11.6416255262013,12.2794203022661
"LRRC29",6.00844026539826,6.05442078166421,5.98677983682015,6.01035734573399,6.04459192115025,6.05371984338478
"BBS2",10.2872668124115,10.3284948265944,10.3816319948986,10.9576467769976,10.5911911467288,11.102813742852
"MT2A",5.54851785949931,5.17594971784969,5.53204272811162,6.47689875896768,6.04459192115025,5.86456156907527
"C16orf70",8.94507676775659,8.82107407206567,8.82981521066513,8.81884130430585,9.01828742588139,8.502036828472
"GOT2",11.0192602089475,10.9953348382691,10.5714083944934,10.767199178536,11.0406263678934,10.3267600739256
"DOK4",10.3170710530944,10.0306938186831,10.0631532878899,10.1228666570276,10.8392040325507,8.65195278153725
"CLYBL",6.19167384472197,6.49227442759739,6.21973164683618,6.86839349283165,6.00415649635366,7.13227778960985
"TMTC4",10.8312818145758,10.7445439441126,10.9185089816178,11.1709896722585,10.9974143847765,10.8997656230703
"RAP2A",12.0379828281939,12.009014429531,11.9605046415026,11.8906336644648,11.8306109784206,11.893878956353
"ABCC4",8.0680105217294,7.8316627210426,8.70736316348302,8.35460821242429,8.30708618189687,8.2030255287367
"EFNB2",10.9480397759242,10.8457972530978,10.585356094229,11.7946115847791,11.0360984405922,12.4574571252724
"SOX21",7.47384006337657,7.57953014147469,7.96668587520299,7.38342468393395,8.01196563195928,7.54449906108898
"TM9SF2",11.5014333118923,11.5651834181126,11.2775307759926,11.7948051192946,11.495919340066,12.1870859728806
"C17orf53",6.33753079965724,6.26653250017841,6.41583398350578,6.83151094080255,6.29531752794964,7.10645774094267
"IRF1",5.57553933579376,5.77685464919912,6.73671357377245,6.34874784099573,6.01778816310778,7.15133162417071
"UPF3B",8.03232150805896,8.12507557929939,7.68928444166657,8.26992250355276,8.42532765385363,8.375008746827
"RNF113A",7.9238963428382,7.63272951889504,7.62936499745985,7.71341057016687,7.99954014910263,7.34530990145589
"SEPT6",10.8803453517059,10.8543844732456,10.456585318028,11.07161745181,11.1894049270136,10.0770691848511
"TMEM255A",7.00402004987821,7.11665715258327,6.54174004934149,7.03918568086747,6.74718918806888,6.94780536040062
"NDUFA1",9.50170948542293,9.26681537460295,9.31991508587784,9.58481109382575,9.45962725792425,9.37359906869622
"ATP5S",8.59578559098937,8.59082991094729,8.47173911795696,8.51029238170292,8.25847445877537,8.66068619897956
"BMP4",5.0958257135656,4.69525161239808,5.63329680407505,5.88579523582229,5.17836802896297,6.59953871009217
"FAM193A",9.76711242144086,9.87750192144405,9.99685327683028,9.58570677428282,9.84610203064948,9.42184134219123
"GRK4",9.30243196170721,9.30567764957881,8.87317169905804,8.65926583899418,9.24864064903882,7.88184212728081
"SOX9",8.62527354312051,8.5084997679839,9.51483365483742,9.17271562195365,8.80559602478546,9.62259622161932
"TEKT3",5.49214979402744,5.51016048524524,4.7660846074949,5.49445599134623,5.70876948923922,5.77550668699715
"HS3ST3B1",8.35448204461937,8.31936955677578,9.6864929844304,8.23596810912026,8.30959951149806,7.84765914901282
"SLC25A35",5.5207400332063,5.05426032044833,5.41912560421338,5.37262261357025,5.4465120496375,6.00920807852439
"MRPS7",9.34969435007194,9.15173610892029,9.30522964299305,9.62283122685404,9.42191634181972,9.85870437921206
"GGA3",9.27060389541086,9.0845449416309,9.04221169520246,9.05468800666774,9.31624168473594,8.74726826619256
"ARMC7",6.80682798154666,6.87743702785821,6.68385737112564,7.02303275895578,7.14293189495132,7.07348929612911
"NUP85",9.17066619018199,9.0845449416309,9.08952334658304,9.58301806066733,9.28602252592834,9.46976072319164
"SLC25A19",6.9787484957864,6.82751949701701,6.55665892062138,6.65179842733786,6.67646014042819,6.59953871009217
"MIF4GD",7.14662114384871,7.09591621670021,6.79998829512151,7.90488060656855,7.60262243590723,8.11975609815991
"NT5C",7.21992247057651,6.93345017433381,7.30158068721242,7.73961738834925,7.41295937702227,7.80868786012119
"MSTO1",8.15166742943762,8.14176170676316,7.98268170929863,7.98356144345384,8.15878673236071,8.25017389671768
"C1orf61",12.1146860295896,12.075974664056,12.6348871490186,10.2514281039672,11.4381773869974,8.8519744336651
"TTF1",9.07301571445666,9.01586628446346,9.03459711917213,9.04819951091291,8.99822400252426,9.00200798154687
"GTF3C4",10.9825407332661,11.0398581402367,11.01698267326,10.9055451332244,11.0140108212701,10.7113412226576
"DDX31",8.6951841343469,8.73159729162285,8.94264728331416,8.76284354155449,8.81268649943107,8.9442168808762
"PPP1R12C",8.57670003068496,8.05982747804389,8.57348741302646,8.71116639951409,9.00597386034892,8.19099138957331
"MBOAT7",9.01553297461723,8.98487169429212,8.67177440372227,8.93457431490638,9.04109503417977,9.1300276298855
"OPRL1",8.86875162420893,8.52382468248111,8.46039665322925,8.45239792323193,9.10886517354124,7.20697117667511
"SLC2A4RG",6.63196100526831,6.24026434647469,6.71054607635312,7.42459969106249,7.22633559280886,7.1886712995919
"C20orf195",5.18373077138573,5.2124335202594,5.0153475618871,5.4150421589993,5.26812364332126,5.50195500208462
"PPDPF",7.49746075667521,7.04627361157714,8.14772082508125,7.44873701099171,7.80957118629394,7.07348929612911
"PLGLB2",6.00844026539826,6.19979772223188,5.96317797384801,6.04529202176455,6.18224393265002,6.15160304901779
"CHCHD5",6.68580357978683,6.58688018095247,7.14737131843771,7.1222768919252,7.17689695338959,7.11295807452319
"PAX8",4.80259831140558,4.90491546544878,4.7660846074949,4.33057497578978,4.33057497578978,4.58127373257168
"INSIG2",9.28744318416097,9.20173360768444,9.56146976290134,8.89894763770872,9.13877337621301,8.93884612913486
"POLR1B",9.5624461256505,9.62332765753382,9.82964181855436,9.42683171310674,9.43229944790775,9.44094778023322
"CCDC93",11.0202669696126,11.0017151115481,11.0111825993481,10.9240663330556,11.1162181450318,10.7613112470012
"PSD4",6.51723368027146,6.74901254157243,6.51138402021999,5.91179944389842,6.25130538879973,4.94087121374919
"SLC25A23",9.83279152042011,9.85853759482996,9.40107461657889,9.35298392678802,9.68472038019127,9.22570893573207
"PSPN",7.16159439458307,7.25995789712136,6.91830170473145,7.24288030421585,7.51318256092913,7.38320676776276
"GTF2F1",10.1008936393341,9.89719842839801,9.87720201753689,10.3926654176659,10.3649457093289,10.2595157377911
"ALKBH7",7.02883500481642,6.72179300651678,7.4247982507733,7.40416328095667,7.47755893523241,6.71726694632154
"CLPP",7.83448214704925,7.4122663862888,7.84354444978498,8.01332033248237,8.15878673236071,7.53494230908478
"TNFSF9",5.40082433975998,5.43072800972915,5.19204933581343,5.20526093226038,5.46935070319513,4.94087121374919
"GRIA3",9.85215172595079,10.0217499997368,8.93175434153875,8.80196125077407,9.4797881422926,6.9032122694239
"THOC2",10.6532237230753,10.7043138594906,10.6753167725352,10.8026645449261,10.7158108565915,11.113165778399
"MED1",10.4357773806897,10.5530233286218,10.5783991055955,10.5723197677869,10.5782715699149,10.6293800562184
"RPL23",12.2835026986957,12.2024231364484,12.6088821267562,12.9506541397903,12.5689408373846,13.150167845669
"ATG4C",8.47726641310471,8.65716216897925,8.58745111393544,8.2788425118065,8.44602302521782,8.43738870961499
"C3",6.35123217836489,6.35439345161833,5.75456202992873,5.94973919615279,6.19402372481779,5.9629602809734
"SH2D3A",5.72424503540458,5.53524434648493,5.07933519419276,4.91404266993799,6.07080875752555,4.33057497578978
"TRIP10",6.07831789081791,6.24026434647469,6.38235023120535,7.22894857757171,6.66022149182736,7.60508765235972
"GPR108",8.43547824860969,8.24725699666395,8.32931711803172,9.04037448580105,8.70628302304003,9.20051037087257
"FOSB",5.43226952355336,5.05426032044833,6.46448655819503,5.35063533644267,4.95674843757777,5.3153992589889
"OPA3",8.43850386345387,8.22864613726104,8.00894867808749,8.45633115326406,8.36138496906497,8.61423127441146
"SNRPD2",9.94523420536341,9.78114247185731,10.13367533322,10.284337735571,9.97868608459249,10.3288117541825
"RTN2",9.31398296671504,8.98487169429212,8.97218424115071,8.99790650815583,9.52360478995833,7.8047312544377
"EML2",7.34286011609801,6.79318972059234,7.40100650295854,7.07093402566131,7.13718924578107,7.31198940754958
"VASP",7.56603455452022,7.13709168804272,7.41691240853898,8.03984503925376,7.5175727858162,8.29019094304986
"SYMPK",9.5624461256505,9.33776114432522,10.1085380507258,10.1308631370199,9.74517961568312,10.4506318863135
"GPCPD1",10.4693428700324,10.5374226414033,10.3130844661732,9.93960326187308,9.94686682753694,9.43714671615689
"SDCBP2",5.79147317606317,5.43072800972915,5.41912560421338,5.54997731954909,5.81067810207035,5.61588662529712
"PANK2",9.89450959117179,10.1305793854832,9.87294263166118,9.91914610858816,9.9110348008929,9.99157837098357
"TGM3",4.80259831140558,5.00838899562681,4.7660846074949,5.28112095084593,4.91093888395682,5.25394328805817
"GNRH2",4.93817568778476,5.31286008562374,5.41912560421338,4.87127988604197,5.07654591073903,5.15195654074678
"FAM182A",6.20704769793219,6.2134331229608,5.98677983682015,5.25661469107151,5.11210946503177,5.59411117987997
"CD93",4.60390596466056,4.33057497578978,4.33057497578978,4.71402308857299,4.74232802187034,4.58127373257168
"GZF1",9.46518326838979,9.35353873276358,9.21606999188072,9.14744606200707,9.33849697587482,9.31404336851494
"NAPB",12.0574830455189,12.0327945376015,11.2048633160437,11.3796953031707,12.0320046872183,9.83675999736168
"CENPB",9.2047555698784,8.97377096881457,9.02694202014253,9.61933649251355,9.44830361650736,9.43078923166896
"PSMF1",10.2379141455728,10.2309916083921,10.2088144647543,10.4508182201661,10.4250650380399,10.4693512453461
"DTD1",10.8122260329297,10.7418239705294,10.576654602057,10.5000841065841,10.8348655619412,9.66220286852171
"RBCK1",7.75378797125387,7.42332398013186,8.20783497667597,8.18228632444168,8.03953315681097,8.20601829769583
"TMX4",12.6956888231971,12.7371288002866,12.2238532625266,11.9309889264321,12.3662402678498,11.3638146944972
"STK35",9.20120499973756,9.13024122869852,9.17511183834421,9.32964257461733,9.25125010677828,9.26054876739282
"SNRPB",8.74729920912343,8.47209150018622,9.17280184623681,9.15712495262734,8.93142169149292,9.20498935292968
"NRSN2",9.4382987535682,9.20014760361899,8.71055519067675,8.86241555771656,9.31624168473594,8.64316590535277
"AP5S1",7.87989202519444,7.37856072812948,7.50874119576164,7.99445490304425,7.99014941412436,7.80868786012119
"RRBP1",8.11803452614681,8.00612109597467,8.15713539366096,8.9992527888271,8.27142801894521,9.92712343766243
"BMP2",5.89520136979655,6.00716920758814,5.41912560421338,6.5090360851835,5.63503194179442,6.84138999912851
"ZNF133",10.031670438487,10.0324759432174,10.1121560358225,9.88245006887978,9.96445427002522,9.31542462635113
"FLRT3",10.3889930903559,10.49152612744,10.7499676056147,10.2754870567662,10.4883137844834,11.0939959239219
"PCSK2",9.98497940381223,10.0226468827047,9.70897263927468,8.75648466552255,9.58382697032583,6.99805770896564
"MKKS",9.97462592186617,9.9443470789281,9.58075482190222,9.66072405355538,9.69049742223893,9.47223916918279
"BFSP1",5.9531937412958,5.97458977678836,6.00991838444328,5.73093733123111,5.84266003333913,5.7938961322474
"DSTN",11.4851198849521,11.4512653305883,11.0348796275836,11.5916974862924,11.4779481394052,11.7174939041612
"LAMP5",6.87271940713298,6.63664771748306,8.32515149771504,7.40827444694496,7.88592779193738,5.91480976668293
"SNRPB2",9.98084693001903,10.0315851563303,9.998157460385,10.1491490217039,10.1130559086806,9.90069618489304
"MGME1",8.3576834732361,8.46681400830921,8.71691803825858,8.44449893134492,8.30708618189687,8.87465841980021
"TBC1D20",9.68819184567839,9.63510782238954,9.5184751413448,9.82597151037258,9.7889155862531,9.8415590179964
"ITPA",8.36406493692669,8.2777468188277,8.38639790174872,8.4124602172064,8.33202305094227,8.31256513380369
"MCM8",7.95814552402036,8.19068144629386,8.59092090787808,8.96521181076517,7.98385436074853,9.22864467878167
"TMEM74B",7.64731463068176,7.46135385014444,6.69726825935597,6.91606405592489,7.91932429112947,5.34453517938545
"FAM110A",6.37820212442732,6.27946357496297,6.4803071669202,6.40154607385148,7.09036942125385,5.99399275429218
"MRPS26",8.38931017155583,8.20978982772904,8.51623232253245,8.50839976284913,8.70055901923613,8.40133127865555
"NCLN",7.91083738640365,7.57953014147469,7.97203780474367,8.11658201929419,8.22689868447515,7.72737996107839
"CITED1",6.8354600493058,6.80185420069733,7.00607707526862,6.89243729035956,7.05418286515398,5.65810362455486
"HNRNPR",11.9775898287604,12.0988972295129,12.022039666612,12.3036758313444,12.2415135284872,12.3270578144687
"ZNF436",10.7241422170577,10.7973693695943,10.6866828411263,10.8666692353008,10.7894030190331,11.0847192945201
"MAX",9.61406862449296,9.53679846623154,9.46475074526939,9.34559809371799,9.66431636573103,9.06251233281305
"ARMCX5",9.08847700654475,9.25464358743583,8.89296569000798,8.916158654783,9.11747399482615,9.06580021591101
"GDF5",5.26254826080776,5.09718127405855,5.69565584988958,5.3280834021818,5.49165273270531,5.42659714675519
"MMP24",11.2244987305522,11.0026242796822,10.8990981255928,10.3694593774443,11.095695274647,8.47504067475273
"NECAB3",7.98745233420534,7.63272951889504,7.97203780474367,7.80928422984062,8.02734668809823,7.66755485403753
"ID1",5.49214979402744,5.05426032044833,7.01666422632071,8.20587433992419,6.66022149182736,8.7956296465034
"RALY",9.9054525609009,9.76085762106256,10.0656433889863,10.5960604056475,10.3870444795574,10.3962347927266
"DYNLRB1",10.5956233026884,10.5044223644347,10.122955833122,10.4175166165287,10.6116247162418,10.2501638053726
"EIF2S2",10.6661461971493,10.6226896688135,10.5404192171863,10.676413996267,10.6707570032801,10.6693246504401
"ERGIC3",11.2742948028074,11.195456913995,11.2667531194504,11.8574793677677,11.5022251318649,12.3091611452524
"ROMO1",7.77319182083642,7.19664743352791,8.10456986944914,8.46611726391436,8.19732855478766,8.18493610461721
"CEP250",10.5745301454258,10.4020123207345,10.3141318903205,10.4094489344917,10.8252747410289,10.3136978667801
"PLAGL2",7.73905881029305,7.99513266426283,8.37031995901842,7.90488060656855,7.96159997772213,7.98322153745751
"MMP24-AS1",7.23412992501544,7.17049332813552,7.25797082264261,7.89618662345396,8.0813839661163,8.28170959474778
"GRPR",5.04742567774093,5.34383018699978,5.45827589049947,5.89887096339096,6.00415649635366,5.50195500208462
"KDM5C",10.8364354475978,10.7098916098869,10.8990981255928,11.0516719316402,11.1616139103849,11.0214428637237
"AMOT",8.42331149666572,8.74036307900018,9.08952334658304,9.42382915397643,9.25515544578897,9.55757025678605
"TMEM115",8.76425898750754,8.49560269277639,8.65861115442126,8.87567431595764,9.08857532332467,8.89143952884771
"PSMB2",10.4693428700324,10.3888580514125,10.2389104811917,10.5938373437618,10.6322729333519,10.3315427948304
"AGO3",10.9164835122086,11.1077634461257,11.1472672844346,10.7995814377023,10.6982444759719,11.3836842607821
"UROD",9.39855757657233,9.19059470241305,9.32200083226283,9.71412078161216,9.42769397298367,10.0265539602203
"ST3GAL3",9.06522230888423,8.91694435555473,8.77904263540914,8.88006686252572,9.00597386034892,8.75951209785585
"TMEM53",7.68882550855379,7.71568339177883,7.3438698231556,7.98629262707594,8.00265669129451,7.78879360873929
"HECTD3",8.55735715223255,8.43743525109495,8.6684948890638,8.64556191386529,8.79130923560853,8.65414112207079
"KLC1",10.4560102770083,10.3550816854737,10.2189164299735,10.2281081576332,10.5552481604079,10.0332806264328
"XRCC3",6.97022010436025,6.74000049684547,7.3355137098602,7.84287586624285,7.32527586400282,7.76861647121532
"TUBGCP3",9.37983895233699,9.36773350774306,9.51300945375746,9.20689795180563,9.3688473377036,9.15184663688437
"MCF2L",11.3539150695276,11.0486882631095,11.3364412796396,10.6229093931826,11.3469849845383,9.14719890483391
"F10",4.99520527768772,4.33057497578978,4.63910910251109,4.71402308857299,5.03903521958369,5.22140032273235
"PCID2",9.41703601751255,9.37898943601488,9.52029243842483,9.5141157064915,9.32864817832914,9.44726067958056
"LRFN3",7.9238963428382,7.86024605995143,7.77772701745442,7.3105237476609,7.88592779193738,6.94780536040062
"IGFLR1",4.60390596466056,4.95891832408665,5.0153475618871,5.02596345433389,5.11210946503177,4.98896808752624
"CAPNS1",10.1705775299617,10.0676634713038,9.99424136471786,10.5951715920544,10.381105156163,11.1187093311807
"PDCD2L",7.29632919015158,7.2286626536223,7.24908276591028,7.1814751206461,7.31011254539078,6.84138999912851
"RBM42",7.90206434329552,7.71120019734812,8.21235607275838,8.65414218569472,8.63002956351772,8.34004979454148
"KIRREL2",7.8436809557428,7.55466948165894,6.99540769375669,8.86832344350265,7.41767348983945,7.18251737320531
"UBA2",11.5221909986709,11.4861351674899,11.5118964571375,11.6960977826364,11.5627629546419,11.6673119795962
"COX6B1",10.6603454078454,10.5598345277902,10.4940369837864,10.7141535913073,10.6516433255884,10.6541339408852
"THRA",11.1738270594046,11.0478076793399,10.7994172554968,10.588934512062,11.1890650719868,10.1376265117729
"NR1D1",5.49214979402744,5.45795213323723,5.45827589049947,5.12120644125242,5.37441071259404,5.3153992589889
"FRMD8",7.26902704649298,7.039033598319,7.66959197425824,7.92780811553132,7.54363062364894,8.21495919100212
"PRDX5",11.0550680831707,10.760219431632,10.7091497395529,11.1463260429689,11.3112056111923,10.9020637346388
"BCL2L12",5.0958257135656,5.13762512309315,5.45827589049947,5.89887096339096,5.63503194179442,6.47030047129559
"IRF3",7.50330448909053,6.95676981986346,7.82589467947357,8.05292461804842,7.61085210505094,8.11975609815991
"PRMT1",11.0721587590026,10.7730646370394,11.203168481079,11.4358737250232,11.293926033387,11.0851238692227
"RRAS",5.0958257135656,5.28072429172865,5.13786241172375,5.71571562153576,5.37441071259404,6.16496703674859
"PRRG2",5.04742567774093,5.05426032044833,5.3782345210694,4.82464481268825,4.80549449477315,5.15195654074678
"SCAF1",8.13308036283113,7.78980488734531,8.43743883491317,7.98356144345384,8.32707031228796,7.33981132903799
"PRR12",7.80180884767914,7.69766482825907,8.57348741302646,7.65605657597473,7.8166848029933,7.11295807452319
"FLRT1",7.12385340854776,7.13031363970509,7.87819958590748,6.67999007974596,7.15434627732596,5.97857887220761
"ASL",7.67856140727407,7.27228180361364,7.46357654594288,7.53385572028899,7.72130380530875,6.93310215294778
"SBDS",10.0054659231638,10.0650539926493,9.82523932044251,9.77034348418813,9.96762906019122,9.91169042507457
"STAT5A",5.9903111609895,5.77685464919912,5.69565584988958,5.43553531135657,5.53476861827663,5.3153992589889
"WNK4",4.33057497578978,4.58878259651035,5.13786241172375,4.55239249687834,4.56883750728876,4.88837907797739
"BECN1",9.65095661283782,9.72713578540578,9.47977251912826,9.82975599295016,9.83049161006139,9.85680937982031
"PRKCG",5.43226952355336,5.37374005388151,5.88936033417274,5.25661469107151,5.51344929562775,5.40006335275449
"TRAP1",10.2780357080955,9.99914463798977,9.9585093779505,10.0186467050994,10.1073104850834,9.88590552450466
"GLIS2",6.9787484957864,6.54567163620786,7.53079143157882,7.30169183947393,7.9711801799876,6.95509811538612
"NSRP1",8.04431735647471,8.30760036652845,7.68275068519138,7.86086919678128,7.75875174609447,8.55923063538039
"DNAJC8",10.9726929405016,10.9971606551082,10.6613936014538,11.1261638932545,11.1176474411203,11.2804214567501
"AHDC1",8.04829365157979,8.03143602779667,8.70736316348302,8.48933489126633,8.50199005162555,8.75136115035332
"IFI6",6.28119912210877,6.29226341962715,6.58599920034065,7.26124177581943,6.31676160488645,7.77267492272428
"DACH2",10.3357951200227,10.3342850173801,9.46097069480703,8.91758364881727,9.77357710807641,8.23560635357831
"ZNF384",9.05148142646217,8.99405729168664,8.97749001891469,9.11304789665579,9.14299568041629,9.00200798154687
"EMG1",8.19889151572816,8.11158483754391,8.25241517405332,8.61950899426717,8.19732855478766,8.77768436969042
"UXT",8.01616840558309,7.88826584910203,8.39833901483169,8.63693004494885,8.35653294098644,8.502036828472
"CFP",6.14437114006863,6.00716920758814,5.81044805857035,5.56781120866857,5.91887334582027,5.25394328805817
"ELK1",8.23069435517052,8.11834614368255,7.95592129618506,8.17752163690822,8.47091812757228,7.83607962613993
"TIMM17B",9.24324450382496,8.98118096489675,9.25152388519973,9.54299597742959,9.61757539920046,9.1237323764467
"PCNXL4",11.7269022164632,11.7979606027167,11.6772872502097,11.7455948640447,11.5990285783365,11.8941098534173
"ATG14",9.49737493088277,9.6525994288962,9.29039286680889,9.54576035917355,9.56403131247585,9.73416917255546
"KTN1",11.4095287079891,11.4932678717906,11.3276529150414,11.8261985726939,11.4275568954621,12.5916354310525
"SIX1",4.33057497578978,4.33057497578978,4.33057497578978,5.25661469107151,4.80549449477315,6.09663944422455
"RHOJ",6.94431161196086,7.10286449688796,6.6004284650849,7.41646081015636,6.86443091536721,7.68921232485547
"DLGAP5",7.24117963765951,7.40670473789636,8.32097371919403,9.31025959540033,7.68673289023078,9.93522744989173
"L3HYPDH",7.36877029660064,7.3613989484648,7.65630972635039,7.93064825240026,7.22092843407769,8.66720157104918
"HSPA2",6.64290506183329,6.29226341962715,6.6004284650849,5.4150421589993,5.8583162996779,5.77550668699715
"ZBTB1",9.78262828932815,9.83728256938622,9.6864929844304,10.0935805441519,9.84523920640029,10.6282699607631
"TRMT5",9.31726630418808,9.27888511320198,9.26676454762241,9.26287134175026,9.13736318391428,9.6102737796752
"SGPP1",8.41104054542838,8.28676846667809,8.01414446739986,8.36301724296441,8.1047588350883,8.46009837150516
"PLEKHG3",7.00402004987821,6.92558771782441,6.49593802186075,8.31614412960057,7.67501907268824,9.11423755328731
"PZP",4.80259831140558,4.84495094307666,4.63910910251109,4.82464481268825,4.56883750728876,4.83010453277739
"RHOT1",11.1255266562487,11.1345528165665,11.0066552511218,10.7170161420115,10.9130881296503,10.4981982722715
"OMG",7.68882550855379,7.87232222785439,8.21235607275838,6.33065288233021,7.21550017657449,6.37267378303614
"WDR60",9.22762321706797,9.36773350774306,9.11381304264582,9.21386992637532,9.22494019162892,9.88497604948143
"AIF1L",10.2695922026939,10.1487666662866,10.1861089872186,10.2148591916344,9.67017562576393,9.0359351897188
"FAM78A",6.04388889103782,6.06976574579927,5.60065691610817,6.31229699252743,6.50436191355333,5.97857887220761
"NUP214",9.70582883572205,9.93770524360187,10.1313001002017,9.58570677428282,9.56193164796194,9.82517673036714
"SLC10A3",6.72736783383392,6.45915625855364,6.69726825935597,6.66596874216255,6.98526535655273,6.33841262084272
"MAP2K2",9.72077632623851,9.22998684560074,9.72953719702195,9.76481889707083,9.92580117567724,9.48702095092543
"HNRNPH2",10.9148603626982,10.9092312555394,10.4875527582892,10.9789259071259,10.8594218444577,11.1956613689207
"ARMCX1",9.8247434617234,9.56417019403732,9.05230216624166,8.21752395515374,9.53113752748308,8.62096045895252
"TMEM35",11.3543143071051,11.2683289518717,10.191818965242,10.5973925998226,11.3913827538319,8.54514457943036
"TIMM8A",7.35587515452893,7.20954211151148,7.23113467566778,7.11215977246549,7.26360887976938,7.24286392443478
"ZC4H2",9.57621133851287,9.65953704639712,9.66036505737012,9.76165245545284,9.70483950507067,9.3318971846777
"CANX",13.5498216937645,13.621671957959,13.5217736903938,14.0189572951511,13.5889794433475,14.7347134011426
"CPSF3L",9.28241204623931,8.8718035384235,9.23390608819336,9.52723015097142,9.4334485192298,9.46105242302031
"RGS13",4.87482195210638,4.77662214806139,4.86296472820736,4.87127988604197,4.56883750728876,4.76371589021208
"IPPK",8.70525771624932,8.6100968777848,8.59783542490088,8.73076386324414,8.85450999374424,8.3908602425552
"ZNF484",10.1018452632602,10.2790669421961,10.3915891521988,9.99255244431475,10.1365166996401,9.5864523835736
"FGD3",7.30307208814694,7.27228180361364,8.54514553185727,7.2006595156671,7.79883347609376,6.6089740508496
"HIVEP3",8.87545491444252,9.34064268535128,9.19801010582148,8.10407567937615,8.56848622357422,7.046535392754
"PPCS",8.79994086351907,8.82107407206567,8.36221278826824,8.87273847656728,8.91009964626883,8.94600268274346
"BCL11B",7.64203905041473,7.74228866356456,7.53079143157882,8.47970653669681,9.61352653515378,6.57082196690698
"COX7C",11.3297563242665,11.2025955719192,11.2844933170234,11.4269110353715,11.3460707476138,11.4812763141909
"TRAF2",7.62609313702697,7.38988622471017,7.68275068519138,7.87569155547162,7.94872528274519,7.63219804937138
"ABHD8",7.53786656908706,6.88558122958182,6.91830170473145,7.20541450763482,7.6231073976722,7.00508864209275
"MASP1",10.174201065035,10.0875140886981,8.85886436827283,11.7236022534816,10.6467013057326,11.5397075041933
"ATP13A4",6.35123217836489,6.5245731111976,6.65662472716031,6.18598823092721,6.13396671442646,5.37273133131448
"HRASLS",5.93418371095413,5.85279833732561,5.88936033417274,5.70027502758029,5.99036612397887,5.91480976668293
"HELB",6.56432869610102,6.75796460995273,6.83657729618024,7.30611477404241,6.94616259821542,7.69778336659097
"RAP1B",10.1678538899237,10.1314110763078,10.0316586006782,10.3469302555698,10.1073104850834,10.5797090325017
"IL22",6.04388889103782,5.51016048524524,4.86296472820736,5.25661469107151,4.80549449477315,4.76371589021208
"BEST3",4.33057497578978,4.90491546544878,4.63910910251109,4.87127988604197,4.66714835127326,5.65810362455486
"RAB3IP",9.87237121915166,10.0404683528969,9.47040228525843,9.94728755156182,9.57239950256421,10.4506318863135
"PTPRB",7.87989202519444,8.15497164171249,7.22207310011052,6.44394842076515,6.59320902990356,5.97857887220761
"DYRK2",11.4996297925354,11.3795903601359,11.1384260412688,11.3311486010839,11.1466401678054,11.7250416123313
"YEATS4",8.52357874480435,8.71167643987149,8.62516505955278,8.86979662850769,8.62802007937459,8.79166113275508
"TAS2R3",6.2520628250378,6.5245731111976,6.9628925018021,5.80400878913798,5.90403138225395,6.48070743372353
"TAS2R4",6.29551855050175,6.67516177549202,6.90692282347899,5.83193623690723,6.0837061780769,6.09663944422455
"TAS2R5",6.16034128042322,6.57669813123392,6.57141063641404,6.03376044615837,5.90403138225395,6.29124861845814
"CRYGN",4.87482195210638,4.69525161239808,4.7660846074949,4.82464481268825,5.11210946503177,4.83010453277739
"LRRC61",6.41762377436216,5.87100821421757,6.3126379774091,4.55239249687834,5.07654591073903,4.33057497578978
"IDUA",5.9531937412958,5.58358169504195,5.63329680407505,5.4150421589993,6.03126530424217,5.18746296578136
"FGFRL1",7.23412992501544,7.01708219172018,7.70870670740222,7.23825186811295,7.41767348983945,6.5414660432608
"TMEM175",7.56044579433542,7.2286626536223,7.60189652432882,7.35812631090714,7.78438898045635,6.80939009577328
"AUNIP",5.74711795931809,5.60690679268508,5.88936033417274,6.30301855394286,5.76091096778062,6.5414660432608
"PIN1",9.39078769683536,8.98118096489675,9.25807536473635,9.56768650211998,9.48976374222477,9.1456463191189
"FBXL12",7.85282058766129,7.75104724377962,7.84937931103585,7.95316761118244,7.88930295088665,7.84380978523961
"EMC1",10.796445477429,10.8041645172617,10.9088362061253,10.9279539880246,10.8512827814765,11.3810507450598
"UBR4",12.6833490742133,12.6947264865075,13.0334647539607,12.5532030767986,12.731899377803,12.6992738753374
"HP1BP3",12.2493523448718,12.3625333871806,12.2971796940379,12.4698466210962,12.4062605261468,12.4604226381199
"SIN3B",10.1705775299617,10.0055099518892,10.1699996901506,10.0662555617542,10.3425030014768,9.93163129033095
"SLC35E1",10.1633030250918,10.123908530629,9.76980633583299,9.9134512860721,10.2200796665712,9.89701272397551
"EPS15L1",9.16884944914367,9.22687484379499,9.21382485946965,9.19167514527474,9.32741232844961,9.16416770169776
"KLF2",4.7165496130104,4.90491546544878,4.63910910251109,4.77291247508709,4.86095996838829,4.58127373257168
"UQCR11",8.63321165952193,8.61248716102288,8.34996531350985,8.93034543479799,8.88509779344054,8.58470123776043
"GFER",8.55735715223255,8.07728936231953,8.26552265982298,8.59297437018921,8.94921969054632,8.22088886962682
"SYNGR3",10.1103817305614,9.54556419363794,9.27755278995927,8.66945861021299,9.71621127462791,6.85711112771071
"PKMYT1",6.111792441977,5.58358169504195,6.0767532850492,6.21628853422501,5.90403138225395,5.9629602809734
"WFIKKN1",5.14109345202186,5.13762512309315,4.94418431550225,5.4150421589993,5.42310223496893,4.83010453277739
"WDR24",7.46787238298213,7.12350224223334,7.78383813845146,7.74609406133652,7.94872528274519,7.06007821984279
"FBXL16",7.63674370940126,7.73788899500471,8.14299016679706,7.21487597511706,8.08432684921098,6.49103195422233
"CHTF18",6.54099217405613,5.51016048524524,6.43225541936395,7.16691083790693,6.98526535655273,6.70857049326097
"TUBBP1",5.0958257135656,5.05426032044833,5.29031095099465,5.37262261357025,5.46935070319513,5.11466593771837
"MACF1",14.6051091408351,14.6912257092496,14.7968198462534,14.522512780856,14.7084955532825,14.3930468775082
"SMARCA4",11.7060954871821,11.5144567893587,12.0117492476046,11.9150532508814,12.1073138314524,11.2909815845042
"KDM4B",9.5925578445948,9.14515643051904,9.60664340420261,9.76955555289396,10.0067350126202,9.17942216068995
"TICAM1",4.33057497578978,4.58878259651035,4.33057497578978,4.33057497578978,4.56883750728876,4.68467332000649
"METTL25",7.76352308206893,7.77700297935607,7.88956606158594,7.87863757101133,7.6432996066977,8.36434276505752
"EMC6",6.95300237665677,6.94904069284673,6.94077887024594,7.07093402566131,7.24243215644684,7.36709066927881
"METTL16",9.15055477558203,9.18258522927039,9.18660650985678,9.39549921562476,9.35193001099003,9.6458322013505
"TUBA4A",5.6525384434395,4.90491546544878,5.49586482724437,5.17826991240815,5.14598214718274,5.50195500208462
"AAMP",9.96210278067534,9.69260589288135,10.0693704948555,10.1701935064862,10.2280432996984,10.2893217124481
"PNKD",8.2583816495782,8.25953102712355,8.29564766292227,8.38382629045204,8.41369974159203,8.38295642421106
"TNFRSF19",8.92583397425425,8.7897539286858,9.10171944999658,8.96107221041259,9.35193001099003,8.99684916410627
"RNF6",9.29911458154264,9.41086861783338,9.32616328270422,9.19285186357795,9.15419496454384,9.90437025692039
"ECHS1",10.0961260749166,9.96315684248687,10.1145629917274,10.2440747280582,10.1421471317339,10.3383478525013
"ZNF835",7.037008143838,6.81901835644222,5.75456202992873,5.83193623690723,6.61028206685648,5.59411117987997
"AKAP9",13.2378901142554,13.4475170465586,13.0877449816988,12.5568591868022,13.0496228227405,12.4596428308233
"GNG11",7.84825812045836,7.87632492610492,8.02961915669745,8.73400426517606,7.42705447367088,9.54585330458679
"SHFM1",8.41104054542838,8.43473434811985,8.51987851266151,8.82036606718761,8.40197668249007,9.06415721364255
"HIP1",11.0187565649861,11.1411731353801,11.2438544867499,10.9566091361624,11.1750616216469,10.3288117541825
"PTPN12",10.0336665781709,10.2208686166409,10.43748832202,10.0494786708118,9.97711169267906,9.98465379998899
"POR",9.91739464452544,9.65953704639712,9.70418500432671,10.2931344200017,10.3461661707914,9.99244160827961
"FGL2",6.17610689899361,6.43659925234347,5.88936033417274,5.80400878913798,6.2287072513673,4.94087121374919
"STYXL1",8.14054424378127,8.03143602779667,7.88956606158594,8.51595529628347,8.12490246952845,8.82310651357793
"GNAI1",10.3677906088266,10.3124508653568,10.127729897513,10.4429352125799,10.6014441196033,10.4027419817752
"PMS2P3",7.70913311376738,7.57459293577644,7.74677010774564,7.57456057707826,7.68283904712796,7.36709066927881
"PEX1",10.4083508862756,10.4198206358609,10.2211517319055,10.4235378957761,10.5243264353008,10.0349574002241
"MTERF",8.74241654982002,8.89553203123552,8.69452362345421,8.63172589643424,8.81621865930351,8.25884372384724
"SGCE",9.40319946182807,9.55923204256528,9.54906166329671,9.79223245829067,9.51820004463837,10.26094912827
"RBM48",8.49190035684375,8.54900782042151,8.41018140881965,8.42254948488586,8.59547967626854,8.59385229957226
"CASD1",11.4091444648929,11.4717630759172,11.1746240601852,10.9482810267233,11.1595338589505,10.5042621920283
"ZNF780B",10.3195271549965,10.5690709875873,10.6646817546392,10.4003185126471,10.3601227409561,10.2744957380448
"LRFN1",6.55271216369173,6.31748106638303,5.98677983682015,5.789777878405,6.12159469522682,4.98896808752624
"ZFP36",5.40082433975998,5.45795213323723,5.86366298223323,5.6525587184268,5.37441071259404,6.52152479638696
"SRD5A3",8.16270466126642,8.16153107573027,8.00373387735555,7.66634825729697,8.10185782762859,7.67625765763734
"RASL11B",6.04388889103782,6.39026961629101,6.05488661074004,7.39175697258473,6.9059090040073,7.1886712995919
"PAICS",10.6016897807615,10.7921204613273,10.9632553473066,11.1680043932709,10.7813089008393,11.6589118375941
"KDR",5.3344412562722,5.58358169504195,5.53204272811162,5.25661469107151,5.69081184736494,6.27917803362026
"PPAT",9.46073721983359,9.51655993350031,9.2925217901957,9.21849921852673,9.25775313162315,9.40766708065872
"TUBGCP6",9.98394739543959,9.34351847140204,9.80898078778316,9.96872545464042,10.2729997869642,9.31127687122318
"ADM2",4.60390596466056,4.77662214806139,4.94418431550225,5.0909007841773,5.20943279770974,4.98896808752624
"DGCR6L",8.68503938204081,8.38522666370381,8.71691803825858,9.25613325331445,9.14860621696081,9.07235352511377
"DGCR8",9.65355568162809,9.49085523804864,9.41872189502224,9.62370358757951,9.80053584171069,9.59443669165476
"ASPHD2",8.98280663449547,8.87379594221807,8.85598573220306,8.67621380842172,9.21294200370204,7.21301798050329
"SDF2L1",5.18373077138573,5.00838899562681,5.83737023149546,5.789777878405,5.61575483702208,6.03906618111504
"YWHAH",12.7618834283583,12.6668970622146,12.0363874934399,11.8552541246552,12.4404971647538,10.7455288889296
"RFPL1",4.80259831140558,4.95891832408665,4.63910910251109,4.71402308857299,4.74232802187034,4.33057497578978
"RFPL2",8.29559720822196,8.18747172901015,7.58093875215175,5.17826991240815,6.47648978420022,4.68467332000649
"C22orf24",5.93418371095413,5.87100821421757,5.63329680407505,5.63615875497389,5.96229157958667,5.77550668699715
"GNAZ",11.38472845665,11.1115608986672,10.6947469686321,10.8365268506857,11.3285892402625,9.90986386521915
"MGAT3",10.4876582253427,10.1545057448753,10.1073300352787,10.1036172155654,10.6996767747229,8.67799524464094
"ADORA2A",5.79147317606317,5.45795213323723,5.83737023149546,5.66870520190303,5.65395698090973,5.45239055899795
"ATF4",12.1596919539873,11.9639837111067,11.888866433035,12.0427632971616,12.2138842110827,11.6097084069618
"RFPL3",4.60390596466056,4.90491546544878,4.86296472820736,4.55239249687834,4.56883750728876,4.33057497578978
"CDC42EP1",5.81299943796065,5.7368316223205,6.18054720532947,7.13731522744772,6.74718918806888,7.8930562109277
"MCHR1",7.24819384114694,6.90972567126368,7.11828713660677,6.14439749474012,6.29531752794964,5.7938961322474
"TPST2",7.0612404615827,7.08191392230372,7.01666422632071,7.93348273280204,7.29991146090615,7.9078720871362
"BAIAP2L2",4.7165496130104,4.77662214806139,4.7660846074949,4.87127988604197,5.07654591073903,5.03357482878391
"MPST",7.61536167932807,7.45598363703094,8.14772082508125,8.25417738004072,7.96799393447305,8.05810465205392
"TST",6.22223378738274,6.27946357496297,6.71054607635312,6.95075475096743,6.60177306867266,7.03285808344634
"APOL2",6.64290506183329,6.82751949701701,7.15693190923556,7.42459969106249,7.10222383794015,8.34548396504814
"LIF",4.87482195210638,4.33057497578978,5.63329680407505,5.35063533644267,5.14598214718274,5.89830401412361
"C22orf23",5.72424503540458,5.58358169504195,6.09823090651264,6.65179842733786,5.99036612397887,7.45097907944464
"APOBEC3F",4.87482195210638,4.69525161239808,5.63329680407505,4.64396487703681,4.66714835127326,4.88837907797739
"RIBC2",5.57553933579376,5.13762512309315,5.41912560421338,6.23608662521658,5.55563637036578,6.99805770896564
"EMC4",9.68565456095393,9.64096198312603,9.59461993227118,9.88536219508216,9.82612520728329,9.88961744249228
"RNF112",7.91083738640365,7.57953014147469,7.69578817842309,7.03918568086747,7.41767348983945,5.3153992589889
"SPECC1",11.9215790877852,12.0585951470048,12.1629659268485,12.0049541785791,12.3722397051138,10.7973141116837
"CPA4",4.93817568778476,4.77662214806139,4.7660846074949,5.37262261357025,4.66714835127326,5.3153992589889
"DOCK4",11.9403147253426,12.0126290948234,11.8086624539586,11.3388674388815,11.7283764892432,10.5647000269393
"POT1",8.86426533335222,9.00136376179609,8.88451590408552,9.13525517934365,9.01828742588139,9.78587936242107
"ATP6V1F",9.64051320033425,9.37758724701535,9.64212327599654,9.87514390824876,9.97395774099833,9.38942297073236
"NAA38",9.4915751603038,9.46468349436928,9.43422886625994,9.61144220905437,9.48533866915245,9.79679338958531
"CDHR3",8.18813135604138,8.25647238048532,8.27419472702668,8.24964675285185,7.74762087771799,8.81921326867187
"PRKRIP1",9.1797156538097,8.95883543783139,8.88168823501977,9.32428453507539,9.49197119142874,9.17028890144541
"VGF",8.3576834732361,7.52424624116357,7.26680255576584,6.1653683000969,6.36884173554423,5.11466593771837
"PODXL",9.94629429422387,9.86954733277757,9.84422044190428,10.7360903783842,9.85040842110581,11.1422290265725
"FOXP2",12.2086448586942,12.3235951758619,11.44176393672,11.4536337559217,11.1104867558899,12.0648366280806
"STRIP2",7.0771618631557,7.03175530872374,7.50131371293644,7.64568945218677,7.20457967841515,7.73572379093135
"RABL5",9.41856523875609,9.58982138795369,9.40894456001009,10.0885358845241,9.5682214833847,10.7683825463008
"MKLN1",11.2806102312033,11.4155316815853,11.5363321250371,11.3190887195463,10.9958607778879,11.6441614924822
"DNAJB9",9.3400423881218,9.33487382519952,9.17280184623681,9.00864163261508,9.18727921018487,9.48824594604118
"FLNC",9.89231099251154,9.37196479779148,10.1975064197881,11.0218883348314,11.1985508758765,11.2786538949447
"LRRC4",9.7719043510415,9.5764420233294,9.61856736835092,10.1210150000359,9.91020999449858,10.605322649946
"CALU",11.0633945628658,11.0627049795605,11.2493396039339,11.7459952822046,10.9331150797455,12.7894166472328
"CCDC136",10.3858715852466,10.4414409004902,10.5590925141875,10.4265391335389,10.4536443662088,10.4550215208238
"SMO",8.01210136645858,7.76408449124898,8.67831104441804,10.0100009934975,8.81621865930351,10.5865839321975
"IRF5",5.85484684019812,5.48441204341114,5.0153475618871,5.28112095084593,5.65395698090973,4.68467332000649
"LRRC17",7.87989202519444,7.97662816360005,8.23029881608044,9.74330915289094,8.26884667424514,10.1391862772951
"KLHDC10",11.4463220845442,11.5103077558817,11.3890701153605,11.2737082807553,11.5466717963619,11.0311341008848
"NDUFA5",11.7228884859312,11.8031878408772,11.0556912893671,11.144200944018,11.4453093838538,10.6757862927894
"OPN1SW",4.99520527768772,4.95891832408665,4.94418431550225,4.82464481268825,4.66714835127326,4.58127373257168
"MRPS12",6.99564779673892,6.99477456520651,6.91830170473145,7.26579459058132,7.36492552916603,6.82548453408029
"MYO1B",10.3772524414271,10.338612453553,11.3660284485517,10.6324712899771,10.4411391840372,9.87658369192511
"MTX2",10.0846191821025,10.1121597453828,9.59116614399892,9.70178228472223,10.0862892616858,9.15493680664389
"PDE11A",8.2583816495782,8.25953102712355,8.34585943003566,7.08653824488785,8.0057664325511,6.12443048056718
"CHN1",10.2653518363431,10.2425843494924,10.4278441440249,10.333668275753,10.347994271726,10.9854851225109
"GAD1",9.69198941551626,9.6479557234452,8.68481806014692,7.88451135220615,8.86136375746045,6.51143928016197
"EIF2S2P4",4.99520527768772,5.37374005388151,5.33538540566403,5.39408088420441,5.39908280147121,5.25394328805817
"OSGEPL1",8.22017182526003,8.20344870999435,8.48672413198347,8.78955908314987,8.39015689546509,8.52614536735095
"ORMDL1",10.0326688538208,10.0009661688746,10.2608056925403,10.1179236105577,10.1965979682989,10.3525347890023
"HAT1",8.87990647035073,9.13024122869852,9.2925217901957,9.60527216661579,9.04260276007627,10.318524036048
"HERC2",12.0786573242878,11.9725927327209,12.1407087702244,12.039990304962,12.2298315315339,11.8917992180608
"SNRPN",10.2619505419625,10.432696724017,9.916360836488,9.7789824151668,10.0537979449459,9.41025461702695
"PSMG2",8.60657871996245,8.74036307900018,8.72640976160702,9.10431831770219,8.82851329144132,8.84815871692276
"TWSG1",8.90195978674521,8.86980836905748,8.90971770521768,9.58481109382575,8.84070362922729,10.2158377263092
"ARHGAP22",6.19167384472197,5.92395793531019,5.19204933581343,6.32150807584472,5.91887334582027,7.26628849061589
"EIF2AK4",9.99320898101777,9.97339853998175,10.041811954874,10.0265816009657,9.80764047707362,10.729054228109
"MYO5C",6.99564779673892,7.00225076772355,7.03759706541257,8.69629077530941,6.94616259821542,10.2652407700204
"CGNL1",6.09517066737624,6.24026434647469,6.21973164683618,6.60097829128469,6.513522034208,7.76046456131871
"TMOD2",13.5236164680991,13.6191549621911,12.9985537822441,12.5707137194688,13.21004319451,11.1398942394011
"TTBK2",11.5089835667652,11.605236726029,11.2694550922177,11.1469326395003,11.3087050457656,10.7643460500025
"C15orf57",8.93869107491571,8.95130909473487,8.44513237632328,8.51029238170292,8.59342119117607,8.32362240762868
"INO80",10.1375492732545,10.2418143930681,10.1036999039303,9.97898528313693,10.1037079336365,10.0549280244349
"NARG2",9.9993504787809,10.1121597453828,10.3067838933604,10.3235069621258,9.95248614195391,10.8596539893312
"DLL4",6.04388889103782,6.37842206372085,6.4803071669202,6.41867436581111,5.82678316373963,6.11061427847656
"ALDH1A2",4.80259831140558,4.90491546544878,5.3782345210694,5.02596345433389,4.86095996838829,5.54910236469605
"FAM63B",11.0648589651884,11.1395209020465,10.8921018799277,10.538967066144,10.7015842964606,10.4798520090253
"IVD",9.40474343802344,9.28637763563983,9.52392016920357,9.59285224226931,9.46750116845804,10.1485096001525
"KNSTRN",9.01957190137446,8.89356954853587,9.23390608819336,9.24823208060184,8.9476107633801,9.26341438135149
"DUT",8.45054284500622,8.44818824425593,8.63191691685501,9.11677299268828,8.76046972350667,9.55172369277373
"CHAC1",7.68370276245463,7.29660770278445,7.53079143157882,7.2748558624593,7.8620746353211,6.3267847648848
"CLN6",6.87271940713298,6.80185420069733,6.83657729618024,7.44873701099171,6.89222287773343,7.37785530753697
"ARPP19",12.5157333799575,12.4755430081284,12.2230172212313,12.5670925965439,12.3117166216508,12.718436821198
"VPS13C",11.8255078344121,11.9263920243791,12.171657982407,11.7509911539976,11.5405577355536,12.0192033114025
"CALML4",6.39147731265288,6.36646410882688,6.41583398350578,6.06802763232559,6.09646749403237,6.65516992011782
"ISLR",4.7165496130104,4.95891832408665,4.63910910251109,6.14439749474012,5.14598214718274,6.59003562630551
"THAP10",6.99564779673892,6.95676981986346,6.78756865288512,7.39590461736391,7.15434627732596,7.46112122694523
"LOXL1",6.06122660456922,5.62971160557788,6.78756865288512,5.3280834021818,5.88899535302041,5.37273133131448
"ANAPC13",10.1431067925433,10.1104735045327,10.0020629466641,9.97146855673525,9.92661711127813,9.84251690762046
"MBD4",8.98899981603422,8.96445445598059,8.79416288500709,9.0219488354814,9.11317602244787,8.97427795153715
"COPB1",11.3835554174992,11.4678184354622,11.5510637917334,11.7097103015421,11.5177347476883,11.8862385464278
"PSMA1",8.45054284500622,8.47472297771754,8.56292471789015,8.63693004494885,8.6598390428613,8.83472335947809
"SUMF2",10.0485501710926,9.97987830110308,9.95179403420881,10.0285585194588,10.009047973925,10.3274442917468
"PALLD",10.186812200938,10.254084628889,10.9916788281243,10.8809606035691,10.4227540351473,11.5561432238654
"SPCS3",11.4567706195075,11.5441075671955,11.2116228125167,11.3263367406027,11.2289558898588,11.3470450629818
"BBOX1",7.36233757036877,7.47203311609823,7.93962027758522,8.91473224694562,7.04805835811577,9.36828555752142
"SERGEF",8.0680105217294,8.18425478613742,8.14772082508125,8.0266443740023,8.21621654865124,7.40441060627693
"KCNC1",8.61194499442317,8.70497427220764,8.76683080384328,7.86086919678128,8.59135974874333,6.36135507851925
"TPH1",6.35123217836489,6.51389521262857,6.36527543281753,5.7607533951804,6.00415649635366,5.3153992589889
"E2F8",5.62750733317344,5.7368316223205,6.05488661074004,6.69386575843543,5.55563637036578,7.3991396335566
"DCTD",8.60657871996245,8.59082991094729,8.98013558505696,9.24142495796807,8.65195018122067,10.0010456692427
"FAM64A",7.17640770575393,6.83596763058775,8.11427230764804,8.85052643171638,7.58183592387922,8.58928406404957
"RPAIN",10.4898405182799,10.4752419446771,10.3099376209945,10.4230370816554,10.5382699451343,10.4124480383519
"SHBG",5.29925920898593,5.24729833481842,4.86296472820736,5.3280834021818,4.95674843757777,5.18746296578136
"PLD2",6.12819034179057,5.87100821421757,6.54174004934149,7.95595764860272,6.48584680311777,8.9495676466036
"TXNDC17",8.52072763612895,8.47734963347558,8.61497734050846,8.63866057645434,8.45512589955359,8.64756606686462
"ATP1B2",8.30889367961172,8.64320391441081,8.76376155666782,7.76215746439214,7.86893076154135,7.92617754941335
"FXR2",10.4175511306171,10.1553237515669,10.3130844661732,10.7026462337281,10.7087151177166,10.4512597956134
"KIF1C",9.51606451869675,9.35923344478065,9.76368385235193,10.2014873542972,9.70579058760659,10.7663657102351
"MPDU1",9.55273161675383,9.47520932457406,9.7804584912872,9.92623314279597,9.64063811964657,9.83194494427086
"MMP28",5.49214979402744,5.37374005388151,5.0153475618871,5.17826991240815,5.29596108369109,4.94087121374919
"MRM1",6.14437114006863,5.94108086001497,6.46448655819503,5.97436269294477,6.14621490998224,6.03906618111504
"PHF20L1",11.7807648903286,11.7524771028833,11.5926520423147,11.5131858444155,11.495919340066,11.5170980741983
"LRRC6",8.15903505160868,8.29573358513945,7.72786621708424,8.80965859338651,8.09019446985166,9.56803464922468
"CCNT1",10.8472552411297,10.8728994348223,10.7265600162841,10.8784058911739,10.9147334463279,10.651404397014
"PUS7L",10.028671036989,10.2441230299965,10.0506378561016,9.58839047948132,9.67988842283842,9.39073381408231
"KRI1",6.8354600493058,6.71259577484945,7.09855240093192,7.67656560704024,7.4639640124845,8.11975609815991
"ILF3",12.1982303472411,11.952502925064,12.1536363111771,12.3651777609413,12.4620347712029,12.0372957511675
"SLC44A2",10.3462717237875,10.1272478162067,9.68325278521114,10.8878720999858,10.4794463194249,11.5441283230781
"CDKN2D",9.96628926087552,9.66069007540449,9.25152388519973,9.21849921852673,10.0395380139584,7.80076358972379
"MTUS1",10.7407293707283,10.844276539919,10.7737628568387,10.5334098478622,10.95726511103,9.64912124819868
"KLK14",4.93817568778476,4.84495094307666,4.7660846074949,4.33057497578978,4.33057497578978,4.33057497578978
"NGDN",9.00742093636217,9.03734952939111,9.03713979246116,9.26734594324055,9.18181771500638,9.26341438135149
"RAB2B",9.68184023723772,9.72162210906736,9.41090534445228,9.73526039578545,9.80320418587311,9.46976072319164
"BCL2L2",8.84390190897892,8.78552584720267,8.73270290508688,8.74046321902232,8.86136375746045,8.53804933581426
"AJUBA",7.33630691398512,7.29056586476305,7.60189652432882,9.25500716597071,7.6671556408761,10.7708996319142
"DTD2",9.14686776582168,9.30420218373835,9.19345950387976,9.26622859606091,8.95723743288725,9.55757025678605
"PARP2",9.36246381064603,9.26226300594309,9.05982384137926,9.23000772899702,9.55455862943723,9.14874981729395
"HEATR5A",9.85554140042175,9.8765099953066,10.2877152915125,10.8248221281531,9.75807362371451,11.855502867113
"SNX6",10.4335116574395,10.4259341689723,10.4669818604935,10.8421565070545,10.6297706283675,10.9441544259425
"EAPP",9.13760869997324,8.95507719042488,8.90971770521768,9.23800928750258,9.10886517354124,9.24178192906478
"EGLN3",6.40461685682177,6.26653250017841,7.10845497857026,7.3105237476609,6.44800815064414,8.2030255287367
"MIS18BP1",7.40049822086436,7.45059282337976,7.61569752442371,8.80504513775182,7.60262243590723,9.30572787836751
"NRL",5.9531937412958,5.99099191043792,5.75456202992873,5.7607533951804,5.91887334582027,5.18746296578136
"NEDD8",9.26551345947806,9.41770647442367,9.19801010582148,9.70837596089898,9.41495244988749,9.79382502400382
"DAD1",9.8566695227322,9.83728256938622,9.94504726011947,10.4610997021867,10.0789689072729,10.8130313776243
"TEP1",8.07192140142713,8.10479135437735,8.28710505000652,8.58939905639909,8.52161505215278,9.26198228739529
"EPB41L4A",9.32217731442452,9.49474030586583,10.3338897427646,9.68181827357675,9.47309915311183,9.87190007002565
"CDO1",10.0455857198262,10.1860690394021,10.7202532963895,11.7913175193084,10.8653897960852,12.4856162188972
"REEP5",11.5437048135649,11.6007408211606,10.9890582852722,10.9423527202133,11.1371579833022,11.170336983369
"ITFG1",11.6010127298346,11.6159700714884,11.2476962576778,11.3252652549885,11.480727553753,11.3177372697703
"QRICH2",8.99926288615758,8.86380619020224,8.90415536165726,8.90470756782089,9.34461844025727,7.99713254947996
"FOXJ1",7.20556841239305,6.86100086831046,8.02961915669745,10.0578915205333,8.11342664886969,11.0133876541194
"SEC14L1",9.62470476824404,9.46995602440841,10.2267248727735,10.2964193903342,9.71337673421076,10.6752489269338
"RHBDF2",4.60390596466056,4.58878259651035,4.86296472820736,4.64396487703681,4.33057497578978,4.83010453277739
"ARHGEF6",8.8821270892434,8.91501090550026,9.22278445398309,8.09145879024988,8.38778118877184,8.16661474546285
"MAP7D3",7.0692241342811,6.95676981986346,7.1945286559471,7.79998325159792,7.33029396821466,8.82892667498782
"FGF13",10.7993808585753,10.8483282175163,10.5050854162697,10.7517286494685,11.1115631274391,9.68481376412447
"ASH2L",9.23978772733347,9.3563889038936,9.24274193888673,9.25275234522177,9.397393958382,9.49557411975001
"TTI2",8.11803452614681,8.12842844023932,8.20329953523338,8.28770724830254,8.35166441534884,8.23560635357831
"CHRNA10",6.06122660456922,6.00716920758814,6.03261425473495,5.70027502758029,5.74380775294986,5.94713050764567
"CDKN1C",7.71917874513055,7.63746793871332,8.07008228672197,8.68962959673818,8.57684612276756,7.43562724486477
"SGOL1",5.76951971169128,6.06976574579927,6.6004284650849,7.32802183081119,6.13396671442646,7.65439943255611
"RPS4Y1",10.8232282703648,10.811965497642,10.990369151816,11.3465451934058,10.9970261399046,11.5182969200908
"CDH15",5.14109345202186,5.00838899562681,5.2426758087291,5.05921631031587,4.91093888395682,4.76371589021208
"KLF16",5.91485715615986,5.48441204341114,5.75456202992873,6.20627032032873,5.93352705716022,6.34993536391042
"TMEM8A",8.30558112606882,7.85213789711754,8.47550008213014,8.72426104368107,8.61184210728188,8.8327937281246
"DOHH",6.41762377436216,5.97458977678836,6.0767532850492,6.13377621276322,6.2844576999073,5.99399275429218
"MAU2",10.1319702488211,9.95566236433088,10.1036999039303,10.2991511605211,10.4615461178978,10.0980736590231
"SHC2",8.42940778608008,7.71568339177883,8.36221278826824,8.3139766266993,9.13877337621301,7.21903860434312
"ABHD17A",8.03232150805896,7.68399881186436,7.95050833517773,8.21287549559311,8.41136279154798,7.75226551809383
"SYT5",9.208297403031,8.76419675287601,8.6081451264466,8.15345689238913,8.90844631601676,6.57082196690698
"TNNI3",5.74711795931809,5.60690679268508,5.3782345210694,5.0909007841773,5.46935070319513,5.03357482878391
"CBFA2T3",6.56432869610102,6.75796460995273,6.87220484073834,6.21628853422501,6.68450597902808,5.3153992589889
"GAMT",8.04032994299301,7.53953995283721,8.08989141677383,7.98901858476308,8.22689868447515,7.79279483069123
"HDHD1",7.69392978229176,7.85619776121262,7.96668587520299,7.77170888304149,7.67893446146909,8.22384451131824
"ERMARD",8.99105829743228,8.94753109884105,8.84731506814658,8.95830584158016,8.75863485136611,9.36695411060571
"PHF10",9.62072540983255,9.66414363677639,10.0214332291796,10.2598664308025,9.78711950943548,10.8251924182572
"PRRG3",6.32368052195683,6.36646410882688,4.63910910251109,5.28112095084593,6.17035088062347,4.68467332000649
"GALNT8",7.72915364180026,7.83578143291402,7.73419557219369,7.17663732237503,7.5734348367007,6.08250174298976
"KCNA5",7.3751736125526,6.83596763058775,6.62882379950556,5.45558649408591,6.01778816310778,4.68467332000649
"EFCAB4B",5.6525384434395,5.94108086001497,5.86366298223323,5.51331587387945,5.32290848716218,5.18746296578136
"NXNL2",5.14109345202186,5.28072429172865,5.2426758087291,5.23135019106063,5.39908280147121,5.45239055899795
"STARD8",5.89520136979655,5.53524434648493,5.60065691610817,5.96211569431352,6.03126530424217,6.27917803362026
"FAM155B",8.22017182526003,8.02064177406534,7.3271073717309,7.71671305573469,8.28936818020746,6.36135507851925
"GDPD2",8.66194816560455,8.53142616142683,8.83859177605447,10.588934512062,8.9476107633801,10.7784246391026
"SAT1",9.59661565527658,9.48565879368882,9.38320840549635,9.06757785674507,8.92816188818415,9.26341438135149
"GNL3L",8.80930824446235,8.91307485178166,8.85598573220306,8.8594524835002,8.77869068524332,9.15339255120316
"SH3BP4",9.68565456095393,9.6209600225844,10.7083533477393,10.9614450863866,10.4827780117407,11.6023788272528
"MOSPD2",8.64634506583055,8.99222485963511,8.81506742590681,8.42455884077224,8.62197469065874,8.55923063538039
"DOCK6",5.9531937412958,5.92395793531019,6.65662472716031,6.11225279239186,5.84266003333913,6.36135507851925
"ECSIT",9.19407747491802,8.71390356272267,9.00372920050377,8.9992527888271,9.32121711763132,8.43229287086765
"LDLR",10.4515385461804,10.2418143930681,10.0518942998409,10.4547436234049,10.6207262108643,9.70074990293933
"ELOF1",8.77146661305494,8.32229679462841,8.65198398976558,9.20456643540401,8.98573670842184,9.18396714702353
"PRKCSH",9.54854811851031,9.38458457869817,9.74981241666393,10.298059073404,10.210062871186,10.6103912346809
"CNN1",5.57553933579376,5.05426032044833,5.96317797384801,6.10134683232378,5.46935070319513,6.39501592218696
"CDC16",10.0105423839345,10.1405281502954,10.4063971514956,10.1296357923914,10.0105878890191,10.5066806385687
"THEM6",7.35587515452893,6.77569217432756,6.92958651312438,6.46873913714878,7.22633559280886,5.93108273336772
"EXOC3L2",4.33057497578978,4.33057497578978,4.86296472820736,4.77291247508709,4.74232802187034,4.68467332000649
"PVRL2",8.85072182485831,8.2927514492747,8.85886436827283,9.16314136834373,8.88509779344054,9.88311529939271
"APOE",6.19167384472197,5.92395793531019,5.49586482724437,7.24749340893775,6.95275775737551,7.52048453789093
"TOMM40",9.6613248769155,9.26378206223723,9.39712345835876,9.75450242153851,9.62865146313449,9.23303709742854
"APOC1",5.43226952355336,5.60690679268508,5.0153475618871,5.3280834021818,5.57607598002124,5.07532107295397
"GADD45G",6.07831789081791,5.81547244195914,6.86043252493434,6.83151094080255,6.7624132232569,6.74302312567997
"LRCH2",10.3430562528547,10.3328396479117,10.494960926303,10.1515697104499,10.4267958630277,9.48946990026244
"DPP6",7.27590283438528,7.37286346670873,6.16047993900056,4.55239249687834,4.33057497578978,4.33057497578978
"XPO7",10.7054855115509,10.7868523814269,10.9267486146916,10.6303036915984,10.7030132839668,10.8149840476974
"ACE2",5.14109345202186,5.00838899562681,4.86296472820736,5.43553531135657,5.20943279770974,5.15195654074678
"FAM98C",8.0758215895408,7.98034834265512,7.69578817842309,7.99716530369918,8.35166441534884,7.33981132903799
"SAFB2",9.32054217147365,9.31449883241142,9.06979195486079,9.20806229528032,9.5682214833847,9.54231955495077
"RPL36",10.475229130211,10.0280164943544,11.0927781213782,11.0468046827941,10.9892392161469,10.8704912607113
"ATP8B3",5.87520277529963,5.67386991742712,4.86296472820736,5.53181738139766,6.05777184720114,5.07532107295397
"NCAN",12.0144313090017,11.9015067152317,12.2202269125358,11.4415708710569,12.1817924007477,9.48211052595483
"KIF1A",13.7097637421361,13.4107496812181,13.6570867287417,13.3378663290889,13.8120428175625,12.3309859304259
"GTPBP3",7.50330448909053,7.35563129640412,7.3438698231556,7.13731522744772,7.65129641608071,6.75992371440338
"SLC27A1",7.58266920398658,7.27228180361364,7.07853172863903,8.12897975024973,7.84130553442437,8.23560635357831
"NSUN5",7.93683654726281,7.61361533928163,8.06508672927444,7.72984654518072,8.02121416697394,7.43047244718852
"COLGALT1",9.22062563312477,8.99588739199487,8.91802107595742,9.62979536825942,9.44602816581555,9.85965094543341
"DDA1",9.00538575784659,8.64553973613791,8.81802911615754,9.14258209498379,9.2770877877645,8.63654026824561
"MRPL34",7.12385340854776,7.25995789712136,7.07853172863903,6.95645192050632,7.56073865313527,6.81746123354231
"PGLS",8.96825130732817,8.47734963347558,9.18201965184832,9.35087755159899,9.20757720371801,9.41025461702695
"LSM7",8.41104054542838,7.91574418510972,8.54871904204772,8.53094797761333,8.61387435525855,8.25595961697687
"TULP4",12.8573569509252,12.9555537897972,12.7604279668719,12.6001354405964,13.1494143287069,11.377752074999
"SNX9",9.45925214862886,9.50247914675615,9.41090534445228,9.37595295084046,9.48644621251567,9.3126607843239
"RTN4IP1",7.92822283064298,7.86428286000716,7.68275068519138,7.72984654518072,7.9060596315197,7.41489349881731
"QRSL1",9.50890488358432,9.47389779465176,9.55439251177159,9.434808068813,9.17770794981611,9.47964902174304
"C6orf203",8.14796931794989,8.23798184467487,8.19418524668406,8.23367555975418,8.41136279154798,8.58928406404957
"RSPH3",8.54618583798645,8.78764144327413,8.59092090787808,8.94997465934791,8.60368421305425,10.0399760516752
"MLLT1",8.43244623192903,8.03858705976951,8.53076178760897,8.73885120153711,8.77324862172371,8.79166113275508
"MLLT4",12.8831776154497,12.9802235742394,13.0663084105057,13.0842739171302,12.7210101284509,12.8770628582468
"ACTN4",9.73188606755674,9.47913676435949,10.2155569661065,10.2660233021329,10.1816398781688,10.7134364319197
"STK33",8.58491066254125,8.60049573085151,9.06979195486079,9.98578482449647,8.8073719263142,11.1718614307891
"NDUFA10",10.7929151161311,10.7957967018318,10.8091069481185,10.5287624183766,10.5221692636928,10.565860127703
"ARPC1B",5.43226952355336,5.53524434648493,5.56693702969189,5.7607533951804,5.4465120496375,6.47030047129559
"CACNG6",5.04742567774093,4.77662214806139,5.0153475618871,5.15028716110163,4.74232802187034,4.94087121374919
"ZSWIM6",10.8568677864599,10.9672009035426,11.0848231667599,11.0789470214289,11.182933949374,10.6393326515694
"FCHO1",8.93441813638862,8.59325247693861,8.18960621252554,8.5290824416794,9.27964623322372,7.388537870084
"UNC13A",11.4876696773501,11.3126226122802,10.9818271467407,10.1915235019697,11.0700855999216,8.48982882985997
"MAP1S",7.87989202519444,7.57459293577644,8.13824378640928,7.76534842315017,8.35653294098644,7.20089795596581
"SCO2",6.92676259669851,6.71259577484945,7.0271704621372,7.10707332424053,7.16566744120956,6.88801804929274
"PXDN",10.4934703506489,10.3313928282358,10.8530038998499,10.9416536677821,11.3839783958996,10.7608048250957
"SSBP4",7.97077949716114,7.27840315363716,7.77772701745442,8.17752163690822,8.1076539584255,7.67625765763734
"GDF15",4.7165496130104,4.33057497578978,5.2426758087291,5.4150421589993,4.99924798284876,5.07532107295397
"PGPEP1",7.44981580957809,7.6748142741682,7.3271073717309,8.57319896887432,7.91932429112947,9.32231110911312
"KIAA1683",8.33836663722997,8.59325247693861,8.61156529937367,8.26544155446111,7.88254460270348,8.67152878308542
"LSM4",9.54295115543867,9.32472236857087,9.6454571872689,9.97078327041816,9.53328252325159,10.0811323440527
"JUND",9.05148142646217,8.72056428283615,8.88168823501977,9.01264673655776,9.17083215375322,8.70145951293704
"HRC",4.87482195210638,4.33057497578978,5.07933519419276,4.71402308857299,4.33057497578978,4.33057497578978
"TRPM4",6.20704769793219,6.11466471136286,5.83737023149546,6.72119283924033,6.30608491752984,6.75992371440338
"SULT4A1",9.94098603667026,9.67216990183475,8.82393424673125,8.91473224694562,9.78352062679976,7.36709066927881
"ZNF557",9.831644545517,9.79590860243539,9.50752294882917,9.84404707657077,9.90276542120911,9.48702095092543
"CRB3",4.99520527768772,4.84495094307666,4.86296472820736,4.87127988604197,4.80549449477315,4.68467332000649
"OLFM1",10.497091069705,10.2271065561581,8.71691803825858,9.421823964629,10.658042738084,8.34004979454148
"CAMSAP1",12.5530782926517,12.4107580602974,12.5349087068714,12.4155066646223,12.7379523537279,11.6885002204373
"UBAC1",9.538739116537,9.19855984999186,9.24274193888673,9.34665553496977,9.42307372375504,8.9280440644363
"ZBTB46",9.01350925021389,8.73379375907277,8.90415536165726,9.15953453801556,9.92661711127813,7.31759826822496
"HELZ2",6.17610689899361,5.87100821421757,6.92958651312438,6.37541862210786,6.45757155210179,5.94713050764567
"SAMD10",7.40049822086436,6.94904069284673,6.79998829512151,7.13731522744772,7.60262243590723,6.05371984338478
"H19",5.04742567774093,4.58878259651035,4.94418431550225,4.33057497578978,4.95674843757777,4.76371589021208
"CYP2G1P",5.62750733317344,6.00716920758814,5.45827589049947,5.17826991240815,5.14598214718274,5.28523604052962
"COL5A1",7.54354537093579,7.42332398013186,7.66296644002311,9.50277893649307,8.36863232350315,10.2009793322347
"ATXN10",11.9376530570851,11.8997997999657,12.07951819691,11.6810997829143,11.9515452064406,11.2853591383705
"TUBGCP2",10.1160447574274,9.85350523164609,10.0124261434793,10.4028605451572,10.3558893705729,10.3785172846378
"CALY",8.23418472593573,7.84398320320908,7.45590604430278,6.5090360851835,7.64730366489002,5.59411117987997
"CYP2E1",6.111792441977,6.06976574579927,5.93909051704448,5.83193623690723,5.67254547946021,5.71840792780094
"PNPLA7",5.3344412562722,5.43072800972915,5.33538540566403,5.73093733123111,5.63503194179442,5.5258120673756
"PAK4",6.64290506183329,6.53516475243763,7.17585758764933,7.20541450763482,7.06028027309134,7.15133162417071
"ZNF337",10.2830781804427,10.291769655767,10.4632099659666,9.92693993356341,9.83658243569384,10.0053285185675
"CEP85",9.23632262986296,9.2878714723138,9.29464757019393,9.46335760527424,9.55032847186453,9.1657004441768
"TAF4",8.0758215895408,8.15825512381981,8.39038934388409,8.17752163690822,7.98700536437452,7.5867205581135
"LAMA5",7.3878931108795,6.99477456520651,7.80201515746545,7.74932133463393,7.77345828366695,7.21903860434312
"OSBPL2",10.0720488594948,9.92432905190795,9.98637711337024,10.0133324062084,10.2160812950464,10.2106546873064
"ADRM1",8.79994086351907,8.30167927658931,8.96151359439377,9.02591710708937,9.16945304380747,8.8055032390256
"ASS1",7.10846414954516,6.76685754580122,7.26680255576584,10.1979785575273,7.50436083085122,11.2669333499492
"PRDM12",4.7165496130104,4.84495094307666,5.91449335713677,5.53181738139766,5.4465120496375,5.11466593771837
"EXOSC2",9.5925578445948,9.61145038325801,9.54906166329671,9.69100279186113,9.69241796752833,9.74343037043825
"POMT1",10.1027962594737,9.81777795231445,9.90944575934832,10.1247159389733,10.3558893705729,10.0053285185675
"UCK1",8.76425898750754,8.44550755057841,8.56645426454561,9.05079842218446,9.16253760076887,8.79958722914079
"FIBCD1",5.26254826080776,5.31286008562374,6.77503369616368,7.11215977246549,7.65129641608071,6.80127051198349
"PRRC2B",12.9997885808917,12.9132748078769,13.1825328327293,12.837976683503,13.2103781206986,12.2794203022661
"CHMP2A",9.84421134585004,9.69373277222339,9.55439251177159,10.1412535964195,10.0075064121315,10.1290175076831
"UBE2M",9.15606763868563,8.88173805488778,8.96151359439377,9.0113129406992,9.28983479020861,8.86146963960842
"TRIM28",11.0808700258514,10.7580673977128,11.4475017349033,11.6422629016346,11.5349526100853,11.3757692461673
"C16orf13",7.76352308206893,7.59910803920834,7.95592129618506,7.98629262707594,8.06359804403511,7.94783775386725
"YIPF2",8.14054424378127,7.66556973088888,8.01414446739986,8.30963174811785,8.61184210728188,8.02455368757363
"ATG4D",8.04431735647471,7.54964432540627,7.77772701745442,8.04770717304165,8.2401400912153,7.29502642405222
"EIF2S3",11.0192602089475,11.0184426543579,10.9129896267273,11.4193993528369,11.2860027280232,11.5824582146949
"TMEM160",5.79147317606317,5.53524434648493,5.63329680407505,5.80400878913798,5.93352705716022,5.25394328805817
"ZC3H4",9.19764564929611,9.11348541993678,9.35903667418322,9.26846242387592,9.52576102298762,8.74316368628158
"NPAS1",5.14109345202186,5.24729833481842,5.29031095099465,5.28112095084593,4.99924798284876,5.03357482878391
"GMFG",5.67698376420325,5.43072800972915,5.07933519419276,5.28112095084593,5.37441071259404,5.50195500208462
"MAP3K10",8.74485995418759,8.38802243974816,8.24801918127465,8.33550535345945,9.02440490211399,7.388537870084
"ARHGEF16",5.97189916146181,5.53524434648493,5.56693702969189,5.35063533644267,5.32290848716218,4.98896808752624
"LRRC47",10.0376505848345,9.78326120433854,9.80600488423103,9.88172111709347,10.1679056269948,9.65240280437155
"SESN2",8.56013643971704,8.44282183317067,8.89015460981113,8.94439359993888,9.05311282450646,8.86902089725499
"ATPIF1",9.61673503043875,9.46863970020116,9.31782631370153,9.62108491925644,9.85040842110581,9.54585330458679
"MED18",7.99571614512264,7.98034834265512,7.8318023376384,8.41650445406491,8.44602302521782,8.24436467501735
"THEMIS2",5.57553933579376,5.79633174395148,6.05488661074004,5.83193623690723,5.77775078358577,5.91480976668293
"CLIP1",11.854301414256,11.9390317398598,11.4004543851747,11.7152422475392,11.6336557771684,11.3355293295484
"CCDC62",7.43152415055498,7.61841818114771,7.76542522490381,7.32802183081119,7.69835056214515,6.77661481002274
"HIP1R",10.1895002958792,9.65491568150077,10.0668868285281,10.1672058921916,10.8772521268136,8.67584299192599
"ZNF317",10.105645490112,10.026228845131,10.0291090492742,10.0093337861241,10.1484551960827,9.99330432896335
"PPAN",6.2372372059446,5.99099191043792,5.60065691610817,5.84564325546448,6.00415649635366,5.881557447727
"EIF3G",9.59120269733504,9.29828515325572,9.83840667594376,10.3823976982159,10.0921189003499,10.3067751979398
"C19orf66",7.0692241342811,6.62684248559454,6.33042650449943,5.81805978469791,7.0723947844243,5.8297852851543
"DNMT1",10.4021846180585,10.3607663063593,10.4422863320026,10.7774214379158,10.6996767747229,10.3883872068719
"ZNF426",8.94719904553425,8.99954062113869,8.93448532338502,9.19285186357795,9.02745391118211,9.4192745582391
"SLC6A8",9.37038760070894,9.09140702207749,9.72639245739729,9.77349090854642,9.75532031728291,9.29035694537307
"PNCK",8.63847945105174,8.18103058476055,8.27419472702668,6.60097829128469,8.25847445877537,5.99399275429218
"DKC1",9.2518503022694,9.15009400748187,9.03204994338449,9.4308254127783,9.35435897433361,9.70812688163029
"PLXNA3",9.30408778983115,8.96071088454157,9.62870994994964,9.2311535355348,9.49637596709566,8.56622213080097
"DUSP9",5.22411723473243,5.2124335202594,4.94418431550225,5.96211569431352,6.30608491752984,5.03357482878391
"MPP1",7.62073759712291,7.58935303296618,6.61470214021762,6.07923636656541,7.02951969692029,5.84730736939238
"ZNF331",9.63657732296281,9.56540209165439,8.89015460981113,8.83250627494466,9.16530776686839,8.64316590535277
"ZNF236",10.33498606586,10.3902483755272,10.3935723598018,10.432522935395,10.5767134142882,10.2865094451234
"LRP3",8.74485995418759,8.01702544944932,8.76683080384328,8.74528844467863,9.22891746565755,7.53494230908478
"C12orf65",8.48898549385237,8.59325247693861,8.26552265982298,8.38589066215898,8.49538823886037,8.22384451131824
"NOL11",9.91523070270785,9.98448893398149,10.122955833122,10.2096414923213,10.1870971552624,10.1282323158999
"UBE4B",10.349480040621,10.5146569592403,10.5386281329,10.4285364942416,10.5313150417168,10.431029838173
"CASZ1",7.57160125842783,7.53953995283721,7.69578817842309,8.21752395515374,8.61184210728188,7.31759826822496
"NUTM2F",5.43226952355336,5.28072429172865,5.2426758087291,4.55239249687834,4.74232802187034,4.33057497578978
"HABP4",8.9556569712532,8.86580970271222,8.6486588988822,8.80812242009165,9.02593021452796,8.84624705286912
"SLC35D2",6.30967770216152,6.06976574579927,7.03759706541257,6.03376044615837,6.07080875752555,6.27917803362026
"PRRG1",8.3576834732361,8.60770260658266,8.72325281888699,8.16071897604445,8.22423562383171,8.40393712176816
"UBA1",12.0745441796897,11.8897613912462,12.1774237270446,12.3068004306944,12.4170379442951,12.2924417385773
"RGN",5.81299943796065,5.48441204341114,5.29031095099465,5.12120644125242,5.42310223496893,5.22140032273235
"POLN",7.22704432932557,7.13031363970509,6.89544820275353,6.66596874216255,6.70045381273315,6.56110919235617
"TXLNG2P",9.9431116859712,10.057197096982,9.90249734808523,9.89044430143425,9.60844940216606,10.4386493675432
"PPIL4",9.86454175209374,10.066794169783,10.0188655134165,10.0559544465079,10.02589723967,10.5054719222598
"ULBP2",6.40461685682177,6.30493497245368,6.11933501176659,6.32150807584472,6.09646749403237,5.881557447727
"AKAP12",11.3390650599767,11.4405707826513,11.5563836798575,11.9460536229356,12.2002901665181,11.6610843032744
"SYNE1",13.0275884522455,13.0530057201194,12.9236911902805,12.620695981923,12.5574022763396,13.5897190150904
"ULBP3",6.29551855050175,6.19979772223188,6.6004284650849,6.86839349283165,6.0837061780769,7.44588042081582
"LATS1",10.4730245972126,10.6738154908534,10.9267486146916,10.2975127195236,10.3923690354981,10.3877313095787
"EPS8L1",6.63196100526831,6.05442078166421,6.29459653090917,6.23608662521658,6.61873678184173,5.5258120673756
"AAR2",9.50603103590383,9.39986006628348,9.35903667418322,9.574019268457,9.65252588033268,9.36961577451712
"TTLL9",6.04388889103782,5.95795537545197,5.78285907365734,7.39175697258473,6.45757155210179,8.43992984962074
"RBM39",12.4315944024303,12.4186126956322,12.4699146800439,12.7429829031162,12.6871185966052,12.8602617190185
"ZNF341",7.38154779352706,6.94126765350759,7.01666422632071,6.86839349283165,7.00440633308007,6.70857049326097
"GGT7",9.1189098997837,8.75341226294318,8.40624481148365,8.89750404199127,9.1967872408092,8.462599597548
"ACSS2",9.30739374410752,9.19378605294295,8.85021110553315,9.02723743518759,9.09003412554618,9.15339255120316
"EDA2R",7.0771618631557,7.06776813917055,8.44896371376296,8.34614950452169,7.6432996066977,9.50407680100183
"ARHGEF9",11.7510561058431,11.7648541090209,11.0860498650604,11.4951958678756,11.7669138238518,11.2175996566255
"C1QL1",5.40082433975998,4.77662214806139,7.01666422632071,5.789777878405,6.31676160488645,5.84730736939238
"GFAP",5.0958257135656,5.13762512309315,7.69578817842309,7.59627790978649,6.65202739144907,8.96197587533801
"ATP6V1E1",10.562830599591,10.5267169501202,10.2222680847139,10.3558792333017,10.4163796144101,10.1092582738175
"ZNF227",9.48429245312037,9.54681209765115,9.52210744578734,9.60968203433804,9.51277494470214,9.4833397024413
"ZNF428",9.57209556688697,9.2408261735256,9.54192304052945,9.76481889707083,10.0957504903323,9.17028890144541
"ZNF141",9.93779167388947,10.0815014782262,9.60493189632962,9.65305389876863,9.86665635726582,9.5715059570082
"CCL25",5.29925920898593,4.77662214806139,5.13786241172375,4.64396487703681,4.99924798284876,4.98896808752624
"COX4I1",11.4198647714456,11.2698401168826,11.2267168534368,11.4353772560395,11.5933897253498,11.3918831456838
"EMC8",8.75701501608071,8.63146744613922,8.76989350743494,8.82948082453817,8.82851329144132,8.89883537704503
"GSE1",9.50170948542293,9.63275948191501,10.2189164299735,9.52723015097142,9.64758456044972,8.93165377732011
"GINS2",7.54920138532055,7.78555040601595,8.19874965625953,8.81578691619792,7.99014941412436,8.79166113275508
"CHMP1A",10.1532402713873,9.85047735832617,9.93690922631144,10.1166851963863,10.2729997869642,9.73313646702429
"SH3BGRL",10.6941745373337,10.811965497642,10.5395239530953,10.6839577329161,10.5216294662431,10.9802743386954
"COX7B",10.9374199026691,10.9953348382691,10.6120018357435,10.644120357346,10.73828543768,10.3883872068719
"F12",5.46268370782665,5.00838899562681,5.41912560421338,5.39408088420441,6.07080875752555,4.68467332000649
"PRR7",6.09517066737624,6.29226341962715,6.34796986470843,6.02211641227821,6.36884173554423,6.41697671329194
"NFATC1",4.80259831140558,5.31286008562374,5.41912560421338,6.25557621208894,4.99924798284876,6.47030047129559
"CAP1",11.5868128301777,11.5515813130916,11.3775952873034,11.7499933627811,11.5841147006815,11.7619459219677
"PPT1",10.5377372783938,10.4394277144748,10.4054146682418,10.5412762684806,10.2313485424984,10.5359820835464
"RAB11FIP4",11.1620167652381,10.988008371469,10.7699513672033,10.404383616537,11.1951702451229,9.16416770169776
"RLIM",12.339422275396,12.4552660933572,12.2135080695769,12.1303311380853,12.173055353864,11.9176964732544
"ABCB7",8.79994086351907,8.8190071682998,8.77294969540263,8.92468750998132,8.63803948388853,9.19751662073347
"TRAF3",8.96196792720667,8.97191248858325,9.51665554875407,9.75131320623692,9.67017562576393,10.0341192571119
"HAUS8",6.48076738158518,6.47028950760066,6.72369361431858,7.07615506021504,6.55838671547071,7.20697117667511
"MRPS25",10.4999811140625,10.4699919299442,10.1861089872186,9.91416437051536,10.2774832466578,9.71860034075482
"SH3BP5",10.8438472246307,10.6686691340251,10.6963543975615,10.4891211781395,11.0262388970589,9.70602302416485
"HACL1",8.52072763612895,8.72939745994245,8.56292471789015,8.32908066600577,8.27400471402492,9.04262565015169
"TBC1D5",10.573158644258,10.622098152018,10.7351869719076,10.7648298712926,10.5662824654111,11.1802172147669
"CAPN7",10.3614480525477,10.4882839678728,10.3349221683094,10.3574527157347,10.4011998378487,10.5282660675877
"RFTN1",10.0276698481159,9.87253545037411,10.0046607384312,9.05339264667432,9.4797881422926,9.75771941185143
"C3orf20",6.06122660456922,6.12926986364968,6.03261425473495,5.73093733123111,5.70876948923922,5.77550668699715
"ZFYVE20",11.2764030192719,11.1762459508965,11.1855375838011,11.203134720184,11.32054431445,11.0298737129468
"GALNT15",6.37820212442732,6.65604391987176,5.75456202992873,5.7607533951804,6.15834206985003,6.25468438971641
"SLC6A6",10.0485501710926,9.95190046290363,9.69456174912774,9.37491681403765,9.72936590485013,8.3908602425552
"KCNC3",4.99520527768772,5.00838899562681,4.7660846074949,4.82464481268825,5.20943279770974,4.33057497578978
"NR1H2",7.31646100731947,6.89367700381847,7.5161296999261,8.06071517241143,7.71750400309801,8.04142784365371
"LRRC4B",8.82324580138695,8.35981600411131,8.62854495853205,8.93175644394935,9.50076731445007,8.22973752692289
"PDLIM4",5.97189916146181,5.7368316223205,6.79998829512151,7.06043229251081,6.5226185101805,7.36167716427533
"KIF3A",11.6900538997582,11.8791577142529,11.1109699823427,11.1813897623333,11.5843731471287,10.6398835648731
"MGAT1",8.82324580138695,8.62200867997997,8.83567220572049,9.16194009568756,9.20892027946964,9.49435534353858
"GFPT2",7.673401304741,7.52424624116357,6.82449048673678,7.81545119961751,7.9127074203427,7.72318954874732
"TUBG1",9.05738645449597,8.75989266782807,8.55228367163176,9.09301618327738,9.01368218353162,9.08699023198093
"PSME3",9.6716190676621,9.70271622243005,9.65375837200941,9.66496767422501,9.78352062679976,9.7165117297518
"RPL27",11.3527166934012,11.2527475439841,11.7050958140765,11.9050481372962,11.7262701006217,11.9453669344584
"PSMC3IP",7.44981580957809,7.33818434225533,7.08857834537339,7.88157749475574,7.65129641608071,8.06472115701416
"AOC3",5.3344412562722,5.43072800972915,5.2426758087291,5.28112095084593,5.61575483702208,5.07532107295397
"ACLY",12.4481462594164,12.3752241980153,12.2179907732767,12.6395675298122,12.7684108258856,12.2490534092621
"VPS25",9.21183054218733,9.25158449214407,9.38520452110415,9.67004357685747,9.48644621251567,9.7536512651057
"RAMP2",6.48076738158518,6.44792678694728,6.38235023120535,5.96211569431352,6.55838671547071,5.61588662529712
"AOC2",6.87271940713298,6.76685754580122,7.04794528740955,6.58609309898638,6.99805561656189,6.43857020096946
"NDUFA2",8.3576834732361,8.14838194649489,8.72640976160702,8.80196125077407,8.69289134719179,8.67152878308542
"ANKHD1",6.72736783383392,7.20310972633089,7.08857834537339,6.96777562639213,6.55838671547071,7.26628849061589
"DIAPH1",9.34809017593427,9.49990414998577,9.80600488423103,9.33071179407689,9.33726955391749,9.2198194259136
"NDFIP1",12.3144032326793,12.248752132441,12.2868156294235,12.0290092558981,12.2245353211903,12.0366684242848
"UBE2D2",10.6110760942831,10.6137913417942,10.4200820927914,10.6556760877505,10.6819115612848,10.2836916822373
"EXOC4",11.386681404626,11.4825555462256,11.4641077918377,11.4834769700102,11.3457658731665,11.538526327486
"ACAP3",9.41856523875609,8.75341226294318,9.09197085184009,9.3790568956645,9.81382843282062,8.04142784365371
"C1orf159",7.49159265832426,7.20954211151148,7.5525018847791,7.40416328095667,7.62716898512575,6.78488350934427
"PPFIA1",9.9694211613608,9.92336884310655,10.1372308618398,10.2258127172484,10.093572634255,10.334268672837
"KREMEN2",4.7165496130104,4.33057497578978,4.33057497578978,4.82464481268825,4.80549449477315,4.88837907797739
"THOC6",6.8354600493058,6.2134331229608,7.24013763794434,7.42865150172668,6.89222287773343,7.59133478252114
"TRAF7",9.4382987535682,9.00136376179609,9.46852090139005,9.89406343805956,9.70102888524931,9.98378588516715
"NINJ1",6.82598312485697,6.61696431031565,6.99540769375669,7.69678163213062,7.09036942125385,7.93343430385265
"NPHP4",8.6951841343469,8.5339510607216,8.57699109984022,8.91044451239327,8.85450999374424,8.81335355191056
"MAP1B",16.0903391751509,16.3572107139815,16.0637514884461,15.7297322275661,16.0073931405886,14.9913303439602
"IL13RA1",5.6525384434395,5.7368316223205,5.81044805857035,7.78748637016191,6.25130538879973,9.15493680664389
"WDR44",9.87125532434756,10.038696087164,9.74981241666393,9.65134386092654,9.90690604115455,9.37094476386717
"ZCCHC9",8.13308036283113,7.92736006298722,8.14299016679706,8.62126064586778,8.36380483164449,8.86336117651026
"TOP2A",9.58576932572485,9.67901415239124,10.9046707909419,11.6697480604204,9.9660425391193,12.2488728759058
"STARD3",8.66711173835655,8.56143550191553,8.68481806014692,8.69129779065372,8.85965337808326,8.91168725703185
"RARA",7.31646100731947,7.35563129640412,7.3355137098602,7.70345665799784,7.74762087771799,7.51563211554337
"PPP1R1B",6.00844026539826,5.6520241287847,5.86366298223323,5.53181738139766,5.82678316373963,6.12443048056718
"KHDRBS3",9.55273161675383,9.39986006628348,8.34996531350985,9.60438857104761,10.0500589853931,8.89698997909623
"CHD1L",9.09231650683789,9.08626353247239,9.45907694291546,9.76560942160818,9.27195721633572,9.95484754360088
"PEX11B",9.10946858250594,9.07937681733752,8.55583946488962,8.87420714580602,8.99977731842302,8.66286127681148
"FMO5",5.3344412562722,5.43072800972915,5.07933519419276,5.73093733123111,5.4465120496375,5.65810362455486
"PIAS3",8.25150991735726,8.26866791815237,8.43743883491317,8.57319896887432,8.66963954531538,8.71619412677721
"PRKAB2",10.2576876102284,10.3678407133487,10.1642024700785,10.3464021115971,10.7781488802062,9.89331982601632
"RBM8A",11.3709832847321,11.3235776799243,11.308863614626,11.4882716979838,11.3904962349753,11.4511485232125
"CLUHP3",8.67738350087334,8.54149919794881,8.56292471789015,8.27661771856556,8.80025511246538,8.06472115701416
"PDHA1",10.4810914622212,10.4279662673913,9.89271295468413,10.0591814587708,10.0745587864429,10.1485096001525
"RAI2",7.51491967875223,7.50359283809551,7.24013763794434,7.41237359937797,7.75505115747602,7.07348929612911
"MCCC2",8.39866358208397,8.47209150018622,8.06007361605457,8.25191386050157,7.94872528274519,9.13785816448196
"ZNF304",9.81549031266684,9.70271622243005,9.58943614005612,9.56768650211998,9.75071975144658,9.52928780189991
"ZSCAN5A",7.57714608324443,7.71568339177883,7.44819344488401,7.51114736667832,7.18803634019307,8.26459454934892
"ZNF132",8.72271821537243,8.64086428542929,8.21235607275838,7.47638291567302,8.05462122815303,7.37785530753697
"VIMP",9.0356151437135,8.9208034727136,8.75760331881909,8.97071280607936,8.93629758074995,9.41154664392642
"CHSY1",9.96837795039781,9.94718423814957,9.57901226323129,10.6667169983725,9.99511421081093,11.1151480652525
"SNRPA1",8.63584797194149,8.44282183317067,8.19874965625953,8.40433733198799,8.56428793460431,8.43992984962074
"LLGL1",10.0913426925188,9.63510782238954,10.6255642415145,11.3599491145675,10.6476910653876,11.4744981684322
"LIN28A",4.93817568778476,4.69525161239808,5.69565584988958,5.47521948736164,5.42310223496893,4.83010453277739
"THAP1",8.44152310361832,8.46681400830921,8.30413957857438,8.46806649383119,8.47091812757228,8.18493610461721
"RHPN2",8.33186933541099,8.36266177971322,8.15713539366096,9.71248173990032,8.45058168949779,9.92078866622337
"C19orf12",9.47843965950462,9.40262010323139,9.14478880607621,9.18222660334164,9.48755290494356,8.62765823926224
"C19orf40",6.14437114006863,6.31748106638303,6.21973164683618,6.72119283924033,6.43837371911831,6.80939009577328
"LRRC9",7.05321028673673,7.17049332813552,7.47879312224272,7.96982642064981,6.97235471318137,9.24613450377861
"ACTR10",10.8104811399068,10.8036429486611,10.6531402705844,10.5938373437618,10.8116512331898,10.4033910886096
"GCH1",6.81643943712401,6.68461897403412,6.69726825935597,6.1653683000969,6.68450597902808,6.06819675099262
"LGALS3",4.99520527768772,4.90491546544878,5.69565584988958,6.95645192050632,5.88899535302041,7.82049194481516
"PODNL1",4.60390596466056,4.77662214806139,4.94418431550225,4.82464481268825,4.74232802187034,4.98896808752624
"DNAJB1",10.0475626978228,9.81363786614547,10.1803763065059,10.2497344964615,10.2536254763806,10.3685793425347
"ZSWIM4",7.31646100731947,7.20310972633089,7.50131371293644,7.55250372585819,7.92591053402303,6.88035690059614
"FBXW9",7.30307208814694,6.78446930270084,7.35217632584177,8.27438946005318,7.5175727858162,8.62765823926224
"RFX1",6.63196100526831,6.65604391987176,6.91830170473145,6.58609309898638,6.92618409152662,6.30320502760512
"ZNF20",6.04388889103782,6.30493497245368,5.66493901424027,6.33065288233021,6.26245350803355,6.38389343266527
"C19orf57",7.36877029660064,7.00968649119216,7.49384682798959,7.31930017347531,7.67109281969654,6.5513242749642
"DCAF15",8.28217602211833,7.93888189586916,8.04999422004313,8.25191386050157,8.61184210728188,7.5867205581135
"CC2D1A",8.32534240882815,7.96164951102611,8.29989991996498,8.13636704446471,8.56428793460431,7.35624264735902
"RTBDN",5.40082433975998,5.31286008562374,5.3782345210694,4.99090412180236,5.29596108369109,4.33057497578978
"MATN3",5.3344412562722,5.2124335202594,5.41912560421338,5.47521948736164,5.23931319139556,5.63720988468804
"TRIM21",6.111792441977,6.11466471136286,6.18054720532947,5.94973919615279,5.82678316373963,5.89830401412361
"SPATA6",8.93013246163848,9.12188771346692,9.24713960886293,9.36555788066099,8.58308423393308,10.06727062528
"LRRC41",10.394439518056,10.252556547545,10.3543991025659,10.4064118792821,10.3852652496627,10.5939949426521
"LHX1",9.16520907245283,9.068984537956,8.51623232253245,8.99386008831463,9.73216919907673,5.65810362455486
"GAS2L2",5.46268370782665,5.51016048524524,5.49586482724437,5.43553531135657,5.20943279770974,6.05371984338478
"CCT6B",7.24117963765951,7.35563129640412,6.90692282347899,7.26579459058132,7.01702036134237,7.48616102253718
"ACACA",12.3254406693864,12.4427607797894,12.0761271442242,11.8940701658493,12.2756824090019,11.3561248691762
"DHX30",11.0842435836201,10.8150741141717,10.9652566592265,11.1243169187883,11.2385122699695,10.8672015720973
"RAF1",11.7197933838429,11.6578337250874,11.5381258148101,11.7829517411978,11.7437300723357,11.6336904613288
"SLC6A11",7.1390734122226,7.17707819150479,5.98677983682015,5.28112095084593,6.33784955861795,4.76371589021208
"NUP210",9.15790057669722,8.93994519669123,9.43229960109338,8.58939905639909,8.78951335673895,8.85767908140501
"HSD17B7",9.02961987740918,9.14350679959379,8.70416402517429,8.54023943131496,8.74201466907865,8.06141674089896
"ENOSF1",7.48569998499647,7.35563129640412,7.97736969900184,7.51495760913922,7.23708728805804,8.34276945812072
"LINC00470",4.33057497578978,4.58878259651035,4.33057497578978,8.37345956161714,7.96480054455903,8.33732495453085
"EMILIN2",5.22411723473243,5.24729833481842,4.7660846074949,5.51331587387945,5.14598214718274,5.67858866699434
"ARFIP2",10.1440309666118,9.95941447389744,9.78952666147922,10.1618125361186,10.178218560946,10.0876096737708
"TRIM5",7.58817079353714,7.52936261263497,7.99324667467734,8.72588951096918,7.55648106711701,9.724848072014
"CNGA4",5.26254826080776,5.34383018699978,5.29031095099465,5.28112095084593,5.29596108369109,5.15195654074678
"TRIM22",6.76768353188172,6.54567163620786,7.86674150542615,8.04247056979435,6.54062432223393,9.1425361134181
"RRP8",8.9556569712532,9.01406144591473,9.03967797918752,8.79887073063167,9.11890380414535,8.8327937281246
"TIMM10B",8.96615989634526,9.25464358743583,9.21382485946965,9.11801255140461,9.18318503296805,9.19901427417006
"EFR3A",9.70081168425929,9.68695823952501,9.59806546082088,9.75290869610466,9.40795472109551,10.1171944929458
"HHLA1",5.36825224778896,5.24729833481842,4.7660846074949,4.71402308857299,5.37441071259404,4.33057497578978
"PTCD3",11.0506404107555,11.0757230894079,11.1769285158733,11.2784218403809,11.013243113629,11.6651488793175
"IMMT",10.6884856105936,10.7709316981501,10.5810119106856,10.8714487756904,10.8058996301545,10.6552243136385
"MRPL35",10.0515085391094,10.0484166971455,9.97846972414403,10.070739257598,10.1022643887306,10.0181012478846
"IQCA1",5.5207400332063,5.40267998277688,4.7660846074949,5.51331587387945,5.65395698090973,6.29124861845814
"ILKAP",9.19942642477404,9.1484500301391,9.38719787370666,9.15108327884906,9.33726955391749,8.87278170129689
"PER2",8.36406493692669,8.40744155608265,8.17578040881632,8.13390885696022,7.93899227619341,8.49227875959925
"RAMP1",5.57553933579376,5.24729833481842,7.01666422632071,5.0909007841773,5.29596108369109,5.7938961322474
"SCLY",6.51723368027146,6.78446930270084,7.05821634900997,6.93928874200785,6.73951207025976,7.26628849061589
"PTPRE",8.26862773983864,8.21924907137084,7.99849992386532,7.63873556371324,8.58722795759676,6.34993536391042
"RAN",12.2651492345658,12.1887086414856,12.1339048041787,12.4936473850609,12.3289391018949,12.3711833975283
"PRKAA1",9.95790410663788,10.0883709897257,9.77438118950172,10.2637874803815,9.94606227714205,10.4568987101414
"CARD6",5.14109345202186,5.24729833481842,5.0153475618871,4.95373220111794,5.11210946503177,5.11466593771837
"RAP1GAP2",9.75142768602946,9.32617696587529,9.21606999188072,8.50460701438518,9.44488909097348,6.59003562630551
"CLUH",8.62792446314032,8.2927514492747,8.50523779269717,8.34190133605847,8.60368421305425,8.07458872633557
"INPP5K",8.87098952953717,8.59808537311085,8.49044603867034,8.90326974739828,9.01060380982844,8.45759277300808
"MYBBP1A",8.44754256766867,8.13844004306714,8.32931711803172,8.54578554824596,8.68324881614461,8.23853175849234
"RPA1",8.57395267837515,8.32229679462841,8.79416288500709,9.7774155473168,9.17907917591514,10.5234971486674
"SERPINF1",5.04742567774093,5.31286008562374,5.2426758087291,6.14439749474012,5.23931319139556,6.80127051198349
"UBE2G1",10.33498606586,10.3706607869225,10.2400131741752,10.4364983869538,10.4474053299666,10.2935298560482
"EEFSEC",7.59365102268043,7.10977802219848,7.68275068519138,7.56724655127282,7.94872528274519,7.15133162417071
"TBC1D14",11.7157597978211,11.6094202996186,11.6038281822877,11.7930623732433,11.8223079964466,11.5881779435111
"TMEM128",9.36880632694728,9.20331786604865,8.96952399330208,9.0153106234125,9.00906214874504,8.78369106820868
"COQ3",7.67856140727407,7.68399881186436,7.24908276591028,7.5854610146237,7.74389108278467,7.52532030003391
"PNISR",11.9627427983121,11.9187065320379,11.6605057967489,11.9203847256988,12.0793482044113,12.168308221994
"POPDC3",5.62750733317344,5.45795213323723,5.86366298223323,4.91404266993799,5.23931319139556,5.28523604052962
"SEC61G",9.35449617756728,9.07072180600046,9.20706837381123,9.31025959540033,9.30999811798254,9.42440355969753
"LANCL2",10.841001046687,10.9063192862515,10.5948674852999,10.7001683808241,11.1265485970524,9.95750243917388
"FIGNL1",9.2773632647865,9.38178972471936,9.26459716379155,9.47404040595738,9.39267531221395,9.33326142907186
"DDC",5.0958257135656,5.13762512309315,5.98677983682015,5.6525587184268,5.79433681434327,5.18746296578136
"GRSF1",10.9989760090601,10.9456161937782,10.8479508954134,11.5753422141057,10.9355483598186,12.0950788315579
"ENAM",5.04742567774093,5.00838899562681,4.7660846074949,4.91404266993799,4.66714835127326,4.33057497578978
"ANKRD17",12.5253379098177,12.6608631234434,12.5028924788377,12.2586444796851,12.4144238109385,12.2274097354171
"UTP3",8.58763713156068,8.37398866355746,8.50891201053144,8.57138761546195,8.45965574735079,8.96550150626289
"ITGB4",4.80259831140558,4.69525161239808,6.84855731667408,7.55250372585819,6.2844576999073,9.08699023198093
"WBP2",9.57484072066553,9.15501470121695,9.0447409562731,9.08669864401928,9.60028859101088,8.68014427585977
"H3F3B",13.1882582877848,13.131255749363,13.0458098153197,13.5656060614509,13.3868370700113,13.0452359652986
"UNK",8.90195978674521,8.8896365274247,9.11381304264582,9.17152231771162,9.10886517354124,9.22570893573207
"TRIM47",6.16034128042322,6.0388771203416,5.93909051704448,7.16691083790693,6.64378255741951,7.21903860434312
"ZRANB2",10.9612055977711,10.9699926363389,10.9322156696551,11.0370206351306,11.1201453064715,11.2175996566255
"ANKRD20A3",5.62750733317344,5.51016048524524,5.53204272811162,5.05921631031587,4.86095996838829,5.3153992589889
"EIF5A",10.5565980830275,10.3292198732048,10.3716056059471,10.8221659288199,10.6688082430176,10.9706720677828
"KDM6B",8.13681717974602,8.0633369964684,9.31573450692466,8.41650445406491,8.4160328858863,7.72737996107839
"GPS2",6.17610689899361,6.35439345161833,6.18054720532947,6.13377621276322,6.36884173554423,6.25468438971641
"DLG4",11.0447156261775,10.7242936087924,10.8150376412226,10.4905558604018,11.0836787721175,9.5989793654791
"HRSP12",7.85282058766129,7.87632492610492,8.31258139993345,8.4912528267593,7.93899227619341,8.82310651357793
"VPS13B",11.2939914385028,11.4392283721055,11.3969991083925,11.1541919703081,11.1346894302922,11.3191137079631
"RGS22",5.6018543074561,5.7368316223205,4.63910910251109,4.82464481268825,5.42310223496893,5.89830401412361
"MATN2",9.52602859947427,9.45141710591192,8.23029881608044,9.3015604644663,9.7862206309522,9.90894971658827
"REEP2",10.7079870602334,10.3014085463415,10.5305406119189,11.1387219843153,10.8802025284102,11.6667715085273
"PCBD2",7.8436809557428,7.93888189586916,7.68928444166657,7.83682709331949,7.59848954611405,8.13868445275546
"SDF2",9.34487645628323,9.21906527634463,9.25807536473635,9.69349753386228,9.41611543945618,10.0095986815655
"FLOT2",9.55967722959322,9.30715160493222,9.48536553940257,9.68766973636913,9.58589498843124,9.7888641213946
"ERAL1",8.58217900268261,8.57620798498917,8.54514553185727,8.77861866539099,8.89013307157339,8.93345524101333
"PRMT7",9.19586266783912,8.9208034727136,8.94806296378413,9.57672481284004,9.72186368347251,9.63702452693222
"NIP7",8.2889023517545,8.30760036652845,8.28710505000652,8.42053730713915,8.1191760897541,8.63654026824561
"TERF2",8.99105829743228,9.068984537956,9.04978617623314,8.73400426517606,9.04410890734493,8.58470123776043
"VPS4A",9.8224357378628,9.64446309657849,9.39712345835876,9.85893879247369,10.0144304954956,9.68374506224799
"MTSS1L",9.92709238178042,9.54556419363794,9.93009225816982,10.186220512846,10.130156069248,10.2680947846043
"ANKEF1",7.79233381817689,7.86024605995143,7.47120541838317,7.81852466873386,7.53066194562847,8.59385229957226
"PCED1A",9.22412867730333,8.8375031438208,9.00632698038949,9.16554090968686,9.35678384736694,8.66286127681148
"SNAP25",11.6486635366513,11.5968330039456,11.1384260412688,10.7137441913089,11.3738470865159,9.04762315352636
"BTBD3",12.2011184865663,12.1647453975345,11.5488413683715,11.8084801275052,11.8654813766097,11.412339991775
"PCNA",9.17429280666517,9.17453093327016,9.86152234651102,10.4290354024577,9.44602816581555,10.576834790296
"NXT1",7.6314284560604,7.50359283809551,7.52347964195245,7.80619067008445,7.73640192013404,7.62321892806516
"POLR3F",8.94082279178687,8.95695754193457,8.73270290508688,8.81119312613597,8.86136375746045,8.682290095258
"RIN2",8.24114001093791,8.41568412165511,8.82687773711074,9.16554090968686,8.61387435525855,9.5761213947702
"PTPRA",11.8571212437737,11.8156564713227,11.7221585169002,11.7932561156932,11.8874310890876,11.7840424354329
"DAP3",10.1160447574274,10.114685414534,9.94909911268884,10.1515697104499,10.0312173329096,10.1485096001525
"KIAA0907",9.958954922208,9.9224079942474,10.0354744934189,9.92481852072991,10.2240669811155,10.0027603361592
"NES",12.5483754759952,12.4645332136518,12.7467263893815,13.9741170097384,13.0974869817443,14.2581100970971
"BCAN",9.45329650431033,9.17291465097359,10.3141318903205,8.28106385062671,10.276843605289,7.09336464344323
"ARHGEF11",11.0287961827123,10.9764857431425,10.8341456882596,10.5727713408001,10.9628424103362,10.0827544067942
"RAB25",5.0958257135656,5.05426032044833,4.7660846074949,4.95373220111794,4.99924798284876,4.33057497578978
"HAPLN2",5.46268370782665,5.37374005388151,5.2426758087291,4.82464481268825,5.07654591073903,4.68467332000649
"DCAF8",9.79915296176499,9.71053106157512,9.81787180706001,9.80459278168189,9.63065617697791,10.229812775578
"SYT11",13.2878578788156,13.2976187422535,13.2622810545517,12.8627418605256,13.2367589851955,13.2349163005506
"IGHMBP2",8.26180517451171,7.95031121423043,8.07506041228118,8.08128434587954,8.58308423393308,8.05810465205392
"MTL5",5.6018543074561,5.2124335202594,5.0153475618871,4.55239249687834,4.95674843757777,4.68467332000649
"MMACHC",7.47384006337657,7.35563129640412,7.47120541838317,7.72984654518072,7.53499811285736,7.8930562109277
"DPH2",7.8436809557428,7.53446047100866,7.88389418139776,8.11159262389103,8.02734668809823,7.90418256067583
"TOE1",7.91083738640365,7.91574418510972,7.94507471577092,7.97533633310703,8.16990517830253,7.87431663323032
"NASP",10.7315378460645,10.7286962152742,10.4791728263341,11.224556742474,11.0281402044434,11.6529206323552
"MUTYH",7.92822283064298,7.8066964050237,7.83768552609725,8.30527363848017,8.21084539863548,8.14181492784617
"CTNNBL1",9.00130674097162,9.08110158900792,8.83859177605447,9.16554090968686,9.14720563218502,9.10147953490621
"LPIN3",4.33057497578978,4.84495094307666,4.33057497578978,4.55239249687834,4.66714835127326,4.76371589021208
"ZSWIM3",8.8301642122989,8.67098600898378,8.52714319831692,8.27215772536701,8.6057280384882,7.54925324738034
"RBM38",6.22223378738274,6.25346714605822,7.4247982507733,7.40004002884461,6.93287609499554,7.77267492272428
"VSTM2L",9.29745302067819,8.89356954853587,8.31258139993345,9.13770163197349,9.84782613113958,8.27317766751525
"OSER1",8.94719904553425,9.25769619590342,8.8617372504545,9.16673918171736,9.17770794981611,8.92623580383093
"SERINC3",11.188679126699,11.187883139334,10.8091069481185,10.9226500383576,11.2073036152688,10.6784701229368
"PPP1R3D",7.75866388103475,7.4122663862888,7.00607707526862,7.36237456870527,7.75505115747602,6.95509811538612
"DMGDH",6.48076738158518,6.44792678694728,6.18054720532947,6.366589959339,6.17035088062347,6.70857049326097
"AP3B1",9.18331956688118,9.34351847140204,9.41872189502224,10.0675380412494,9.43229944790775,10.6210334379604
"ZBED3",6.68580357978683,7.38423491701478,7.22207310011052,6.63025606291703,6.2844576999073,7.06680005950331
"INADL",9.72695897567853,9.81052497824464,9.81491422403141,9.14136353010717,9.40795472109551,10.3705724175983
"KANK4",4.60390596466056,5.09718127405855,5.49586482724437,4.82464481268825,5.34903754503733,5.11466593771837
"SYT4",14.0924127240566,14.1111045281745,14.1335101283308,12.7879112561986,13.3552303132492,10.4773881111148
"SLC14A2",4.99520527768772,5.09718127405855,4.7660846074949,5.25661469107151,4.99924798284876,5.15195654074678
"FBXO44",9.44131082347357,9.09823652986495,8.76683080384328,9.0739797299561,9.74795234583184,8.26172202680102
"RSG1",7.0692241342811,6.72179300651678,6.94077887024594,6.68694592364447,7.21005064912976,6.48070743372353
"CASP9",7.64731463068176,7.6748142741682,7.60881388150519,7.90776683256439,7.46851027478775,8.20601829769583
"NMUR2",4.93817568778476,4.84495094307666,4.94418431550225,4.33057497578978,4.95674843757777,4.33057497578978
"DCTN4",11.768535386138,11.8466177329181,11.6890402781691,11.8263879159463,11.8040046212858,11.6203543220253
"ATP8A2",11.9360536957314,12.0312361839206,11.2999050921089,10.506243877926,11.4566477400439,8.55923063538039
"MTUS2",8.74485995418759,8.90335528059791,8.80315924048954,7.91639054272443,8.99666900720662,6.51143928016197
"ZMYM5",9.22062563312477,9.39986006628348,9.19573660328902,9.30265073455877,9.31499513546089,9.24323425007918
"USPL1",10.0356599577441,10.0815014782262,9.97184693722878,9.83126700794505,10.0319757460702,9.49313553523854
"XPO4",10.3717405866834,10.5210168924961,10.3472539601946,10.6492676715533,10.2581694888237,10.7928625952028
"TPTE2",5.83411797820783,5.71625300812078,5.63329680407505,5.58533341826546,5.55563637036578,5.50195500208462
"POMP",9.75868801245531,9.76836424585609,9.63375459161552,9.83729527645384,9.64461161411216,9.87564818427946
"CDK8",10.5779532029759,10.546803290279,10.3806324872731,10.2303999495446,10.5162203500152,9.56919268141549
"HMGB1P5",6.99564779673892,7.19664743352791,6.46448655819503,7.17178260254888,7.22092843407769,7.46616498671517
"WASF3",10.7259946825901,10.6635043478101,10.2940995515432,10.2643467609183,10.6491744324641,9.63591977237974
"GPR12",8.89537924280543,8.75124561482829,6.38235023120535,6.27476788446092,7.48654974865175,5.37273133131448
"CHRM3",10.3510815261895,10.4353928914273,9.9246153762528,9.32428453507539,9.76082167995975,7.98671204508769
"MYH10",12.6388178135607,12.5882339023333,12.7248445592089,12.7104227946543,12.7697749744619,12.977338942667
"PEMT",7.52069154069623,7.19664743352791,7.64962153261386,7.63174729750591,7.5479271328579,7.83219871463206
"SCO1",8.62792446314032,8.5084997679839,8.51623232253245,8.59654079746363,8.5851575916591,8.8951422091692
"MPRIP",12.4847078787635,12.4435978482372,12.5460934582414,12.184511563666,12.5306958010099,11.8356846777474
"PIK3C2B",10.0817280511882,10.2302154349329,10.4470684313603,9.85225655389969,10.3721500508315,9.06415721364255
"DSTYK",10.3748927972328,10.3371714173081,10.2222680847139,10.4175166165287,10.3153515888969,10.8076478638631
"SLC41A1",8.02426783561473,8.17131409702859,8.18960621252554,8.34190133605847,8.19460977828675,9.00885774659924
"LGR6",4.80259831140558,4.58878259651035,4.63910910251109,4.95373220111794,5.07654591073903,4.33057497578978
"TMCC2",9.66390532749005,9.32472236857087,9.31154175413897,9.59463308566578,9.8426476302048,8.682290095258
"DCLK1",13.5719596183926,13.6158911413499,13.3833348980471,13.2561745420097,13.4320525457057,12.9509472431568
"CCNA1",7.44981580957809,7.43974874141735,6.8122948523233,7.42865150172668,7.34524114011646,8.88027391822712
"COG6",9.74291081521706,9.80219092319733,9.7849997086218,9.5216242878587,9.56193164796194,9.85965094543341
"SPG20",9.62602878246184,9.73153158762709,10.3421285237396,10.854464944601,9.9331280223752,11.8114399834101
"RXFP2",6.44325127059483,6.68461897403412,5.49586482724437,5.28112095084593,6.54062432223393,4.33057497578978
"EPSTI1",4.33057497578978,4.90491546544878,4.86296472820736,4.71402308857299,4.56883750728876,5.11466593771837
"TRPC4",8.37358412581227,8.37116533063057,8.29138273173614,9.09930610414443,9.01368218353162,9.52451960093856
"POSTN",7.67856140727407,7.55466948165894,6.33042650449943,6.69386575843543,6.3991018748316,8.36701671733974
"RFXAP",7.45586048096702,7.58935303296618,7.52347964195245,7.41237359937797,7.6231073976722,8.01774770225266
"TPT1",13.1564484866336,13.1486077972197,13.5261859551893,13.5709268880444,13.2578134408009,13.9438862500978
"GPALPP1",9.95790410663788,9.95847736170324,9.6783787840274,9.8559727326731,9.97158774048586,9.79876890889876
"STOML3",4.60390596466056,5.2124335202594,5.83737023149546,8.34190133605847,5.42310223496893,10.234197956143
"RFC3",8.51214014062044,8.69598911037403,8.7452070695845,8.74207342933317,8.35410074742384,8.7328506243017
"STARD13",7.66302429663445,7.58935303296618,8.01932138505468,7.24288030421585,7.13718924578107,7.9406542465097
"IRS4",6.49303627369584,6.31748106638303,6.41583398350578,5.80400878913798,5.79433681434327,5.11466593771837
"MORC4",7.72915364180026,7.65626437748541,7.73419557219369,8.19883872296122,7.77711121507535,8.935254450448
"BEX2",10.1705775299617,9.97432600531415,9.51665554875407,9.421823964629,10.0350054151386,8.34819333498937
"RNF128",6.4305009759227,6.06976574579927,5.45827589049947,5.05921631031587,5.51344929562775,4.76371589021208
"TBC1D8B",5.14109345202186,5.24729833481842,5.0153475618871,5.0909007841773,4.56883750728876,5.15195654074678
"TCEAL4",10.1075418537801,10.0217499997368,9.18889446867189,9.90844979303263,10.1216313412205,10.106868864268
"BEX1",11.5800015287301,11.5679499364758,11.3775952873034,11.2639551231918,11.6110018783162,10.1384066054604
"FAM104A",9.04555205928148,9.00136376179609,9.09685340733888,9.12172483349431,9.19000220568794,8.91168725703185
"SLC39A11",7.02883500481642,7.24752405153874,6.92958651312438,7.36237456870527,7.13718924578107,7.70630283433365
"EPHB2",11.950384513325,11.7619040362726,11.958496874607,11.6821463639232,11.9797183410214,10.6464781622081
"SRRM1",9.64835284738618,9.90597479999593,9.87720201753689,9.68181827357675,9.75899022482665,9.88497604948143
"BTBD2",9.12641860295638,8.54650931110655,9.48350361129794,9.46335760527424,9.65449767328183,8.8840054332622
"PRAM1",4.93817568778476,4.77662214806139,5.2426758087291,4.91404266993799,4.95674843757777,4.88837907797739
"SUV420H2",7.15412798548242,6.73092761276427,7.12804990920464,7.2793645171567,7.34524114011646,6.88801804929274
"ZNF414",5.97189916146181,5.55970553524277,6.20029399103025,5.99848057344674,6.31676160488645,6.09663944422455
"PDE6B",5.26254826080776,5.53524434648493,4.7660846074949,5.45558649408591,5.70876948923922,5.5258120673756
"HSPBP1",7.70408345195101,7.35563129640412,7.93414485834228,8.16071897604445,8.02121416697394,8.19400943751383
"CSNK1G2",8.55178237037359,8.03143602779667,8.78207944247593,9.26846242387592,9.30623894063602,8.65632613171377
"ANKRD32",9.20298137963098,9.18899636962307,9.37318611230145,9.76718917097868,9.28602252592834,9.97245518157756
"CNDP2",10.0652345509429,9.84338748540136,9.6454571872689,10.2229382683612,10.3882294144015,10.3639180932845
"MACROD1",6.37820212442732,6.36646410882688,6.68385737112564,6.91019562899309,6.79235481056696,6.64605828080328
"WDR74",8.37674317942589,8.12507557929939,8.53076178760897,8.71116639951409,8.66963954531538,8.40133127865555
"RTN3",13.0868053950718,13.1231279450388,12.9974134348953,12.8608020970545,13.1565581232827,12.4025214629289
"MYH11",4.60390596466056,4.33057497578978,5.29031095099465,4.77291247508709,4.99924798284876,4.88837907797739
"FOPNL",9.11325254656808,8.97562705037016,8.95076317415032,9.19167514527474,8.83549185548443,9.32505650633143
"MED10",8.27541791952294,8.02064177406534,7.88389418139776,7.97533633310703,8.4183622368912,7.94783775386725
"PDZD2",7.47978252488682,7.72015244174919,8.4297037653274,7.0338224137936,7.76979592090996,6.48070743372353
"MORC2",10.0739899035233,10.1430046518182,10.2477085029797,10.1166851963863,10.363741478659,9.76481115212211
"LARGE",9.86229692761985,9.82293639194086,9.87009603223881,10.3668577243682,9.99744587741879,10.4878307281366
"MYO18B",5.57553933579376,5.6520241287847,4.86296472820736,4.91404266993799,5.20943279770974,4.33057497578978
"SLC2A11",8.6411061146322,8.74254619225178,8.30836671377887,8.25869370048115,8.52377912090414,8.23267495134167
"C1QTNF6",7.94966016818804,7.8066964050237,8.20329953523338,7.73636791987748,8.16713366873259,7.7967848029881
"ZDHHC8P1",6.09517066737624,6.15796744435664,5.60065691610817,5.3280834021818,5.97641267591333,5.18746296578136
"ADCK2",8.84845211348478,8.61963421594228,8.20329953523338,7.90198851257261,8.56007732317955,7.25462542897823
"MKRN1",11.2709152345239,11.364110642319,11.162464895276,11.5110671262095,11.565645633314,11.2304579505716
"AGAP3",10.0396384670385,9.81156335476632,9.95044720322588,10.1048669009061,10.4502446021217,9.12845639658986
"KRBA1",8.0680105217294,7.90010733763586,8.08002122851554,7.86384605958538,8.23220997116397,7.47119071522143
"ZNF767",9.18151873839169,9.1335691036514,8.99851952195043,8.77704892531192,9.19136177398489,8.77567654292518
"ACTR3B",8.85750953167143,8.86580970271222,8.66191329916477,8.4484538693029,8.69673030126211,8.36166381032946
"NTS",5.74711795931809,6.02312871455732,5.19204933581343,6.81899045926147,6.79235481056696,6.98388687580245
"BTG1",10.8186059743905,10.7341806418116,10.8970028127992,10.9545316124126,10.9399987398775,10.3267600739256
"LRRIQ1",8.37041808834304,8.50592961668243,8.65198398976558,9.77034348418813,8.20815223643278,11.1020143466764
"C12orf29",8.51500835691647,8.58840324786156,8.77294969540263,8.58042159964871,8.59958780847003,8.78568773315671
"ATP13A3",11.3610844947014,11.371167476716,11.2048633160437,11.3904928114283,11.334439980266,11.4514623509698
"SFTPD",5.54851785949931,5.77685464919912,5.07933519419276,4.95373220111794,5.63503194179442,4.68467332000649
"DYDC2",6.12819034179057,6.00716920758814,6.54174004934149,6.04529202176455,6.05777184720114,6.44923337026561
"TMEM254",8.3955525598657,8.60049573085151,8.38239530543292,8.61775520212101,8.30708618189687,9.07887711853843
"TMTC1",9.43528037124872,9.36065361083876,9.92324289808476,9.69764586322221,9.6554825588174,11.6422383204569
"KRAS",11.0818347048698,11.0242741479213,10.7836258473362,10.733669369398,10.8772521268136,10.5583027380831
"IPO8",9.744130597066,9.85148735635476,10.0111348106684,10.1915235019697,9.73123537344564,10.7729101423998
"LARS",11.7819524806958,11.8374753560783,11.7595390836237,11.9003792132461,11.7820901155361,12.1004917534901
"SPINK5",9.01350925021389,9.08626353247239,8.79416288500709,8.71936453333919,8.32210037747267,9.09505785200406
"IMPA1",9.47697273765789,9.53176542686163,9.14714416613549,9.23686892724321,9.26680829525021,9.13941917106147
"LRRCC1",8.79523417180489,9.10672807900063,9.02438124038737,8.86684874704198,8.77143000974603,8.9280440644363
"E2F5",9.01350925021389,8.96818830715829,9.24494245320358,9.67257483865142,9.02593021452796,10.1577730209124
"CCDC59",8.5063864392058,8.64086428542929,8.54156309644457,8.58939905639909,8.74015605497258,8.79958722914079
"SWAP70",7.65780710654654,7.8803163866039,7.84354444978498,8.43256820435577,7.60262243590723,9.27482013441511
"ARNTL",9.20120499973756,9.39709472954062,9.09441420071506,8.64038902406979,8.76596031945126,9.03761072438037
"LYVE1",4.7165496130104,5.00838899562681,4.94418431550225,4.87127988604197,4.56883750728876,4.83010453277739
"AMPD3",5.5207400332063,5.34383018699978,5.0153475618871,4.91404266993799,4.99924798284876,4.83010453277739
"SBF2",11.7558991681579,11.871713370185,11.6662580249062,11.4954340405804,11.6218697987392,11.3412986875809
"MICAL2",5.87520277529963,6.22692081198388,6.21973164683618,5.98648331822425,5.53476861827663,6.00920807852439
"RRAS2",9.11136180841796,9.26984230914643,9.06232235237928,9.0980503178252,9.16945304380747,9.05094520312987
"HSD17B4",11.0461991053831,11.1081858793273,10.9975577001211,11.5569748830114,11.0858710497481,11.8062964147906
"ZFC3H1",10.164214347916,10.2464279764599,10.4034476913377,9.89839444111024,10.2876791067249,9.98378588516715
"TEX15",6.33753079965724,6.39026961629101,6.69726825935597,8.37761526210994,6.74718918806888,9.89793447204031
"TMEM66",13.309327658987,13.267680693649,12.9448038841367,13.1656174130086,13.2714402183062,13.4460938312622
"RNF122",8.28554313971869,8.05982747804389,7.95050833517773,8.6472820761186,8.73269745384022,8.09735108405167
"DUSP26",9.54715091501571,9.33776114432522,9.62870994994964,9.15833024963086,9.58796004234247,7.30070367541957
"DPF2",9.41243858706752,9.36207237766643,9.46286196008094,9.91630150969829,9.92987624293421,9.97070406444695
"MEN1",8.59578559098937,8.34262154231532,8.35814192546247,8.55681386040482,8.68518250976069,8.40393712176816
"C14orf1",9.31069212483879,9.32180875805441,9.02181589353066,9.5131743759526,9.53328252325159,9.35759935205213
"C14orf159",8.81629392101001,8.65716216897925,8.47550008213014,8.61950899426717,8.68518250976069,8.85957561010754
"UNC79",11.5229014807244,11.7052335495312,11.6393551209914,10.7644346080767,11.3801130572835,9.10627705806585
"NUMB",8.71775112588941,8.92465225905957,8.84731506814658,9.03644595288523,9.04109503417977,9.20051037087257
"COX16",8.41718915815296,8.41294186554891,8.36221278826824,8.36720331224614,8.31711312572518,8.25017389671768
"TTC9",10.1948614976626,10.1289145631517,9.82817581287071,9.95146178070611,10.0693965367775,9.43460708890297
"MED6",9.01957190137446,9.12523494112062,8.96952399330208,8.89026423806686,8.80025511246538,8.90619337077487
"EIF2S1",10.6473706193087,10.7281466238498,10.4912615992217,10.835021890533,10.5673289618378,11.0082768777121
"ADAM20",6.69631622744201,7.14383672489722,6.82449048673678,6.02211641227821,6.04459192115025,6.67320839276355
"LOXL2",6.54099217405613,6.67516177549202,7.09855240093192,7.04984994513719,6.93287609499554,7.76046456131871
"ELP3",10.5093339589782,10.6321210913096,10.4537368407458,10.2837861568742,10.3976740035886,10.1477349551702
"CTIF",10.9110658953676,10.7358219112872,10.8885909900375,10.9877568254675,11.2658408146574,10.2737859225824
"MRO",5.04742567774093,4.95891832408665,5.83737023149546,5.0909007841773,5.11210946503177,5.03357482878391
"MBD2",8.802288440212,8.8375031438208,8.70736316348302,8.81731492179533,8.6057280384882,8.71199964149632
"IER3IP1",8.70274593815867,8.70048871907336,8.20783497667597,8.62998697861772,8.51510318243122,8.63654026824561
"MRPS36",8.48606469245659,8.38242541971237,8.20329953523338,8.37553891920523,8.3925286683297,8.15736519835445
"CCNB1",8.62261771767438,8.56143550191553,9.22501566579773,10.0494786708118,8.85279143390419,10.4951567238924
"CDK7",8.77625168478885,8.76634396910689,8.69774428738722,8.7144512711863,8.66768478986377,8.78169162450539
"IRAK2",6.19167384472197,5.7368316223205,5.78285907365734,5.70027502758029,6.04459192115025,5.42659714675519
"CAMK1",8.31549587315435,8.11834614368255,8.17578040881632,7.92211078054445,8.40432898138186,7.75226551809383
"THUMPD3",10.031670438487,9.96968269992857,9.98637711337024,9.65817186920612,9.95648656869731,10.1639157343387
"VHL",10.9105230128214,10.9564489236947,10.4894083710455,10.9261881709948,11.0891532315276,10.7496183176919
"BHLHE40",6.37820212442732,6.42517175702489,7.18522450335871,7.35386512212328,7.23708728805804,9.16416770169776
"ARL8B",10.5014239672703,10.5592166554215,10.5205938725924,10.4129841003739,10.4987735670069,10.5577197567657
"EDEM1",9.05934942303815,8.99405729168664,8.95076317415032,8.80504513775182,8.91340061362166,9.07724899126205
"CNTN6",4.60390596466056,5.05426032044833,4.33057497578978,6.89243729035956,7.86893076154135,5.15195654074678
"CHL1",5.40082433975998,5.34383018699978,4.33057497578978,4.33057497578978,4.66714835127326,4.33057497578978
"MEIS2",8.65935939785746,8.74254619225178,12.8488910088797,10.8323844258223,11.47906054785,11.0197507644009
"DPH6",7.50912406189651,7.6748142741682,7.58795930644445,7.68333641555569,7.04805835811577,8.19099138957331
"KATNBL1",10.1467999397869,10.1618511511252,10.1313001002017,10.0390565422696,10.0197929950545,10.0130057282253
"EMC7",8.9556569712532,8.9361371845118,8.89577128390487,8.77861866539099,9.00751883344009,9.00885774659924
"GSTM1",4.33057497578978,4.77662214806139,4.33057497578978,5.15028716110163,5.61575483702208,4.58127373257168
"PRPF38B",9.2773632647865,9.33487382519952,8.88168823501977,9.37387993118141,9.39857120811004,9.90161558123553
"TSPAN2",8.43850386345387,8.55399182076828,6.3126379774091,7.34100315303529,8.28170706968008,6.88035690059614
"GSTM3",10.3928854937478,10.3457961125141,9.92598654886531,9.92127587986723,10.1843710986603,9.57957329551284
"SYT6",8.48898549385237,8.35981600411131,7.63614948010193,9.26175051487158,9.79339600994523,7.82440493355072
"VAV3",9.74899942614964,9.79275714281113,9.63878163274787,9.70260814609515,9.92007665769168,8.19400943751383
"PSRC1",7.75378797125387,7.46670362353506,8.98013558505696,8.65243022935743,8.21084539863548,8.38559587944258
"HMGCS2",5.40082433975998,5.51016048524524,5.0153475618871,5.0909007841773,5.03903521958369,4.68467332000649
"PTPN22",5.04742567774093,4.95891832408665,4.86296472820736,5.0909007841773,5.17836802896297,4.33057497578978
"SORT1",11.5492950655733,11.6847051953763,11.8611919272568,11.6422629016346,11.7467350946061,11.4517761104683
"WNT2B",8.41718915815296,8.4535346358434,7.68275068519138,12.4873148608871,9.25385484294785,13.4553550151329
"PTGFRN",9.80149823810552,9.78854444823608,10.1803763065059,10.1110991307884,10.0478109462072,11.0725289849823
"LAMTOR5",8.82786177418644,8.93422938976644,8.68481806014692,9.07014202555374,9.06354665946576,9.07724899126205
"NOTCH2",10.9310102433584,10.9843311356116,11.6127922784193,12.0293382616107,11.1978753832615,13.2970878646179
"TRIM45",7.79233381817689,7.66556973088888,8.18040388990556,8.56229638345275,8.0181379847393,9.06415721364255
"CEPT1",9.34809017593427,9.49474030586583,9.27108955064791,9.53188509670835,9.48201092031927,9.59557370360195
"CD101",6.69631622744201,6.90972567126368,6.94077887024594,6.15492760336544,6.3991018748316,6.9032122694239
"VTCN1",5.5207400332063,5.67386991742712,5.66493901424027,6.02211641227821,5.63503194179442,6.30320502760512
"AP4B1",9.2047555698784,9.11685222728737,8.85598573220306,8.67621380842172,9.14018218792599,8.22088886962682
"NAPG",11.2521847373851,11.2736111178488,10.8580392638535,10.6586569650545,10.877673982434,10.2616652895212
"SPIRE1",11.0803874443001,11.1316468450835,11.04500763519,10.925834748028,11.1595338589505,10.5928572630169
"PPHLN1",10.0989885050237,10.0892273817444,10.0265549809343,10.02328070045,9.98104445313014,9.97157988891
"FKBP11",8.36087775999536,8.6100968777848,8.01414446739986,7.65260930612902,7.74015144791177,8.00058918410891
"ARF3",10.7253774584078,10.8093698560604,10.041811954874,10.6713628281013,10.6516433255884,10.7373150811962
"TMEM106C",10.0797974045686,9.98540929361146,10.2378069442757,10.879136270842,9.91432931492143,11.8607105526106
"SLC38A2",12.3500705019198,12.1934937023896,12.2459708234397,12.3104598241732,12.2038268671433,11.8253093537654
"PLEKHA8P1",6.68580357978683,6.97209839855342,6.62882379950556,6.48500758652161,6.59320902990356,6.11061427847656
"YWHAQ",13.6967575560505,13.703759422507,13.5738505901212,13.5592975844363,13.6417112269633,13.1787845292887
"KIDINS220",14.6472186175955,14.7274535655429,14.2879246542522,14.2210232273035,14.7442668486823,13.1997638420819
"GRHL1",7.63674370940126,7.98775968103525,8.44896371376296,7.50349580743111,8.25586960979723,6.3267847648848
"ROCK2",11.0362803029192,11.2292494389876,11.4865753545816,10.9062619021471,10.9958607778879,11.1707182462892
"MYCN",8.64372798036399,8.2927514492747,9.00112672005549,8.59475869186419,8.75127183483369,7.72318954874732
"LPIN1",10.3550774759928,10.2670083500095,10.5511192601199,10.0668969441092,10.3003233787438,9.53166599692624
"CMPK2",6.40461685682177,6.14370258404416,6.61470214021762,6.20627032032873,6.42866709038505,6.02423069666386
"IAH1",9.28911633067063,9.26226300594309,8.70416402517429,7.2006595156671,7.47755893523241,8.01774770225266
"LDHA",10.0485501710926,10.0909386411729,10.3905965246655,10.1017406541631,10.1596018369784,9.9080349878411
"ANO3",6.26671530794524,6.34220771365591,5.56693702969189,7.570908304134,5.79433681434327,8.28170959474778
"IL6ST",10.1291726200059,10.2548480627146,10.2759368908661,10.6501237740525,10.2120718050124,11.5302308988776
"FST",6.14437114006863,6.15796744435664,6.65662472716031,8.2221573485486,6.99805561656189,7.21903860434312
"NAV1",11.9778489439331,12.2541060668752,12.5113629027286,11.3172036430159,11.627398629263,9.89793447204031
"CDC73",9.847619723744,10.0208525584367,10.0046607384312,9.89695221887276,9.70769087158783,10.4092199394251
"TIMM17A",10.1084891010516,10.0027854010448,9.84422044190428,9.86632734775005,9.97237817367615,9.73520113856286
"CRB1",7.82522337839033,7.74667471801027,9.39910039251952,7.84287586624285,7.99014941412436,8.30978741587605
"RPS15A",11.3047730055283,11.2989957655182,11.653903612694,11.8126912812167,11.6291533681498,11.9344072608134
"NARS",11.7259769616513,11.7372646927673,11.528683963496,11.8725940166244,11.7128577378621,12.0495780642716
"KIAA1468",11.0312952065729,11.0984384782175,10.8970028127992,10.7153810945006,10.8789388095069,10.5276708144225
"FBXO18",9.85328250341944,9.79380839522769,9.916360836488,10.1856300860705,9.95008054614371,10.3857618258329
"RBM17",10.1198077886512,9.95095845156763,9.60664340420261,10.366336830021,10.2946471731427,10.5675985309924
"ANKRD16",7.42537359648511,7.46135385014444,7.23113467566778,7.53009632512216,7.45482713624656,7.44076318907934
"CCNH",10.057407124974,10.1096296439533,10.2244982007111,9.97625646087804,10.0182628866949,10.0590539768512
"HRH4",5.0958257135656,4.77662214806139,4.63910910251109,4.77291247508709,4.86095996838829,4.33057497578978
"TMEM241",8.00802268876163,7.85619776121262,7.64290155373675,7.61766623238105,7.6552779251961,7.6366663069708
"KCTD1",10.6732045122921,10.7220872556379,10.387614535839,10.1351506339621,10.5264803850395,9.69651746859007
"CABLES1",7.21992247057651,7.11665715258327,7.18522450335871,7.40416328095667,7.64730366489002,6.15160304901779
"DOCK2",5.3344412562722,5.51016048524524,5.2426758087291,6.74797431349417,5.49165273270531,7.59133478252114
"EMP1",5.70087603390657,5.71625300812078,6.05488661074004,7.8337930208669,6.40903241569879,9.64253562950812
"SOX5",9.50170948542293,9.43533444073804,10.3224840058905,9.421823964629,9.51603245580985,9.25911381849509
"RERG",6.48076738158518,6.86100086831046,6.27629400697231,7.34959092106743,7.0723947844243,9.35222636295298
"SLCO1B1",5.18373077138573,4.33057497578978,4.7660846074949,5.56781120866857,5.17836802896297,5.42659714675519
"C12orf39",4.99520527768772,4.90491546544878,4.7660846074949,6.95645192050632,5.91887334582027,7.12586780654062
"LRP4",10.3244268440034,10.2977089018941,10.0878628482733,10.7561089595386,10.2019990280019,10.6965889092624
"DDB2",6.35123217836489,6.45915625855364,6.03261425473495,7.35812631090714,6.37900788898933,8.81921326867187
"ACP2",9.45030942179406,9.27888511320198,9.34474682174218,9.57582352913655,9.54608585648881,9.67085843112171
"FAM127A",9.74046814979321,9.58618477519925,9.62364758391196,9.91416437051536,10.1022643887306,9.79481515865549
"RAB33A",8.53774988172669,8.52382468248111,7.5525018847791,8.07872935865574,8.93629758074995,6.89563633808235
"SOX3",7.24117963765951,6.84436345213363,7.96668587520299,7.76534842315017,7.25306074925114,5.91480976668293
"RBMX2",8.79758944493229,8.8375031438208,8.70736316348302,8.92326954298752,8.93791920966523,9.06251233281305
"PIWIL4",6.04388889103782,5.77685464919912,5.91449335713677,5.37262261357025,5.74380775294986,5.69868419475818
"PUM1",12.290403729161,12.3034480965318,12.1840259702192,12.2954927043408,12.5000650737197,12.2616349310518
"YARS",10.8658567392434,10.7634414738343,10.5537819123767,10.4654837109065,10.7731691029397,10.0721782296492
"PHC2",10.3843082951788,10.2130330491419,10.6111499357256,10.9314791499779,10.6668568460458,10.1746029095988
"CDCA8",6.111792441977,6.29226341962715,7.09855240093192,7.90198851257261,6.58458917618073,7.9901940216119
"GNL2",9.68945881462963,9.68695823952501,9.54013284390521,9.94868030476822,9.72374290356388,10.2659548034324
"AGO4",10.962253690272,11.010329158813,11.026597934543,10.8853296106765,11.2325881803297,10.3397050187808
"HOOK1",9.40628576070929,9.38039026103092,8.73896859456404,8.16313148945336,8.77869068524332,7.65439943255611
"CYP2J2",4.99520527768772,4.84495094307666,4.94418431550225,4.55239249687834,4.91093888395682,4.76371589021208
"BTF3L4",11.4836608346607,11.4964983879548,11.1283400152332,11.2362901538813,11.3928590756303,10.8271287046452
"ZCCHC11",11.4578856298507,11.6415839828641,11.5874644746506,11.1881835053141,11.4315846609644,11.0956031783167
"PRPF38A",9.68056654897455,9.67102602612255,9.63878163274787,9.97146855673525,9.85040842110581,10.1964917913228
"DSC2",6.14437114006863,6.0388771203416,5.66493901424027,7.2793645171567,5.82678316373963,7.31759826822496
"RNF138",9.45329650431033,9.4326364498252,9.40501496409597,9.70260814609515,9.51059917096941,9.57496892079501
"ELP2",10.6706418471693,10.7994635960461,10.6850645908092,10.8202656442315,10.8014596601087,10.8439612400268
"DSC3",5.22411723473243,5.09718127405855,5.07933519419276,6.07923636656541,4.74232802187034,6.51143928016197
"DTNA",10.797620346865,10.835628748097,11.0034127087507,10.4828876756595,10.5302420733503,10.8251924182572
"FHOD3",10.9533205342816,10.9465614066249,10.7737628568387,10.7372993606316,10.9715633978029,10.3738881000241
"TPGS2",11.0402560123735,11.1064954037379,11.0374183041874,11.2633958031188,11.1863433453475,11.3239209249591
"DAGLA",8.52357874480435,8.03501602693746,8.50523779269717,7.63174729750591,8.23220997116397,7.01904347123356
"SLC43A3",4.80259831140558,4.77662214806139,4.33057497578978,4.91404266993799,4.74232802187034,5.50195500208462
"TIMM10",7.8436809557428,7.7727098763533,7.86097764282631,8.11159262389103,8.12204215059239,8.22088886962682
"DHX34",8.2376665973062,8.03501602693746,8.23029881608044,8.27661771856556,8.47763332468454,7.9901940216119
"FADS2",12.4098659348862,12.3762767435047,11.9774587733435,12.8103879559237,12.9784517241662,12.2585894915318
"TMEM258",8.86426533335222,8.73598687261204,8.9932909039238,9.2391487450897,8.95883563066749,9.15493680664389
"TMEM165",9.60603967058103,9.6479557234452,9.59289407307803,9.72310233854516,9.63465725623364,10.1446322064976
"CLOCK",10.7793014424395,10.9592615240804,10.740650107062,10.3870272213069,10.4761069121712,10.3778568816814
"PDGFRA",7.58817079353714,7.64689739282451,6.52664985962964,7.58183688290282,6.9593212858361,7.14500941893176
"GGACT",4.93817568778476,5.17594971784969,5.19204933581343,5.37262261357025,5.32290848716218,5.73777627602365
"COL4A2",9.22062563312477,8.8557640951874,10.5439947262936,11.2589134179263,10.9404026398198,10.9741712032264
"CLDN10",4.99520527768772,4.77662214806139,4.33057497578978,4.87127988604197,4.80549449477315,6.36135507851925
"DZIP1",11.1245907686123,11.1794655982031,11.1145809839683,11.1082099604145,11.1795164759685,11.5379353762521
"UBAC2",8.49190035684375,8.50077545201846,9.03713979246116,9.15953453801556,8.81974215812213,9.69969295921139
"ARGLU1",11.4708307997857,11.3330052367408,11.2460510371256,11.6173111695414,11.8279941431693,11.3118727105442
"BIVM",9.72201498000354,9.80532184408172,9.4872250638378,9.35823642387804,9.56717508264467,8.99684916410627
"ERCC5",8.64372798036399,8.73159729162285,8.56292471789015,8.64556191386529,8.76778586449696,8.57086426954066
"TPP2",10.4319991951981,10.5374226414033,10.5520073572044,10.6989278561672,10.5361335449843,10.7633351583492
"KDELC1",7.69901571886135,7.70670276700739,7.95050833517773,8.47777308141497,8.16157446701301,8.54985531764925
"CARS2",9.13946528525982,9.08798007289685,9.46097069480703,8.95275708677088,9.22626717106345,8.78169162450539
"ARHGAP32",11.2297304951254,11.4107452707686,11.5621248387025,10.9381533146637,11.1883851216246,10.2552069969848
"STT3A",10.4693428700324,10.4869850603854,10.4556364506171,11.0925510204447,10.7101370610135,11.7947177288307
"ADAMTS8",5.91485715615986,5.83429039028268,6.05488661074004,5.35063533644267,5.74380775294986,5.37273133131448
"ACRV1",4.87482195210638,5.09718127405855,4.86296472820736,4.95373220111794,4.86095996838829,4.83010453277739
"ETS1",4.93817568778476,4.84495094307666,5.3782345210694,5.73093733123111,5.53476861827663,6.13809210754304
"TMED7",10.6030344286133,10.6338826372178,10.4819715509518,10.7937827880512,10.5404031851404,11.1281632782243
"APC",13.7740620350078,13.9580660623008,13.6531611646961,13.2125845416913,13.4975306953502,12.6970259379805
"NREP",14.0903172615619,14.1263550908974,13.8431465606192,14.0076893773218,14.2420904927297,13.053115083316
"WDR36",10.3357951200227,10.3515173838171,10.2211517319055,10.3159735917013,10.3619332449558,10.1313705205732
"OSTF1",7.14662114384871,7.45059282337976,7.26680255576584,7.12730784464336,7.4639640124845,6.94047352051505
"RFK",10.6441086015745,10.5684570605696,10.147845139323,10.0488294904957,10.3246653014569,9.72796180926673
"UBQLN1",12.2797245397001,12.2960515615799,12.4390481640313,12.0589679956213,12.2180541653317,11.9995940628808
"NAA35",10.1329015867104,10.2790669421961,10.2311679275507,10.0636871751008,10.0870192569428,10.0282385715745
"C9orf40",7.94539845021997,7.99880489787101,8.00894867808749,7.95037209575121,8.1047588350883,7.74401878388883
"ANXA1",6.90898517037246,6.90172495385375,7.30158068721242,9.94728755156182,8.22955679407299,11.6490950511431
"CTSL",8.83704947571897,8.67784833156328,8.72008892138754,8.90757890178793,8.71577261749427,9.66328766151568
"TMEM2",9.67033630852472,9.54306513798097,10.7889088837762,10.5440424394287,10.2093926040892,11.1665188014183
"AGTPBP1",12.1606052966424,12.227135459747,11.954137103188,11.6249509648999,11.9814855565173,10.9945589423996
"GOLM1",10.8924922867069,10.7994635960461,10.9417334360907,11.562896093579,11.3884255697832,11.9879589118127
"FAM189A2",6.90000882976452,7.05347576660264,7.58093875215175,6.29367165290976,6.97235471318137,6.75992371440338
"PSAT1",9.54154851038933,9.47520932457406,9.82670831451534,11.640971688428,10.2477620538882,13.2112988213028
"ISCA1",10.4228909577284,10.4441207841531,10.1443157220939,10.3132735356996,10.292117225073,9.97245518157756
"ADAM19",8.92798482432825,8.93231906027272,8.82098471473035,9.1940276206181,9.39031017855988,10.2061972050008
"HAVCR2",5.6018543074561,5.90657782030436,5.83737023149546,5.54997731954909,5.59610890044655,5.40006335275449
"CCNJL",6.45587737080958,6.53516475243763,6.74960856768488,7.18629611924666,6.55838671547071,7.3724833288726
"TAOK3",10.8664166930837,10.8553913815002,10.5801415015028,10.4069184995382,10.985721338496,9.93612508971348
"USP30",9.41703601751255,9.3478214101427,9.38120951919906,9.27291970784534,9.42423017634706,9.26198228739529
"MSI1",8.57944213207293,8.55647734205739,9.45147693762016,9.42082032205995,9.03958572633313,9.56106683991954
"FBXO21",11.7483247211678,11.6861206042707,11.5652067939347,11.5653939230724,11.7825406942032,11.2772382844188
"HRK",7.27590283438528,7.17049332813552,6.87220484073834,7.44873701099171,7.45482713624656,7.21301798050329
"RNFT2",9.71456703665752,9.81052497824464,9.50752294882917,9.62718775825548,9.85470198324886,9.44094778023322
"P2RX4",7.16159439458307,6.92558771782441,7.17585758764933,7.43269165182521,7.05418286515398,7.92617754941335
"CCDC64",9.59661565527658,9.33631820847555,8.70416402517429,8.66267147664337,9.62060459793396,6.70857049326097
"DTX1",8.81164057880624,8.7897539286858,8.41018140881965,7.98356144345384,9.13877337621301,6.38389343266527
"TRAFD1",10.3406399355401,10.1691593251458,9.99162471162337,10.4275381596973,10.4822232639347,10.3785172846378
"DMTF1",11.5129227471261,11.6374927849126,11.6313954907107,11.481314132131,11.4920674927029,11.5546833385422
"TMEM243",5.54851785949931,5.69527237656877,6.00991838444328,6.10134683232378,5.67254547946021,6.44923337026561
"CCDC146",8.14054424378127,8.26866791815237,8.06508672927444,9.20806229528032,7.98385436074853,10.2136187048753
"TMEM60",7.9749660378048,7.9350516390946,7.86097764282631,8.09145879024988,7.91601970225924,8.12925164032365
"POM121C",8.7594337343783,8.91113618735267,8.85886436827283,8.45436588749645,8.4183622368912,8.36434276505752
"CD36",6.67520758794867,6.70333499340347,5.88936033417274,10.1259474771417,6.48584680311777,11.7122654838699
"PNPLA8",11.0377724784085,11.0500081316164,10.7484188632343,10.7852357083921,10.8530000893015,10.4921087471442
"HILPDA",7.65257060002704,7.49315139052759,7.72150846225944,8.119070193026,8.05761978181695,8.13868445275546
"FAM71F1",5.49214979402744,5.92395793531019,5.69565584988958,5.3280834021818,5.23931319139556,5.86456156907527
"RINT1",9.04555205928148,9.09993885359379,8.6486588988822,8.78955908314987,9.0783220806655,8.81921326867187
"SRPK2",11.6270187776705,11.7602923592962,11.5403647952341,11.1632150588874,11.5317398757453,10.9767899954305
"KCP",5.0958257135656,4.58878259651035,5.07933519419276,5.23135019106063,4.74232802187034,5.42659714675519
"TES",8.22719544304341,8.38802243974816,8.72640976160702,8.89171511871018,9.21294200370204,7.85532673182994
"MDFIC",7.23412992501544,7.27840315363716,8.19418524668406,9.49802882228322,7.54363062364894,11.2083444761706
"MTO1",9.09996490555791,9.08626353247239,9.08707167074037,9.07908079646163,9.09294730013371,8.71828678420789
"BAI3",12.3667875751123,12.4642032680817,12.3598772220723,11.6944390176481,12.2168877925927,11.003576038113
"ANKRD6",10.7775162349231,10.7741299248023,11.5585945226999,11.053937706079,10.97983907563,11.4442269827428
"HTR1B",6.72736783383392,6.29226341962715,5.88936033417274,5.87256822454692,6.61028206685648,5.25394328805817
"KHDC1",5.9903111609895,5.60690679268508,4.33057497578978,4.71402308857299,5.74380775294986,5.37273133131448
"KIAA1009",8.89757610611581,9.15665120060489,9.2205497782648,9.5785256905067,9.04260276007627,10.1020781322273
"SYNCRIP",11.820026402107,11.9056436919658,11.8260186367638,11.8487441575181,11.7529563647265,11.9083537738437
"SNX14",10.6130795239955,10.7043138594906,10.4986507882368,10.4434291650108,10.4744343042563,10.5837233723501
"NT5E",6.19167384472197,6.45915625855364,7.15693190923556,5.92458453824114,5.14598214718274,6.6642196588643
"MRAP2",7.33630691398512,7.26613346708606,6.8122948523233,6.24586930570413,6.67646014042819,6.17818765351574
"EPHA7",11.0422397653607,11.2179425246417,11.17577674822,13.3189498694432,11.5687838178093,14.1285004797232
"AKIRIN2",8.601192303016,8.75557564791784,9.17972072930523,8.90326974739828,8.9951123288234,8.44246649152755
"ORC3",9.70958026907028,9.79800575357933,9.56851241665407,9.85374417537508,9.78981278598363,9.99071461645565
"LCA5",8.67738350087334,8.71167643987149,8.96418868834313,9.53467086120084,9.1680726110435,10.1203567888901
"MAP3K7",10.8415707317608,10.8833031564797,11.0144077415203,10.9642012243594,10.8611294946981,11.1151480652525
"PRR5L",7.36233757036877,7.32051701751159,9.09441420071506,8.42053730713915,8.08726367540621,8.28736940950781
"LMO2",6.4305009759227,6.54567163620786,6.14008014374634,7.14229192927363,7.27407779684721,6.69981722026509
"PHF21A",9.66003291661576,9.71719592829892,10.0380128221241,9.81837260237513,10.092845950534,9.83964132679656
"NAT10",9.50746867642634,9.4882593591773,9.51118293965454,9.47404040595738,9.48865874774473,9.68267556717518
"PRRG4",5.40082433975998,5.45795213323723,5.13786241172375,4.33057497578978,4.80549449477315,4.68467332000649
"CAPRIN1",13.1066088123448,13.2010307213758,13.1570808476039,13.3916369155664,13.3674457385748,13.2917524589832
"ATP5G2",10.2964391964619,10.2340921307927,10.576654602057,10.8563207303893,10.535598950076,11.0911789121917
"DNAJC14",9.32707163117772,9.26226300594309,9.13769950635519,9.56768650211998,9.5535022539571,9.74445572814044
"CD63",10.775132515844,10.6438242931694,10.5215009618339,11.1408551644595,10.7308327554456,11.6267599416091
"PRPH",5.14109345202186,5.00838899562681,6.91830170473145,5.53181738139766,5.39908280147121,4.98896808752624
"AVIL",6.35123217836489,6.2134331229608,6.23887088147353,6.32150807584472,5.94799804642505,6.7682951030033
"GDF11",10.5321011905852,10.3593472506495,10.1395963523466,9.88390686742508,10.3625362414973,9.25623962257505
"GLS2",7.87989202519444,7.54460119313592,6.94077887024594,6.70759898081338,7.47304188353518,5.63720988468804
"ITGA7",7.53786656908706,7.02443831744491,7.53806547190816,8.61599926416395,7.60674326500401,9.20498935292968
"RDH5",5.72424503540458,5.69527237656877,5.86366298223323,5.80400878913798,5.70876948923922,6.26699080821412
"AGAP2",10.0003715227902,9.71497772932437,9.61176576286983,9.16194009568756,10.0020979270531,7.65879818227602
"BLOC1S1",8.11424816097241,8.06683790162421,8.11909890918212,8.37345956161714,8.33202305094227,8.32086608716149
"CDK4",9.20120499973756,9.19378605294295,9.66530026781542,10.043625497233,9.59310976444183,10.461269339196
"PPP1R1A",9.41090284309313,9.30715160493222,9.07227322870919,8.65071622892634,9.397393958382,6.88801804929274
"TROAP",6.12819034179057,5.97458977678836,6.58599920034065,7.73636791987748,6.54953549938818,7.79279483069123
"TSPAN31",8.77146661305494,8.8896365274247,8.95883351473242,9.47307250964913,9.03201534082737,9.7627884991081
"B4GALNT1",10.1832202607692,10.0650539926493,9.94639914350564,9.75768459470142,10.5129651151166,8.34548396504814
"TFCP2",9.57484072066553,9.64096198312603,9.80003457926382,9.47307250964913,9.44146645132514,9.63260041726379
"COQ10A",8.39866358208397,8.29573358513945,8.3334706512509,8.25417738004072,8.27142801894521,8.52614536735095
"FAIM2",9.82359006167544,9.69485877101641,9.33031373473615,8.75329464037389,9.66235797248496,7.76861647121532
"PAN2",9.53169156813958,9.34638852546305,9.25152388519973,9.73364523582274,9.79697034718239,9.92169533981101
"ESPL1",6.80682798154666,6.69400971602305,7.94507471577092,8.21054558503974,7.15434627732596,8.22088886962682
"ZC3H10",8.02426783561473,7.98405883147454,8.15243586610618,8.47583701489437,8.21621654865124,8.56622213080097
"HNRNPA1",12.698049799003,12.7240975819686,12.6417850830386,13.5098169079276,13.0987539332157,13.8376956632507
"SLC26A10",6.22223378738274,6.25346714605822,6.34796986470843,6.37541862210786,6.5226185101805,5.67858866699434
"ACVR1B",10.7887854099389,10.8543844732456,10.3256036191897,10.5086060327258,10.9743272360977,9.80762538809018
"OS9",11.5851130174906,11.4799465947693,11.3333456140311,11.8496759533542,11.8042265317103,12.1671622827008
"MIP",5.29925920898593,5.34383018699978,5.07933519419276,5.02596345433389,5.26812364332126,4.76371589021208
"KCNH3",6.59857684600822,5.85279833732561,6.00991838444328,5.87256822454692,6.53165229568474,5.07532107295397
"LTV1",8.68503938204081,8.82725700554831,8.35814192546247,8.57500803822539,8.45512589955359,8.79760980043067
"MAP7",8.16270466126642,8.32521805818853,7.90084240602467,6.92772575729312,7.27928293246356,6.15160304901779
"CD164",9.34487645628323,9.33776114432522,9.53654576285002,9.82672920228231,9.28602252592834,10.6354703548167
"LACE1",8.30558112606882,8.41568412165511,8.63528097193548,8.28991487692586,8.45739261302119,8.34276945812072
"NHSL1",9.19407747491802,9.23154032716347,10.3088871446537,10.0039849810543,9.50186306271151,10.8700217643136
"AHI1",11.3658443919204,11.3938666479527,10.6514839216213,10.2235136167487,10.5467840374735,10.2180533379401
"HEY2",4.80259831140558,5.09718127405855,5.13786241172375,5.25661469107151,5.20943279770974,5.34453517938545
"PKIB",10.1403307106686,10.2286618334359,9.6471212545934,10.366336830021,10.7373559556883,9.89609038609743
"NMBR",6.4305009759227,6.32990443424444,5.60065691610817,5.45558649408591,5.61575483702208,5.11466593771837
"SMPD2",6.65375981739783,6.78446930270084,6.95188035432216,7.47246663132317,7.15434627732596,8.42973813968836
"MICAL1",9.30077422707913,8.93994519669123,9.39910039251952,9.25613325331445,9.42654029947296,8.47998702889976
"REPS1",10.7727448506606,10.8340972703428,10.8594747164161,10.6124054189727,10.7844620132147,10.3659176167786
"TEC",5.18373077138573,5.53524434648493,4.94418431550225,5.05921631031587,4.66714835127326,5.3153992589889
"PRADC1",7.74398555506371,7.50359283809551,7.75923408296481,7.83682709331949,7.80600096679389,7.57744660476791
"SEMA4F",9.78973350470727,9.7619323928998,9.44192018736461,9.19285186357795,9.80852609901768,8.87090252926426
"CCT7",11.9863737395766,11.9012629938102,12.0527914116547,12.0559030770986,11.9844261134153,12.0225865721376
"RAB11FIP5",8.08359012627474,7.80249233411158,8.02447956926086,7.87569155547162,7.7916296063901,8.02794453368651
"SMYD5",9.34809017593427,9.2346422697425,9.10898779625106,9.12665969185088,9.06799524113348,9.16416770169776
"DYSF",5.6525384434395,5.60690679268508,5.88936033417274,5.37262261357025,5.77775078358577,5.18746296578136
"CCDC142",7.93683654726281,7.59423896180188,8.03984308046441,8.07616978798603,8.1047588350883,8.08112939298979
"KCNMB4",9.48283148272384,9.51528553437334,9.26676454762241,9.76718917097868,9.73868908981691,9.15955965529231
"USP15",11.2801900617647,11.3484630085339,10.985775897405,10.6150385933321,10.9208867224234,10.290023923109
"GNS",11.207363248635,11.2698401168826,11.3441515032315,11.9507509720773,11.181226224742,12.7670253226985
"CPM",5.0958257135656,5.05426032044833,5.07933519419276,4.71402308857299,4.33057497578978,4.88837907797739
"MDM2",10.841001046687,10.9184138977576,11.5621248387025,11.4413236363609,11.0304184700927,12.0013098357386
"KLHL36",10.8180271444489,10.7026363193389,10.4782387098297,10.4766271122073,10.7640706769558,10.334268672837
"MPHOSPH6",9.21183054218733,9.22219418962858,9.17280184623681,9.37387993118141,9.16669085291503,9.81545238363408
"CHST5",5.22411723473243,5.37374005388151,5.3782345210694,5.35063533644267,5.29596108369109,5.84730736939238
"KIAA0513",11.3575042361612,11.1502267443965,10.9478190017818,10.676413996267,11.3411850073707,9.22129406403555
"DYNC1LI2",12.5046265219862,12.4765248730291,12.3707380938221,12.3654383842052,12.6128009039556,12.2906889381708
"FHOD1",4.93817568778476,5.24729833481842,5.75456202992873,6.09034204967627,5.88899535302041,6.80939009577328
"CCDC102A",5.83411797820783,5.34383018699978,5.63329680407505,6.83772806653164,6.00415649635366,7.31759826822496
"SLC9A5",6.45587737080958,6.61696431031565,6.20029399103025,6.33065288233021,6.49513717052095,6.06819675099262
"AGT",4.93817568778476,4.90491546544878,5.13786241172375,5.45558649408591,6.03126530424217,5.67858866699434
"ZNF670",8.05621313627249,8.15497164171249,8.01414446739986,8.01599512300708,7.89602933192828,7.2487570893267
"PCNXL2",11.1009940280068,11.1473522097626,11.0163393711303,10.657380200539,11.1318630442244,9.94060492323376
"KCNK1",5.6018543074561,5.60690679268508,5.33538540566403,6.01035734573399,5.70876948923922,6.59953871009217
"URB2",8.91286086175524,8.76419675287601,8.92353013357852,9.1750992662576,8.86818499416702,9.10627705806585
"EGLN1",10.7364472809938,10.7126724167819,10.5296391924321,10.4048909497321,10.5694196793315,10.0786958229421
"CAPN9",5.18373077138573,5.51016048524524,5.7255112363932,5.47521948736164,5.59610890044655,4.94087121374919
"COG2",9.01957190137446,8.94753109884105,9.50017495057922,9.28620935273799,8.93304882582425,9.55990225490298
"ABCB10",9.13760869997324,9.20963751925532,8.80912566916236,8.96245340169289,9.15558876676261,8.5984060374396
"NTPCR",9.5274464300432,9.46600343739296,9.72166244312844,9.78834801625453,9.36282822509376,10.1814316402915
"TAF5L",9.2722967153584,9.13854653015467,8.79716793330851,9.1869586278367,9.0973060322158,8.80353394096369
"GLUL",11.761930220944,11.7246476522353,12.1652889338028,12.2838199035124,12.0560570120687,12.1895336823875
"STX6",10.3622423993751,10.4507987860112,10.5314414683276,10.6009391132019,10.491625076907,10.5635389922342
"RGS8",8.89757610611581,8.81070969432837,9.50201546713426,7.76853221849115,7.85863412995419,6.99099058435697
"RNASEL",8.0758215895408,8.1516805943671,8.34585943003566,7.18629611924666,7.6190341013449,7.40966184429143
"DHX9",12.8101188283304,12.884589884519,12.8069190981676,13.066189943401,12.924457575178,13.0297678164704
"KIAA1614",6.28119912210877,6.26653250017841,6.54174004934149,6.12306193840807,5.97641267591333,7.2487570893267
"CEP350",11.9677088057279,12.0330170222021,12.0711804309809,11.8057938877841,11.8416798735518,11.7919943502574
"NPL",6.37820212442732,6.65604391987176,6.6427968877454,5.88579523582229,6.27350364256348,5.50195500208462
"FAM129A",5.79147317606317,6.08491777140764,5.78285907365734,7.31930017347531,6.21725309445207,8.55455063590187
"PIGC",9.30739374410752,9.35496452350424,9.15652724409517,9.41679874300645,9.45057547801835,9.1425361134181
"ACBD6",9.70332244350285,9.75331169097067,9.50752294882917,9.51505642230134,9.71809787544102,9.63702452693222
"LAMC1",9.84648449310148,9.85552028584424,10.0718498897939,10.7976511436133,10.2313485424984,11.8867027552696
"RC3H1",10.9617297392185,11.1882827520093,11.055065024816,10.7945572896116,10.8827266494647,10.7779241915493
"SP110",5.93418371095413,5.97458977678836,5.69565584988958,5.98648331822425,5.61575483702208,6.7682951030033
"MRPL44",9.82934785379102,9.70159634911343,9.78952666147922,9.71248173990032,9.80586759890534,9.3920434653333
"PAX3",10.1895002958792,10.0815014782262,11.3790971906193,10.6989278561672,10.3406679212715,9.78189004368097
"DOCK10",9.11514080350288,9.29085450369472,10.5205938725924,8.74207342933317,9.31499513546089,9.37227252783962
"TTLL4",8.9951664423745,9.0845449416309,9.1843149081312,9.07014202555374,8.85279143390419,9.59784503910095
"USP37",10.6336202866384,10.6703866275081,10.7911671318524,10.5817732346823,10.6070523389194,10.2963284778461
"ITM2C",11.0372752580741,10.7564512624282,10.7911671318524,11.5434474479511,11.1169329701078,12.076480788959
"SLC19A3",5.81299943796065,5.75702651981449,5.2426758087291,4.71402308857299,4.95674843757777,5.11466593771837
"SERPINE2",10.8116446364373,10.7043138594906,10.3905965246655,9.77034348418813,10.3072307560072,9.25623962257505
"DNAJB2",10.0884650266536,9.51528553437334,9.85721630267457,9.87000747075552,10.1058705445557,10.0884172976111
"TMBIM1",5.36825224778896,5.05426032044833,5.19204933581343,5.25661469107151,5.11210946503177,5.89830401412361
"CYP27A1",5.29925920898593,5.48441204341114,5.41912560421338,5.71571562153576,5.65395698090973,6.22970329815221
"EIF4E2",10.379608230773,10.4882839678728,10.2909109548261,10.2446417056547,10.3589144741944,10.1415227662423
"ARMC9",9.18151873839169,9.31303238324726,9.40698110232862,9.58301806066733,9.29110330501469,10.1179857174284
"CAB39",11.4137486407544,11.4495995249579,11.4180948136982,11.2546984941676,11.3768342768524,10.9636482277657
"COX5B",9.41856523875609,9.07592105842217,9.41872189502224,9.27847197614137,9.3676455262382,8.98126074619423
"REV1",10.820341071764,10.8970590734154,10.9518618280989,10.6229093931826,10.7627009491764,10.5312386536112
"TSGA10",7.88435423161158,8.14838194649489,7.94507471577092,8.10407567937615,7.52194936736348,8.96901851449384
"MFSD9",8.8324629673949,8.7897539286858,8.91525861075377,8.51218250582582,8.90347488624985,8.23853175849234
"TMEM127",10.1651250950847,10.114685414534,10.0743250280202,9.67173157869066,10.000548911285,9.60350776133413
"TGFBRAP1",9.61406862449296,9.53050441465382,9.75599398865199,9.56587201560043,9.70483950507067,9.33734642394161
"GCC2",10.1939693472323,10.2984495905493,10.2256119665688,9.87660810610123,9.84523920640029,10.5060764070483
"MRPS9",8.7738611411883,8.75124561482829,8.97749001891469,8.88590278913282,8.78411221189615,8.98473947019248
"GPR45",5.91485715615986,5.97458977678836,6.00991838444328,5.37262261357025,5.7264309006772,4.98896808752624
"C2orf49",9.61939651093801,9.75439210305962,9.79554056387487,9.68181827357675,9.5744839772717,9.92531634193534
"ANKRD36",11.7996500057959,11.9739839619347,11.7865750859559,11.5436777865018,12.0121625192741,11.0532212582199
"EPC2",10.946981300276,10.9294520753722,11.066917802894,10.7453334472567,10.7622440840307,10.4373822384772
"ARHGEF4",9.23458694819519,8.76204632234276,9.53834041986469,8.65414218569472,9.5149474370556,7.8514981122475
"ISCU",9.85892312188915,9.74355135873951,9.88990517109231,9.7417029937363,9.79339600994523,10.0639895833384
"ALDH1L2",8.73506129772391,8.78552584720267,7.85519030962788,7.49965437493521,8.37344359628965,7.4960534462844
"USP44",7.60996522475048,7.70670276700739,7.24013763794434,7.49193991118779,7.63928417600274,6.44923337026561
"SCYL2",11.6906863536546,11.7546372679808,11.5796479768377,11.4755306605409,11.5856646852839,11.4498925290012
"CKAP4",10.2602468813378,10.2294388434311,10.1407776438126,10.6172292387813,10.5844874124044,11.0390910840529
"PLXNC1",12.0111437085347,12.0258804409315,11.8252843140297,11.315585900135,12.0348441508435,10.1669773048734
"APPL2",9.88348290788026,9.91855818111546,10.1372308618398,10.1944612011248,9.94364592815023,10.5652801939699
"PWP1",10.5328069073,10.5005655878895,10.2737849882188,10.3885670987543,10.4822232639347,10.3198999799134
"DRAM1",5.5207400332063,5.71625300812078,7.0271704621372,6.23608662521658,5.91887334582027,6.44923337026561
"KIAA1033",10.4470529060544,10.5511601323061,10.6842547842496,10.4967563766429,10.2046919897802,10.6880907686226
"SLC41A2",10.2670494795668,10.3992529549606,10.0007622931741,9.31458953010776,9.99043953296667,8.22679405530618
"VILL",5.74711795931809,5.43072800972915,5.07933519419276,5.17826991240815,5.63503194179442,5.34453517938545
"FLNB",10.179619349881,10.0926478718087,10.3554169531893,11.0363659995673,10.2876791067249,11.9124628993948
"NEK3",7.97914030923466,7.88826584910203,7.72786621708424,7.88451135220615,7.55648106711701,8.23267495134167
"PCDH8",7.9749660378048,7.88429667317744,9.52029243842483,8.57681482929997,8.5579673737721,7.52532030003391
"VPS36",10.3693718985714,10.434045437827,10.1792270301192,10.2715977360458,10.4519454860371,10.2893217124481
"RNASEH2B",7.26902704649298,7.29660770278445,7.87819958590748,7.42053615052125,7.55221058705847,7.9078720871362
"CKAP2",9.08269847586965,9.14185527546816,9.57901226323129,10.2771507024355,9.5598289188447,10.7869057872569
"TBC1D4",8.78102087150105,8.64787176304352,8.78207944247593,8.58581481145572,8.66376727607359,8.76154262849466
"THSD1",7.4376478785882,7.35563129640412,7.04794528740955,7.5187575698143,7.30502131614998,7.61418238061003
"BORA",6.56432869610102,6.79318972059234,7.04794528740955,7.55250372585819,6.79235481056696,7.78478107247728
"LRCH1",9.79680386278009,9.91662941190163,9.76368385235193,9.42483070270163,9.5598289188447,9.12530877364541
"SUCLA2",10.6596994331513,10.7121166841633,10.2940995515432,10.2400996301369,10.4445604566783,10.2039632855893
"RCBTB1",9.91631307968877,9.99549465676982,9.89130974656769,10.2743768923365,10.3184628486551,10.1806744876135
"MED4",9.63657732296281,9.51273334880446,9.43229960109338,9.5131743759526,9.43574391525268,9.53166599692624
"PHF11",5.72424503540458,5.87100821421757,5.0153475618871,5.70027502758029,5.65395698090973,5.7938961322474
"RPL13AP25",4.60390596466056,4.84495094307666,4.94418431550225,5.02596345433389,4.86095996838829,5.03357482878391
"COG3",10.6037062826998,10.6297690115596,10.537731755909,10.5090779997505,10.5526084543469,10.3437688704709
"LMO7",8.55178237037359,8.77703217144969,8.7452070695845,7.7811964148368,7.99641677579841,7.17012707082204
"SCEL",5.9531937412958,6.22692081198388,5.13786241172375,5.15028716110163,5.14598214718274,4.58127373257168
"ITM2B",11.3563088392595,11.3384163157878,11.1665293491364,11.6665788864741,11.3904962349753,12.2557173107627
"SPRY2",9.37038760070894,9.28637763563983,9.24274193888673,10.0384026507483,9.05311282450646,10.1485096001525
"NUDT15",8.51787084776974,8.47472297771754,7.98268170929863,8.59475869186419,8.4183622368912,8.44499865133699
"EDNRB",11.582048298143,11.6581222420117,11.8786390903326,9.88608930825607,11.6031157621282,10.8007669286718
"RCBTB2",10.3236113844468,10.2161723876935,10.0854108629669,10.4079312064104,10.1623750841533,10.8530172998884
"LCP1",5.97189916146181,5.92395793531019,5.29031095099465,5.47521948736164,5.59610890044655,4.94087121374919
"SETDB2",9.50459195914849,9.62214432638917,9.13532862400988,9.08796437302086,9.34094868537437,8.87090252926426
"SCRN1",12.9663588440159,12.9507336773703,12.6348871490186,13.2002915134081,13.1292745762422,13.1933988320854
"C7orf25",6.26671530794524,6.39026961629101,6.52664985962964,6.11225279239186,6.15834206985003,6.36135507851925
"TNS3",9.03760802588162,8.80654292034083,9.28826079070427,10.3256521446216,8.93791920966523,11.3790724483392
"CHST12",6.40461685682177,6.29226341962715,6.43225541936395,6.63025606291703,6.78493148136335,6.51143928016197
"IGF2BP3",9.91631307968877,10.0771913520507,10.3046775697859,10.6246526418279,10.0899355473165,10.9334093432008
"GPNMB",5.6018543074561,5.2124335202594,5.81044805857035,5.02596345433389,5.61575483702208,6.22970329815221
"RAPGEF5",10.5806858112781,10.6698143569013,10.2311679275507,10.0527201947145,10.3504281401074,7.88932800041491
"RAC1",11.121310371766,11.0967365337648,10.5260278695908,11.2880779985134,11.3180598990584,11.5608049534048
"KDELR2",10.6648591476165,10.7193245593401,10.6987621868777,10.8615042637717,10.7129767488229,11.2683591044808
"NUPL2",9.29412413521009,9.26378206223723,9.13532862400988,9.10431831770219,9.10020453506765,9.06086556910967
"ZDHHC4",9.19586266783912,9.23154032716347,9.28398714281601,9.13280456041732,9.26938505771729,9.59443669165476
"AOAH",5.89520136979655,5.97458977678836,6.16047993900056,5.58533341826546,5.79433681434327,5.07532107295397
"BZW2",11.1273966118408,11.1701896740407,10.8414280549769,10.9734644999232,11.1866838421552,9.59670981894573
"DGKB",8.40486543042777,8.44818824425593,7.72786621708424,9.03250666152457,8.65590003111265,8.91897993279777
"TBRG4",9.43225564995682,9.14020185378065,9.4872250638378,9.48272232900777,9.58175597949263,9.40507488690959
"DDX56",10.0024114438115,9.82396586805517,9.95984870080025,10.0611142046249,10.0649569913595,10.058229730483
"HUS1",8.66711173835655,8.67098600898378,8.6486588988822,8.61424117511111,8.57267226240335,9.02246018359891
"NACAD",8.80463218759551,8.67098600898378,9.20480914560626,8.50270687142641,8.79310287251499,7.62321892806516
"DBNL",10.9121510478545,10.7220872556379,10.7359686878673,10.9318311927885,10.9668130333138,10.6552243136385
"CCM2",8.78339954100118,8.43743525109495,8.63863716092216,8.59297437018921,8.48431721191964,8.56854507780522
"MYO1G",5.70087603390657,4.90491546544878,5.33538540566403,4.99090412180236,4.91093888395682,4.83010453277739
"TTYH3",10.1440309666118,9.84541672457744,10.8465039224515,10.4473747053854,10.5844874124044,10.3233341064426
"MMD2",7.1390734122226,7.13031363970509,6.77503369616368,5.35063533644267,6.40903241569879,4.68467332000649
"TTC5",9.67929173388246,9.78114247185731,9.57377190540356,9.80920070957923,9.72468159543202,10.0282385715745
"ZFHX2",9.08655340724694,9.33920263565217,9.74826287174624,8.67452798629983,8.96202670731021,8.28454230082659
"MTHFS",5.89520136979655,6.25346714605822,6.03261425473495,5.6525587184268,5.7264309006772,5.61588662529712
"ADAMTS7",7.88435423161158,7.61841818114771,8.03984308046441,8.77075275667069,8.37823875941362,7.79279483069123
"ABHD17C",8.94931819555722,8.95507719042488,9.13295382899122,9.14865948934634,8.97787672927678,9.23741615377881
"IREB2",11.416809947523,11.4697921040126,11.5100698344444,11.2422631903429,11.2506136914432,11.275821283311
"ALPK3",5.97189916146181,6.0388771203416,5.88936033417274,6.25557621208894,5.91887334582027,7.18251737320531
"CIB2",9.02761588958365,8.87777248379803,8.97749001891469,8.82644899120242,9.17633541602329,7.9406542465097
"CALCOCO2",8.57120005488272,8.61725581686959,8.43743883491317,9.34665553496977,8.64798943308011,9.93253117166098
"RSAD1",8.70022975884059,8.45886115771458,8.67504644412205,8.60541827705831,8.86477842231069,8.35359674201096
"NMT1",10.42060488112,10.3321164195316,10.2737849882188,10.5858058277815,10.6227409887453,10.4829259734045
"SRSF1",11.439941209689,11.4678184354622,11.4669354486128,11.9145190181023,11.7074102223522,11.7198405251793
"VEZF1",10.9336843970773,10.9427768331118,11.1460915783142,11.3255332010157,11.1934769540044,11.3211759057801
"TACO1",7.68370276245463,7.8803163866039,7.88389418139776,7.97258404126916,8.09019446985166,8.25595961697687
"TEX2",10.8028954484148,10.9038881462938,10.3856231119781,10.3138139515135,10.7562916302615,10.1337196995219
"DCAF7",11.8378368088347,11.842307718553,11.8485992007734,11.8220267213175,12.0115860795413,11.6091459134058
"LIMD2",8.52072763612895,8.24417195879829,8.73896859456404,8.93457431490638,9.11890380414535,8.00403745420835
"BRIP1",7.26902704649298,7.32643096545362,7.90084240602467,8.56229638345275,7.16001841268955,9.20796761643656
"KAT7",10.2855928194216,10.3579267971053,10.3162244588855,10.4134884173596,10.4479736317817,10.3639180932845
"ACTL6A",8.09131659757039,8.0421491716111,8.44896371376296,9.56496391462976,8.66963954531538,10.3525347890023
"NDUFB5",9.76471046833387,9.71386734809331,9.66201200638002,9.80074155569636,9.5598289188447,10.2076845640965
"MRPL47",9.21359386486504,9.2346422697425,9.15418720389201,9.45062946926625,9.33604108477369,9.58759571164396
"TRA2B",11.7148273664576,11.748689013031,11.6464398582237,11.8496759533542,11.8382164130498,11.8922616413026
"SCN2A",13.4253001705076,13.5610210568281,13.0541382528928,12.1410268043765,13.0086144120899,10.2239450449381
"TBR1",5.14109345202186,5.00838899562681,5.19204933581343,4.82464481268825,4.86095996838829,4.68467332000649
"MARCH7",11.5769259192356,11.6804506171119,11.8658413700859,11.5494243294942,11.4025650886759,11.6972596751502
"ERMN",4.33057497578978,4.69525161239808,4.33057497578978,4.77291247508709,4.56883750728876,5.54910236469605
"GALNT5",4.60390596466056,4.90491546544878,4.86296472820736,5.87256822454692,4.99924798284876,8.00403745420835
"SCN7A",8.26180517451171,8.3541074292864,8.02447956926086,6.96212547747526,7.49992914835553,5.45239055899795
"TANK",9.6457443682468,9.74137338949285,9.76368385235193,9.44274049351183,9.44374911456541,9.71022767200127
"SKIL",11.3022920943574,11.4141657554347,11.5173624884456,11.4626760869534,11.2983441481156,11.6632535022386
"EPRS",11.8633055350297,11.866729046328,11.6406078997184,11.6659442153552,11.7518063000118,11.6116754089841
"VPS45",10.6506252757549,10.6834865669973,10.6679624282971,10.5596179732342,10.7158108565915,10.2956293314548
"KCTD3",10.4485496702508,10.4863351676618,10.6314579235604,10.4654837109065,10.4598565264227,10.6784701229368
"RPS6KC1",10.7425606673657,10.8498446671275,10.5957290548016,10.498658876759,10.7153388918689,10.2865094451234
"RASSF5",7.0451330407818,6.94126765350759,7.15693190923556,6.1653683000969,7.01072782128493,5.47749470033185
"CBWD2",9.23284917116764,9.37758724701535,9.3073367562706,8.99115613641441,9.11317602244787,9.20647925499943
"SMPD4",9.53169156813958,9.33776114432522,9.82670831451534,9.58391485618546,9.83049161006139,9.17790397013994
"WDR33",11.2323392789313,11.2728577058967,11.3543681114235,11.0862395351564,11.1261936034278,10.9446004052914
"CCDC115",9.46370277656609,9.27437081116807,9.12102070761667,9.16434163911888,9.64163252102388,8.4849163748375
"SAP130",9.42770662393499,9.5764420233294,9.60493189632962,9.33391469684846,9.46974297376782,9.38021350496554
"BIN1",10.0276698481159,9.73043389350642,9.86008842746915,10.0662555617542,10.7558327300577,8.4824538205352
"IMP4",9.09039803745238,8.8678104264034,8.920778243449,9.05727523268453,9.3688473377036,8.70357373679164
"HS6ST1",12.0189710378612,11.6858376335694,11.2759192520456,11.354182299723,11.9850135062162,9.82711375113803
"UGGT1",11.521480166522,11.6037396474075,11.8112606887234,11.6682699789521,11.6846890817911,11.7558603927904
"GYPC",6.04388889103782,6.32990443424444,7.1377443071229,9.02723743518759,7.1139774433399,9.65785551118399
"STAM",10.3072045959424,10.4157305007299,10.1560470015034,10.0879040591275,10.4221757052875,9.71232540421774
"GAD2",8.7545922182861,8.91307485178166,7.10845497857026,7.66634825729697,7.87575397768233,5.65810362455486
"ABI1",10.2602468813378,10.2790669421961,10.1757736941984,10.152778532451,10.210062871186,10.1250872655684
"YME1L1",11.6316373064115,11.6269189722352,11.6385193303484,11.7307007119839,11.5933897253498,11.934856228084
"DNAJC1",8.19172708519929,8.40468346190297,8.55583946488962,8.61599926416395,8.16713366873259,9.5564028406261
"NIPSNAP3A",9.37512103041908,9.25158449214407,8.69129571949293,8.64038902406979,9.1160427633312,9.09505785200406
"LRRC8A",9.71953660687733,9.44874910183203,9.68972591403338,9.88172111709347,9.95888150668698,9.46976072319164
"CDK9",9.53451472618957,9.27587715187871,9.38719787370666,9.62457542044372,9.82699954673128,9.3264272444231
"TXN",10.0903841086263,10.0883709897257,9.68162994925216,10.0540147662556,10.2247304628472,9.94685339226536
"ODF2",10.0216480691921,9.94340011691356,9.88286168961177,10.5902733017941,9.92906215058924,10.9248456843192
"KIAA0368",12.0227432628853,12.1237610450534,11.8380813054801,11.7837320028959,12.0054230145246,11.7845407163338
"TOR1B",9.46666224003285,9.62805128742099,9.25807536473635,9.47500765230559,9.67212342982401,9.21093973016392
"C9orf78",9.54994396821635,9.38318782972832,9.22278445398309,9.45259498004397,9.5598289188447,9.49922427330795
"SMC2",9.45478772567961,9.56540209165439,9.43229960109338,9.85300055656235,9.3700481470016,10.2858055204496
"KLF4",5.43226952355336,5.00838899562681,5.56693702969189,6.07923636656541,5.65395698090973,6.21702304029175
"TOR1A",9.57209556688697,9.39154807483666,9.27324718940175,9.36033206988688,9.3700481470016,9.36295236749969
"RALGPS1",11.4752425356958,11.5064672581507,11.1031149956779,10.6964436012634,11.1904240119297,9.92712343766243
"FAM129B",8.78339954100118,8.29870951892699,8.70736316348302,8.96796493881151,9.16669085291503,8.76761705596929
"ST6GALNAC4",5.91485715615986,5.7368316223205,6.25772181162451,6.49306630528759,6.31676160488645,6.86490396630684
"TMOD1",5.79147317606317,5.77685464919912,4.63910910251109,5.39408088420441,4.86095996838829,5.07532107295397
"DAB2IP",10.4266930503723,10.0737339493309,10.2278369206519,10.3224331729514,10.4899703810821,9.66869940996807
"STXBP1",10.7309229900175,10.7989403244364,10.8209440479231,9.89406343805956,10.6317728195593,8.47751598523127
"SLC2A8",7.56603455452022,7.12350224223334,7.65630972635039,7.72329501884015,7.73264244605026,7.70630283433365
"ANGPTL2",6.45587737080958,6.64638115531134,7.40898199943496,6.52481329577584,6.47648978420022,7.28932599176162
"CDK5RAP2",10.3741053903518,10.4218613613323,10.6043165592583,10.7891270245549,10.5715073703342,11.2172305873085
"ZFP37",9.94841213601156,9.99458071564599,9.84422044190428,9.61232149068236,9.81029571197305,8.64976109989153
"SLC31A2",6.90898517037246,7.08893281579373,6.99540769375669,7.01760602430721,7.09036942125385,6.87265238011493
"SLC31A1",8.9951664423745,8.98118096489675,9.11140244211204,9.19637625719704,8.70818596523303,9.67624187336612
"TLR4",5.22411723473243,5.13762512309315,5.53204272811162,6.24586930570413,5.69081184736494,7.18251737320531
"ZNF189",10.2780357080955,10.3226812919926,10.3287164980388,10.2189043885579,10.2247304628472,10.2851012519683
"ALDOB",5.85484684019812,5.90657782030436,5.19204933581343,5.7607533951804,5.53476861827663,5.54910236469605
"STX17",8.3480576326007,8.43743525109495,7.84354444978498,8.12403356891573,7.93246643504887,9.19451663064525
"PRPF4",9.66003291661576,9.49990414998577,9.39910039251952,9.57762553306173,9.60437477464621,9.79975565402278
"FPGS",8.10664516815297,8.12507557929939,8.09480102749024,8.57861934786081,8.36380483164449,8.6453676721399
"USP20",9.22762321706797,8.84767674792207,8.94535767324388,9.35928462811189,9.75990624332807,8.94063860963047
"BAAT",6.30967770216152,6.17206882112393,5.41912560421338,5.73093733123111,5.84266003333913,5.18746296578136
"KIF12",5.54851785949931,5.75702651981449,5.29031095099465,5.17826991240815,5.69081184736494,4.76371589021208
"ATP6V1G1",10.9627774510699,10.8523685455099,10.8594747164161,11.2941146650729,11.2306080649123,11.1352132970611
"TEX10",9.71829582008289,9.73153158762709,9.70418500432671,9.71084083181169,9.60131122389568,9.90345261650259
"GARNL3",10.6486733633797,10.781035182449,10.6068828711435,9.98510631179256,10.4971270576949,9.56919268141549
"MRPL50",9.76230450523298,9.90110563660263,9.68162994925216,9.5576784261424,9.73496705072022,9.52571313162221
"DPM2",8.61194499442317,8.55895856412948,8.60128022869596,8.89316453647128,8.98259786983161,8.63875221389143
"WDR38",5.04742567774093,5.09718127405855,5.86366298223323,7.2006595156671,5.87375914045291,8.22973752692289
"TSTD2",10.4259334333698,10.3350071591948,10.2520874644292,10.4384820105453,10.5318512266903,10.1203567888901
"GABBR2",10.4686053953146,10.4501323756977,10.2834433602953,10.3186686013796,10.7280280412624,9.25767743784455
"PSMB7",10.3333665944618,10.4075152625511,10.0367442164344,10.5250336614574,10.5787905812505,10.5169140290116
"C9orf156",7.95390916723045,8.02064177406534,7.75301579166825,8.06846340828415,7.88930295088665,8.02455368757363
"RABEPK",8.69012071758765,8.68921314870482,8.65198398976558,8.53467178538634,8.75679763247672,8.46758899351877
"GOLGA1",9.28241204623931,9.37898943601488,9.26242651196847,9.22196144328496,9.28220014013334,9.10787268429672
"XPA",8.81164057880624,8.84361594438155,8.51257683775418,8.567758033203,8.66376727607359,8.41172633116895
"NCBP1",10.7781115496419,10.8773673645829,10.7722394694509,10.794170090818,10.8195773156452,10.8047029103463
"ANP32B",7.2895535690056,7.3498397812423,7.85519030962788,7.91639054272443,7.71750400309801,8.502036828472
"PDCL",9.40936545971717,9.39571006736673,9.36309357753935,9.78367282350272,9.66333750182119,9.63923149811602
"RPL35",11.1733746008614,10.8468101718726,11.6464398582237,11.7599403542289,11.6554675097287,11.641413318368
"CTSV",5.54851785949931,5.67386991742712,5.45827589049947,6.65890241898307,5.03903521958369,6.39501592218696
"LMX1B",11.4508092982155,11.3330052367408,10.483834354425,10.727599007591,11.2844128310645,9.67731615248355
"ARPC5L",8.08745859130208,8.11834614368255,7.80802279742507,8.09399110690924,8.25847445877537,8.2030255287367
"ENPP2",10.8483894595234,10.8808328778137,10.6137041276443,10.6372285699358,10.1266102227456,11.0260859276951
"DSCC1",6.22223378738274,6.37842206372085,6.74960856768488,7.06569315570874,6.17035088062347,7.47119071522143
"DERL1",10.1957530964107,10.1634783940768,9.916360836488,9.95215631189838,10.178218560946,9.73623236610607
"MYC",8.79523417180489,8.31643631995126,8.15713539366096,8.22677577399742,8.35896101017749,8.42717884553343
"NOV",6.79714772954774,6.66563710439642,6.82449048673678,7.64221678359325,6.9593212858361,9.51132507964023
"IL33",5.93418371095413,6.35439345161833,6.65662472716031,5.47521948736164,6.19402372481779,4.98896808752624
"TMEM261",9.43980557591928,9.48305352460337,9.42066942190477,9.5244299463107,9.69720816186653,9.45980407102384
"RANBP6",11.458628491566,11.5540639818584,11.2172316303963,11.1674065953732,11.2885429238928,10.717617741329
"POLR1E",8.74729920912343,8.80654292034083,8.90415536165726,8.95968969122972,8.96202670731021,8.98820979985356
"PLAA",10.1587377505891,10.2051546678623,9.97317393098222,9.90630097206432,10.0455593960693,9.79382502400382
"IL11RA",8.18813135604138,7.84398320320908,7.66296644002311,7.51495760913922,7.59434452332097,7.8047312544377
"UBAP2",10.3866525952149,10.5273489014006,10.2683911394533,10.1436875663503,10.5009659926291,9.88776267837736
"APTX",8.83704947571897,8.66409072801546,8.90971770521768,8.83401661496969,8.72707797392366,9.05425959877665
"RNF38",10.6846804879513,10.7767897069606,10.9778675562659,10.7235378591104,10.7364258743085,10.6546792303054
"TLN1",9.59391171840989,9.41223878885402,10.4200820927914,11.0795826186833,10.178218560946,12.0192033114025
"DNAJB5",10.0475626978228,9.85652675749855,9.63207500609705,9.85523026303513,10.0708733523886,9.39465920021297
"SPAG8",6.90000882976452,6.72179300651678,6.83657729618024,8.87420714580602,7.47304188353518,9.90711967824023
"DCTN3",10.0681589137079,9.80740535239521,9.83403090989301,9.99928844114491,10.3053502049254,9.4485199458496
"CD72",5.0958257135656,5.05426032044833,4.33057497578978,5.54997731954909,5.07654591073903,5.91480976668293
"TMEM8B",8.45950617542595,8.62910859222468,8.57699109984022,8.56957397218127,8.49759222236428,8.29300692357761
"GRHPR",9.77787194337001,9.44071530760352,9.91083143124534,9.90127456369829,9.73589846212503,10.4027419817752
"ALDH1B1",7.64203905041473,7.4122663862888,8.19874965625953,8.25869370048115,7.90272405102928,8.81139499085974
"HINT2",7.73411488001588,7.8316627210426,7.83768552609725,8.20587433992419,7.84478820167845,8.44752634496484
"ARHGEF39",5.14109345202186,5.40267998277688,5.83737023149546,5.91179944389842,5.49165273270531,6.43857020096946
"IGFBPL1",8.78339954100118,8.71612723703442,9.46852090139005,10.0153275647583,8.93791920966523,9.71860034075482
"DENND4C",10.3129682304367,10.4699919299442,10.4977292074615,10.6337702869881,10.4411391840372,10.999718468821
"RPS6",12.3628248543603,12.3775037434546,12.928485651866,13.3421100846914,12.7790622924308,13.6062314691842
"CNPY3",8.90633014081767,8.81486442039938,8.89577128390487,9.48176025103329,9.27452478756204,9.85680937982031
"FOXP4",7.32972286304845,7.33232000194245,7.56679197810507,7.54134455499361,7.13142268535155,6.45980961472376
"PPIL1",10.1948614976626,10.3255909890345,10.0804943461064,10.3479859635611,10.304095140301,10.105273721726
"KLC4",9.48429245312037,9.04973483161436,9.26459716379155,9.78679130319102,9.84523920640029,9.38153275427456
"KIF13A",9.82359006167544,9.81363786614547,10.1181659079106,10.6216005725187,10.3715510618562,11.1557738096422
"ZSCAN9",9.82012431301059,9.84946665205254,9.94233968385781,9.82899989099307,10.1080299164005,9.36562143148929
"PIM1",7.41919597398627,7.22231829608507,7.69578817842309,7.98629262707594,7.82022829088924,7.67191294711084
"GMPR",4.33057497578978,4.84495094307666,4.63910910251109,5.3049269085433,5.03903521958369,5.881557447727
"CMTR1",10.4898405182799,10.3493745663013,10.1665241559835,10.6132836780447,10.5020609568093,10.6508578677904
"TFAP2A",9.29412413521009,9.41907015852302,6.399200953035,8.06330259676767,8.09603806330343,5.5258120673756
"SLC22A7",5.3344412562722,5.45795213323723,5.41912560421338,4.82464481268825,5.14598214718274,4.68467332000649
"YIPF3",9.84534836760789,9.72162210906736,10.0007622931741,10.2598664308025,10.2575212202589,10.4201661199951
"TMEM14B",8.94507676775659,9.10163916561853,8.80016670972546,8.90757890178793,8.66768478986377,9.12688344576608
"TMEM63B",10.4700799678098,10.2395020538315,9.82523932044251,9.94449800166179,10.4788902882734,9.54702929749518
"FRS3",7.77319182083642,7.49838179734488,7.07853172863903,7.39590461736391,8.06955135614592,6.44923337026561
"TJAP1",7.21992247057651,7.06064047442664,7.50874119576164,7.87273942247192,7.7916296063901,7.83219871463206
"HCRTR2",7.85736845283788,7.59910803920834,5.98677983682015,6.92190735690644,7.29478283853804,6.5513242749642
"HIST1H2AB",6.55271216369173,6.25346714605822,7.77772701745442,8.45239792323193,7.3501882512894,7.76861647121532
"KIAA0319",8.42331149666572,8.45886115771458,7.49384682798959,8.00795564502938,8.42300960856741,8.07458872633557
"IRF4",4.80259831140558,5.05426032044833,4.86296472820736,4.95373220111794,4.74232802187034,4.76371589021208
"SLC22A23",9.88015838639378,9.87452409280452,10.0594100532998,9.96528922024337,10.2749229769525,9.61364491087708
"TUBB2A",12.9334725804223,12.6657496845651,12.3586090070054,12.5483903279375,13.0401390876871,11.4670673223739
"LRRC1",7.66822231500951,7.81923443275588,7.71512204712023,8.35038510507667,7.78438898045635,8.65414112207079
"FOXF2",4.60390596466056,4.33057497578978,4.63910910251109,5.53181738139766,4.86095996838829,5.25394328805817
"BPHL",8.72023681804644,8.63852083669891,8.69452362345421,8.60718720155449,8.57476071043855,9.0359351897188
"RIPK1",8.41411815025139,8.40192004734629,8.23474953725857,8.70952114167993,8.21353349631336,9.4833397024413
"TUBB2B",14.0907365976189,13.8187464724637,13.7226315268368,14.0681011092256,14.3574981297514,12.9283538117436
"UQCC2",10.0999413868658,9.91566405861298,10.0804943461064,10.0239414854805,10.2392503489692,9.67193672979951
"HMGA1",9.61673503043875,9.40949714200264,9.74049005614146,9.60615522062485,9.99666907417831,8.28454230082659
"TCF19",6.9872241670526,6.98725741936592,7.20377091105087,8.34826887110313,7.44100945016814,8.59156999981621
"FLOT1",10.0196352068638,9.85753252683366,9.60664340420261,9.87660810610123,10.2174153178956,9.87564818427946
"IER3",6.30967770216152,5.87100821421757,6.0767532850492,6.92190735690644,6.96585350046218,6.77661481002274
"MDC1",8.69770916277194,9.01586628446346,9.10171944999658,8.80350402162126,8.78591485054971,8.95312379390624
"PGBD1",9.47697273765789,9.6066719221677,9.60835288137349,9.1155323652251,9.43459667452418,8.52614536735095
"ATAT1",10.3921078531318,10.292513400736,10.4763686596708,10.2815777297384,10.8577121700812,9.6414350940407
"TPMT",7.94112393594457,7.89222397711092,7.94507471577092,7.67316801531201,7.71750400309801,8.51655053485238
"RNF144B",5.14109345202186,5.45795213323723,5.60065691610817,5.66870520190303,5.88899535302041,6.34993536391042
"NRM",6.57584372992704,6.32990443424444,6.69726825935597,7.42865150172668,7.01702036134237,7.37785530753697
"MTCH1",11.8828082830972,11.6849883882764,11.6208549311076,11.8891842638658,11.9078132491453,11.6455336187616
"VARS2",9.64965531825665,9.29976669219361,9.21157621966375,9.5244299463107,9.97158774048586,9.02921346567643
"TAF8",7.88435423161158,8.00246769211164,8.08989141677383,8.48933489126633,8.09311925753903,8.81921326867187
"FAM8A1",10.851221109517,10.844276539919,10.6874912859027,10.6743114923361,10.8977793127624,10.5900091313553
"C6orf52",6.45587737080958,6.60701201275565,6.14008014374634,6.52481329577584,6.07080875752555,6.39501592218696
"CPEB2",10.5071809876209,10.5361672653653,10.2651451186497,10.46791352486,10.5420010469197,10.9450462467889
"FHDC1",7.90645762791727,8.01339992660753,8.13824378640928,7.54879380865966,8.28170706968008,6.30320502760512
"MGARP",5.0958257135656,4.90491546544878,5.29031095099465,5.05921631031587,5.17836802896297,5.03357482878391
"TTC29",6.45587737080958,6.30493497245368,6.23887088147353,7.77487844920169,6.8573932640096,8.50689107156897
"MYO7A",5.43226952355336,5.75702651981449,5.96317797384801,5.20526093226038,5.37441071259404,4.88837907797739
"FCHSD2",10.562830599591,10.6823521534689,10.424938268663,10.1997340232602,10.5688972840343,9.54113970951079
"ARRB1",10.5847750401543,10.50120910068,10.1665241559835,9.54022628087655,10.4157987219728,7.73155801716285
"SLCO2B1",4.80259831140558,4.58878259651035,4.63910910251109,4.77291247508709,4.74232802187034,4.76371589021208
"PRKRIR",11.0182527451084,11.0600871992776,10.9067550021856,10.9374522235384,10.9492599437997,10.4625156612397
"ANKRD42",7.82522337839033,7.78128312950899,7.93962027758522,8.65243022935743,8.0813839661163,9.39987645987423
"IL18BP",7.57714608324443,7.72904846965339,7.66959197425824,7.40004002884461,7.6671556408761,7.27208363450596
"NUMA1",11.9760341596086,11.7691343832195,12.1512944493256,12.3830512122628,12.4417814127314,12.2499557373183
"CCDC90B",11.0332913130312,11.058776525419,11.0073028858086,10.7071779371545,10.9707727560294,10.3692440070136
"SYTL2",9.37512103041908,9.33487382519952,9.56146976290134,9.01264673655776,9.01214382024341,9.30155205388068
"RAB30",10.988211506867,11.1345528165665,10.8787147892084,10.681447535643,10.8835670425087,10.0648105441353
"CREBZF",10.6375623484743,10.4824296489414,10.424938268663,10.5043513643839,10.6668568460458,10.5306446263726
"LRRC32",4.99520527768772,5.09718127405855,5.3782345210694,4.91404266993799,4.80549449477315,4.33057497578978
"PRCP",9.20298137963098,9.22063058316552,9.82376882759716,10.00197405152,9.22494019162892,10.6960592399293
"NARS2",9.0475312317789,8.90140345591132,9.04221169520246,8.9457908969375,9.07243010928637,8.82116120961703
"RNF121",9.09231650683789,8.91113618735267,8.83567220572049,8.98980225168197,9.10454137051378,9.08212785604339
"MRPL15",9.10187066939362,9.07419006118042,8.88451590408552,9.0739797299561,9.04861791045008,8.78169162450539
"PI15",13.4023183710333,13.4471831890321,13.6747226844591,11.1742663590473,13.276247333439,11.8625996051254
"TTPA",5.46268370782665,5.43072800972915,5.81044805857035,5.96211569431352,5.49165273270531,6.27917803362026
"GGH",8.99105829743228,9.02306307653173,8.82393424673125,9.61933649251355,8.53025180249575,10.3864186193313
"SLCO5A1",10.9866671419448,10.8808328778137,11.0085972834862,10.7899040295411,11.2697029681388,9.13316495890527
"SULF1",5.76951971169128,5.90657782030436,5.49586482724437,6.13377621276322,6.68450597902808,7.2487570893267
"TGS1",9.56382858057774,9.60786802402504,9.45718069784818,9.45651797324071,9.55138717631216,9.43460708890297
"SDCBP",10.2755078438786,10.1504087354228,10.2866484946307,10.9666085325283,10.4169602729474,11.8160779383932
"NEK1",10.0266679634468,10.1699690625735,10.1049109635847,9.98306885539856,10.1230556341322,10.2559260151721
"DDX60",5.54851785949931,6.06976574579927,5.93909051704448,6.42715403265457,6.05777184720114,6.70857049326097
"SORL1",10.4854726250575,10.4266118533308,11.0897237130437,10.1956346069086,10.6481856906175,9.42951436027299
"BUD13",8.98073629975401,8.89160438305601,8.78813386699181,9.05598220130418,8.99822400252426,9.14719890483391
"TRPC6",5.26254826080776,5.34383018699978,5.29031095099465,5.73093733123111,5.55563637036578,6.40604308854489
"C11orf70",6.28119912210877,6.54567163620786,6.79998829512151,8.28328174582559,6.75482273122502,9.6458322013505
"DCUN1D5",9.05148142646217,8.92272915376826,8.90971770521768,8.94299494376949,8.84243669548744,8.79958722914079
"YAP1",9.09039803745238,9.06376011097949,9.4983320793504,10.8526067680145,9.40092282443618,11.8524167387222
"SLC37A4",8.47726641310471,8.20344870999435,8.29989991996498,8.99790650815583,8.74572469772659,9.01227043477643
"RDX",11.1445797409219,11.2675727752907,11.3062345254617,11.877719058825,11.2417929485251,12.6125529158748
"PPP2R1B",8.80463218759551,8.77490088306464,8.75141856655928,9.28510655588269,8.76413245157079,9.64363532502754
"FDX1",8.21311353050452,8.09454011614963,8.04492768270582,8.42053730713915,8.28170706968008,8.83472335947809
"C11orf1",7.94539845021997,7.98775968103525,7.87819958590748,7.77170888304149,7.76244270237009,7.63219804937138
"FXYD6",11.6180696403747,11.544419747566,11.3214169684761,10.9126968442693,11.5495867773375,9.6102737796752
"ARHGAP20",8.26522052484028,8.21294986883551,6.46448655819503,6.44394842076515,7.0723947844243,6.58046374046774
"FXYD2",5.6018543074561,5.55970553524277,5.53204272811162,5.35063533644267,5.65395698090973,5.28523604052962
"ALKBH8",8.87768241564622,8.82519898215955,8.74209121903283,8.59297437018921,8.91340061362166,8.18796695439066
"MAP2K5",8.81396913356261,8.90335528059791,8.83567220572049,8.57861934786081,8.69096801440732,8.76154262849466
"UNC13C",8.90414662451716,9.06201441064629,5.96317797384801,7.35386512212328,8.09603806330343,7.03285808344634
"SQRDL",5.04742567774093,5.00838899562681,4.7660846074949,5.49445599134623,5.20943279770974,5.69868419475818
"CTDSPL2",10.4934703506489,10.6285915316489,10.5359373287669,10.4924665525798,10.3504281401074,10.6160021819751
"SLTM",11.0277953596214,11.0950325788203,10.8794224791663,11.0102673346805,11.1155029655412,11.1422290265725
"THBS1",10.1769127526544,9.94340011691356,10.1241508320617,11.5362886491597,9.03049647091855,13.7988856485401
"MAPKBP1",10.4418019635402,10.123908530629,9.99554791232201,10.0494786708118,10.2819528089905,9.80566197952917
"NUSAP1",8.17365727026333,8.44013107304247,9.17741812874257,10.3987911394513,8.80381792561637,11.0606462742743
"NDUFAF1",8.55178237037359,8.61248716102288,8.29138273173614,8.2788425118065,8.18642227683518,8.37766287611289
"KIF23",7.38154779352706,7.50359283809551,7.93962027758522,9.16913273682366,7.76244270237009,9.724848072014
"ITGA11",5.14109345202186,4.69525161239808,4.33057497578978,5.0909007841773,5.11210946503177,5.93108273336772
"CASC5",7.97914030923466,8.18747172901015,8.87601615466618,9.6175859414692,8.20004216916311,9.83387289626321
"HAUS2",9.89121043431502,9.85451311088826,9.63375459161552,9.80613039516859,9.75348185295997,9.5841630018552
"RTF1",10.573158644258,10.6478980805646,10.2278369206519,10.5231656614355,10.6156769176277,10.4835399807835
"PARP6",11.3216126535225,11.3725747103964,10.8091069481185,10.9069783150587,11.196523448322,10.2759143215744
"RPLP1",10.3063793357407,9.9137314103387,10.3452059712253,10.9853845841233,11.0353424022343,11.1752855583715
"PAQR5",4.80259831140558,4.90491546544878,4.7660846074949,5.88579523582229,4.80549449477315,7.2487570893267
"LRRC49",10.9072614196018,11.0425128575277,10.9376620811835,10.6616316941061,10.8344309962766,10.5234971486674
"TUBGCP4",8.6411061146322,8.73598687261204,8.86746584518105,8.48933489126633,8.71008638910114,8.43738870961499
"RMDN3",8.93441813638862,8.83341345067355,8.73270290508688,8.81731492179533,8.72143642010569,9.16416770169776
"ITPKA",4.87482195210638,4.90491546544878,5.13786241172375,4.71402308857299,4.86095996838829,4.83010453277739
"UACA",7.46187926330275,7.7727098763533,7.93414485834228,8.21984252896038,7.6231073976722,9.41283751274919
"SMAD6",5.22411723473243,5.17594971784969,5.2426758087291,7.00668785647124,5.49165273270531,8.49716609551852
"PLCB2",6.40461685682177,6.00716920758814,6.3126379774091,5.77536139914715,6.41888706613282,5.15195654074678
"TMEM62",8.50926617579326,8.44282183317067,8.64198552070115,7.93348273280204,8.1047588350883,7.80868786012119
"PAK6",8.63584797194149,8.46151701385177,7.75301579166825,6.95645192050632,7.56921545969329,5.9629602809734
"ADAM10",10.6865843041522,10.7661210215211,10.8179938679322,10.8485103334757,10.6668568460458,11.2227567365235
"STRA6",4.99520527768772,4.69525161239808,4.63910910251109,5.05921631031587,5.11210946503177,4.88837907797739
"CYP19A1",5.70087603390657,5.48441204341114,5.19204933581343,4.64396487703681,4.99924798284876,4.33057497578978
"ZNF280D",10.8753465157606,11.0206883273995,10.7668949067625,10.5231656614355,10.60348599624,10.7264629780934
"SEMA6D",11.5043142610631,11.6055359554065,11.4369649425782,11.6756452881741,11.5949297815871,11.8564511183837
"BCL2L10",4.93817568778476,5.00838899562681,4.86296472820736,4.87127988604197,4.56883750728876,4.68467332000649
"RSL24D1",10.6859499779413,10.7314410354125,10.5431016797299,10.8618738043038,10.8598489465932,10.7633351583492
"SPTBN5",5.14109345202186,5.17594971784969,5.33538540566403,5.25661469107151,5.55563637036578,5.11466593771837
"GCOM1",5.0958257135656,4.95891832408665,4.33057497578978,4.55239249687834,4.74232802187034,4.68467332000649
"GCHFR",6.37820212442732,6.186010907159,6.11933501176659,5.83193623690723,6.24005731496927,5.73777627602365
"BCAR3",7.90206434329552,7.81088806238494,8.44513237632328,8.92468750998132,8.25326000806279,9.73726285624238
"TTLL7",11.0677833172711,11.1436479423432,11.0291512159326,10.7549156482284,10.8696375508573,10.4896657190197
"FNBP1L",13.2906764711142,13.3896215341156,13.0022943040423,13.1734529942085,13.3559873544959,12.6869332810128
"CCBL2",8.52357874480435,8.87975663685593,8.54514553185727,8.9802892024838,8.61995388903716,9.2198194259136
"GTF2B",9.58168080751203,9.69485877101641,9.55084080548476,9.61583326094839,9.59208129153332,9.51011956313806
"RABGGTB",9.90436199482836,9.90597479999593,9.93009225816982,9.9234025090154,9.97237817367615,10.3639180932845
"IFI44L",8.21311353050452,8.39359767369775,8.80016670972546,9.31566998225036,8.74201466907865,9.41025461702695
"GIPC2",5.85484684019812,5.77685464919912,5.45827589049947,5.3280834021818,5.23931319139556,4.83010453277739
"ARHGAP29",8.73260115285752,8.79396960417558,8.37838149196812,9.17271562195365,7.71750400309801,10.5612141149737
"IFI44",6.50519094232758,6.56643692587744,6.90692282347899,7.2006595156671,6.81438320244227,7.39384877311
"SLC44A5",10.1921833885896,10.2685212004644,10.3193576289248,10.6646003002231,10.4987735670069,10.1391862772951
"RPL7P9",5.76951971169128,5.81547244195914,6.38235023120535,6.5326312524326,6.03126530424217,6.6642196588643
"DNASE2B",4.93817568778476,4.84495094307666,4.94418431550225,4.33057497578978,4.80549449477315,4.88837907797739
"DBT",9.37512103041908,9.49474030586583,9.33857891940322,9.20339925941116,9.10886517354124,9.78189004368097
"RTCA",9.68056654897455,9.5678627312319,9.54728032117247,9.44570392545474,9.73403503693119,9.34006332964509
"IFT172",9.92816589176384,9.81777795231445,9.78801925659794,10.186220512846,9.89778092545834,10.7419411024647
"EPT1",11.6751108473719,11.681302537189,11.2844933170234,11.066175905249,11.4765564214504,10.5448341811737
"CGREF1",8.97450735232434,8.75341226294318,7.84354444978498,7.75254127791786,8.56218417374355,6.09663944422455
"HADHB",9.46222076142838,9.51528553437334,9.81787180706001,10.1891690254939,9.61656424936938,10.8615445909114
"KHK",7.77319182083642,7.60396038345923,7.53806547190816,6.90430184754237,7.25306074925114,6.58046374046774
"ADCY3",8.71276679716077,8.47472297771754,8.6453260878984,8.5290824416794,8.92652921080005,8.15426865862903
"PPM1B",10.517913846078,10.5443077439563,10.830490670142,10.3261879419756,10.4023732028265,10.2414770832742
"PNPT1",9.4200928379801,9.44607614639958,9.46475074526939,9.38318510895374,9.26034613844487,9.51613708230634
"DYNC2LI1",9.32381060255353,9.29085450369472,9.36915758254545,9.47597424956749,8.96680008400184,10.4951567238924
"LHCGR",4.60390596466056,4.58878259651035,4.63910910251109,4.64396487703681,4.56883750728876,5.07532107295397
"SMEK2",11.1989408721753,11.2893425445858,11.5612430693293,11.2786986295267,11.3952180523284,11.488940290422
"THUMPD2",7.79707923979468,7.81923443275588,8.03984308046441,6.30301855394286,7.02951969692029,7.10645774094267
"CYP1B1",5.40082433975998,5.53524434648493,6.27629400697231,8.28106385062671,6.30608491752984,9.65349499773249
"RAB1A",11.096705314028,11.1119822213834,11.020836472665,10.9094829617619,11.0425088173184,10.7658610602515
"ACTR2",11.2755601023883,11.3630491333141,11.5913568982353,11.3217774199169,11.3396548137307,11.6375570578851
"PREB",9.65355568162809,9.4326364498252,9.57026771386293,9.67341760541303,9.77357710807641,9.800741724027
"SLC5A6",8.71026813043122,8.57130070609712,8.88168823501977,8.567758033203,8.75127183483369,8.28454230082659
"PREPL",12.9722229824318,13.0873685182694,12.6719135707064,12.2503422605034,12.7422438669766,11.6858353051778
"SLC3A1",5.14109345202186,5.60690679268508,5.29031095099465,4.99090412180236,5.4465120496375,5.03357482878391
"EMILIN1",5.3344412562722,5.24729833481842,5.07933519419276,4.99090412180236,5.32290848716218,5.3153992589889
"FBXO11",11.4700941969246,11.5562328176041,11.8814676759246,11.3845899035292,11.4455939316054,11.0835048891207
"SIX3",4.7165496130104,4.33057497578978,4.33057497578978,4.87127988604197,5.34903754503733,4.58127373257168
"ATRAID",8.87098952953717,8.78128528618915,9.20480914560626,9.56859288911004,8.97945216551297,10.3585724360769
"CENPO",8.87768241564622,8.89356954853587,9.40698110232862,9.29937744430838,8.86477842231069,9.38416763273161
"LRPPRC",12.0194745714663,12.0931472984223,12.2177110120031,11.8494896423293,11.8187976565904,11.6648782635825
"DTNB",9.49302729366371,9.57154582837835,9.3073367562706,9.08162456332603,9.41959878392584,8.62765823926224
"ACTR1A",12.1528233901313,11.9765310694395,11.9352044497996,12.0840477464042,12.3065565227859,11.5224850521452
"TMEM180",7.29632919015158,7.17049332813552,7.22207310011052,7.02303275895578,7.6432996066977,6.09663944422455
"CYP2C8",6.2520628250378,6.50312951392523,4.7660846074949,5.88579523582229,6.25130538879973,5.5258120673756
"MYOF",7.29632919015158,7.49315139052759,8.25241517405332,9.00462534486354,7.87915334433172,10.2076845640965
"LOXL4",5.04742567774093,4.69525161239808,4.86296472820736,4.64396487703681,4.33057497578978,4.68467332000649
"STAMBPL1",7.68882550855379,7.93888189586916,7.64290155373675,7.68670971130126,7.77345828366695,8.46758899351877
"LBX1",5.0958257135656,5.31286008562374,6.33042650449943,5.85918570565528,6.74718918806888,4.58127373257168
"ATAD1",11.7185534812472,11.7342575979987,11.3665332878981,11.2280008018411,11.4447401199108,10.7491077727472
"KIF11",7.95814552402036,8.20978982772904,8.85021110553315,9.64017887088605,8.13911874261562,10.2261482431609
"CUZD1",6.22223378738274,6.0388771203416,6.03261425473495,4.82464481268825,5.70876948923922,5.40006335275449
"TACC2",10.2143504287328,10.31318402206,10.2640614858257,9.81379395201006,10.2729997869642,8.90802699991486
"DUSP5",6.57584372992704,6.2134331229608,6.90692282347899,6.29367165290976,5.93352705716022,6.86490396630684
"CALHM2",4.33057497578978,4.33057497578978,4.33057497578978,4.33057497578978,4.33057497578978,4.33057497578978
"ARL3",10.3486786303679,10.3881623863602,10.2144354031555,10.2609878191261,10.3649457093289,10.2559260151721
"CEP55",6.30967770216152,6.39026961629101,7.58795930644445,8.32478146523576,6.69250366550329,8.69297135053693
"KIF20B",8.41104054542838,8.49041120346895,8.61156529937367,8.93316606974582,8.24802647612564,9.27623952076319
"ENTPD1",6.33753079965724,6.40200899166213,6.90692282347899,6.19617072220197,6.20569266903883,6.06819675099262
"EXOC6",10.2687451264303,10.397179960073,10.4210546370979,10.1253318395537,10.1623750841533,9.86154221501333
"PLCE1",10.0846191821025,10.2200869732543,10.6842547842496,10.2936824350156,10.182323168477,10.8737734633886
"RBP4",5.62750733317344,5.43072800972915,5.3782345210694,5.4150421589993,5.51344929562775,4.88837907797739
"DBR1",8.65676595333436,8.61248716102288,8.66191329916477,8.6829373718257,8.58308423393308,8.87465841980021
"DNAJC13",11.1674796883402,11.1958544342841,11.3141074613397,11.0251914963442,10.9896295623561,11.2878216555056
"ANXA7",9.48866649442987,9.46600343739296,9.40304613797014,9.62805748605556,9.37484139591801,10.1469598937621
"FAM149B1",9.49882123213004,9.56663293678612,9.55261775317147,9.62457542044372,9.45623950330908,9.83675999736168
"NCOA4",12.405442166021,12.4085304993063,12.2484379615434,12.3220541834594,12.3782142963306,12.1092695247424
"TIMM23",9.05934942303815,8.93804245124898,8.86746584518105,9.04168161617988,8.99666900720662,9.14874981729395
"ASCC1",9.22587700764999,9.26226300594309,9.2925217901957,9.40973384422257,9.40327060705173,9.5564028406261
"ZNF365",8.56567891271529,8.66178492182085,7.81996234402189,7.64221678359325,8.1559935466332,6.36135507851925
"OIT3",5.72424503540458,5.85279833732561,5.63329680407505,5.49445599134623,5.51344929562775,5.03357482878391
"ADAMTS14",4.7165496130104,5.13762512309315,4.63910910251109,4.64396487703681,4.56883750728876,4.83010453277739
"RPS24",12.7792323640328,12.7203723898889,13.0312377483689,13.1776146345787,12.8642191628173,13.3118537438621
"TET1",11.5925772571771,11.7369915793891,11.9038988917061,11.6043403565381,11.8382164130498,11.3446816800246
"DNA2",8.80930824446235,8.93040618926337,9.12580583788367,9.07014202555374,8.90513394041872,8.8327937281246
"AOX1",5.72424503540458,5.75702651981449,5.3782345210694,5.45558649408591,5.20943279770974,6.21702304029175
"ATIC",7.88435423161158,8.15825512381981,8.79416288500709,7.55250372585819,7.91601970225924,7.85532673182994
"SMARCAL1",9.08462723266314,9.01225433978407,9.27970077105899,8.81425728404438,9.0456134792976,9.02415147894233
"BARD1",9.29578954005081,9.32180875805441,9.82670831451534,9.94449800166179,9.45397656532653,10.1616152825839
"STAT4",7.36877029660064,7.45059282337976,6.61470214021762,6.42715403265457,7.04805835811577,5.81198514857821
"MSTN",5.26254826080776,5.77685464919912,6.00991838444328,5.20526093226038,4.86095996838829,4.98896808752624
"CARF",9.64965531825665,9.69147813161039,9.68325278521114,9.47404040595738,9.52468330990924,9.41541578447011
"ASNSD1",10.4832837073802,10.5069878305059,10.6145545207135,10.3245799522863,10.4221757052875,10.220265550237
"METTL5",8.90414662451716,8.83545975204215,8.55228367163176,8.72751613386689,8.60368421305425,8.71828678420789
"SSB",10.4492974701879,10.4863351676618,10.5014120022717,10.6889650586944,10.4788902882734,11.3574651781896
"NAB1",9.61939651093801,9.56909147678651,10.1313001002017,10.2738214894331,9.64461161411216,10.818394872114
"CDK15",5.49214979402744,5.45795213323723,6.0767532850492,4.99090412180236,5.23931319139556,4.68467332000649
"PPIG",10.716708469866,10.8518641230192,10.500492184891,10.526433075332,10.6663685839801,10.7903835809919
"FASTKD1",9.09231650683789,9.06026658939901,9.27970077105899,8.90038978524191,9.08419002083006,8.7936467598063
"MDH1B",6.95300237665677,6.81901835644222,7.03759706541257,7.98901858476308,6.91270089209392,8.7493161660563
"HECW2",10.9088931381249,11.0188920687518,10.9632553473066,10.4635369077559,10.655584784784,10.0424788409537
"IDH1",12.1635696730968,12.2081485119809,12.4028385714389,11.9032541850733,12.2904894280746,10.6393326515694
"OLA1",11.0692432730422,11.1469410939385,11.0285133191761,10.9486289930058,11.0458910477753,10.8002741748812
"CIR1",8.71276679716077,8.85979076743473,8.38239530543292,8.78644174133763,8.87158351144173,9.03928430964639
"SSFA2",10.8122260329297,10.7868523814269,10.8172553791025,10.6211640348851,10.468844892213,11.1398942394011
"CHRNA1",5.04742567774093,5.2124335202594,5.13786241172375,5.05921631031587,4.56883750728876,5.67858866699434
"FAM117B",10.7029796165302,10.7714652286571,11.093388227681,10.4513094803028,10.800570023615,9.80958612553072
"WDR12",10.0296715310326,10.0892273817444,10.2597187924064,9.69930185693037,9.95248614195391,9.69545741475843
"ABI2",12.4046714282892,12.4858194110153,12.5821824193417,12.3684321725299,12.2718364437817,12.4902055141946
"ITGAV",10.1431067925433,10.1691593251458,10.7468684560263,10.4210320840956,10.1144886942174,11.2377544114193
"SLC40A1",7.22704432932557,7.09591621670021,7.58093875215175,7.11215977246549,7.38914819656489,7.91888360076693
"SLC35A5",10.5983226660123,10.7889619229469,10.5957290548016,10.696029142444,10.6176987567564,10.7404007433991
"DIRC2",9.01148267442324,9.15991862707476,9.02438124038737,9.11180405183644,8.87835653452887,9.34006332964509
"SENP7",11.4571423853903,11.541607689161,11.5091556550123,11.2880779985134,11.289811346353,11.0655751359687
"COX17",8.20957127094734,7.97289824292198,8.17578040881632,7.88743916870191,8.16157446701301,7.8930562109277
"PARP9",5.91485715615986,5.81547244195914,6.92958651312438,6.25557621208894,6.13396671442646,6.26699080821412
"MNS1",5.81299943796065,6.0388771203416,4.94418431550225,5.60255728389094,5.93352705716022,6.84138999912851
"USP8",10.2019788976978,10.3472285598307,10.2144354031555,10.379819304284,10.1918553873016,11.0197507644009
"SECISBP2L",11.7082834169962,11.7950775276912,11.7213693619142,11.5307218513336,11.6586619207626,11.4852666629559
"TMOD3",10.2738201356988,10.326317496828,10.0829547003338,10.7125152935877,10.178218560946,11.6737818873438
"SPPL2A",8.58763713156068,8.79817294655836,8.96952399330208,9.3686842883176,8.92816188818415,10.1516040247644
"GLCE",10.3622423993751,10.4272892193708,10.1193648819337,10.0377484625036,10.1477556614068,10.0778827333097
"SHF",10.0003715227902,9.86054563071746,9.99424136471786,10.1467242619125,10.3661489351875,9.11264897361207
"APH1B",8.4977123644544,8.61487346962936,8.14772082508125,8.9457908969375,8.49759222236428,9.42440355969753
"VWA9",9.06912428892789,9.11853268139743,9.05230216624166,9.39447705224652,9.01214382024341,9.73932162851211
"CILP",6.20704769793219,6.0388771203416,6.03261425473495,6.05671361986226,6.3482640446452,5.65810362455486
"PARP16",8.09131659757039,8.10819213742006,7.84937931103585,7.89618662345396,8.32210037747267,7.36167716427533
"PPCDC",7.037008143838,7.06776813917055,7.31014150476043,7.42053615052125,7.25834479353564,7.45097907944464
"HCN4",8.64372798036399,8.85777884144894,8.73270290508688,8.0581230460648,8.60980697731979,7.08014625782913
"SEMA7A",7.64731463068176,7.41780607457735,7.25797082264261,7.70678240824869,7.70987368248261,7.13865823321848
"UBL7",9.09423242154179,8.87777248379803,8.90136609846895,9.23000772899702,9.13877337621301,8.9495676466036
"ARHGAP24",9.29745302067819,9.17291465097359,9.20480914560626,8.90757890178793,8.88341544025648,9.38811093310737
"FAM13A",8.76184838695264,9.01406144591473,9.28826079070427,9.08289476215242,8.75495806080203,9.42823835938712
"HERC3",9.50746867642634,9.59465596989111,9.30522964299305,9.1810411622449,9.59310976444183,7.97972245629034
"HERC6",5.6525384434395,5.75702651981449,6.44847108684433,5.61949520913034,5.32290848716218,5.11466593771837
"HERC5",5.3344412562722,5.37374005388151,6.58599920034065,5.71571562153576,5.55563637036578,5.99399275429218
"PCDH10",12.6793715855321,12.7264381479978,12.3066808848523,12.2133208681034,12.3552265625654,11.8500382931356
"NDST4",9.93672531129211,10.0563214595482,10.2531801300428,9.36033206988688,9.96445427002522,7.83994996356416
"C4orf21",9.08269847586965,9.23619073797708,9.33857891940322,9.4036505091447,9.29616621706332,9.19301428746166
"AP1AR",9.73557036276821,9.77050183368071,9.51118293965454,9.4623825012305,9.73030094229899,9.12057439162789
"COPS4",10.2559789024027,10.4013229741359,10.2333843313711,10.3029669650949,10.1630675632765,10.253047788661
"HNRNPD",10.1440309666118,10.4647227326889,10.7265600162841,10.1985639502811,10.1582132104886,10.2723652425412
"PRKG2",8.58763713156068,8.84564778038799,7.46357654594288,7.85489669964497,8.04558755474859,6.9032122694239
"RASGEF1B",10.3430562528547,10.3500891926665,10.1085380507258,9.33391469684846,9.44032376162135,7.99366750914321
"SEC31A",11.2852240355567,11.3722230306556,11.3260964538679,11.3415195590631,11.3258095326987,11.7143591264738
"FGF5",6.02629639048941,6.11466471136286,5.7255112363932,5.49445599134623,5.23931319139556,4.68467332000649
"AGPAT9",4.80259831140558,5.09718127405855,5.07933519419276,4.33057497578978,4.74232802187034,4.68467332000649
"FGF2",9.20298137963098,9.25922007618236,9.91773987993683,9.63153115681897,9.20219233311756,10.5000201269497
"BBS7",9.92601807171921,9.96782118185205,9.75753524751874,9.60438857104761,9.66627210088805,9.6414350940407
"KIAA1109",13.4056927709709,13.4729128075435,13.21288716069,12.9643977171453,13.1862327463215,12.8707413429013
"BMPR1B",8.62261771767438,8.80862781770716,9.1611959404494,9.20806229528032,8.59342119117607,9.86248692000157
"RAP1GDS1",10.8483894595234,10.8753833264746,10.5502306158051,10.7231311146141,10.6717303968709,10.8653183758346
"LARP1B",10.300589251686,10.3678407133487,10.0007622931741,9.92976363612676,10.2451484153026,9.51252958812337
"MMRN1",7.91955666087489,7.90794724598954,7.35217632584177,10.2429401035935,8.44373824376095,10.8965421030413
"PDE5A",8.39243476627361,8.74907569367151,7.93962027758522,8.62650280975838,8.44144981385615,7.82830717021178
"PRDM5",8.17728956042556,8.33684385775816,8.99851952195043,8.67621380842172,8.74572469772659,8.77567654292518
"TRPC3",8.43244623192903,8.5639081702684,8.0347402825363,7.9780833169771,8.08432684921098,6.3267847648848
"NAAA",6.40461685682177,6.5245731111976,5.69565584988958,6.06802763232559,5.84266003333913,6.29124861845814
"NUP54",10.0855816054522,9.99549465676982,9.97051872079788,10.1938741399344,10.1259000057709,10.1060715136064
"BMP2K",10.1975346415882,10.3692514395134,10.3705991221451,10.4310293110684,10.1561277598787,10.8681422489927
"G3BP2",12.8514300314691,12.8468689206412,12.3468888194254,12.6374109008644,12.8976714934739,12.2781824381292
"SEPT11",12.5814893344566,12.6565376635245,12.7173443148766,13.0436483054395,12.6681027204845,13.6152929211511
"FRAS1",10.7834583537353,10.7693299214461,10.985775897405,11.9798104271638,10.1315719696832,12.5213304221656
"SCARB2",12.6544633361808,12.6088279286491,12.4626139434456,12.74548815863,12.6245348873914,13.1029069755211
"CCNG2",10.5738445578763,10.5928125509434,10.7926706686568,10.6620561549792,10.7654391051701,10.3363097050879
"CNOT6L",10.8449841250915,10.8828094390896,10.8443307375934,10.7352838268451,10.9564665906051,10.4201661199951
"USO1",10.3470744724477,10.3720687582698,10.4191088921515,10.6220369780595,10.2902168467475,11.1391151364535
"CDKL2",9.73188606755674,9.85350523164609,9.0447409562731,8.47777308141497,9.07095333839232,7.71054342470368
"SHROOM3",9.90436199482836,9.6502794468923,10.3856231119781,10.9314791499779,9.55772311615232,12.3759855872291
"ANXA3",5.91485715615986,5.79633174395148,5.7255112363932,6.14439749474012,5.07654591073903,6.84138999912851
"PPA2",9.8362269787294,9.76085762106256,9.87294263166118,9.66919883382539,9.595164510347,9.6458322013505
"CENPE",8.45950617542595,8.64787176304352,8.94806296378413,9.19637625719704,8.37344359628965,9.7556867739649
"GSTCD",9.08847700654475,9.10163916561853,9.13295382899122,9.24142495796807,8.90015102299955,9.36961577451712
"INTS12",8.85298795748274,8.86179988105892,8.85310131906389,8.60009838252429,8.87327976153987,8.78768162709428
"ENPEP",4.93817568778476,5.31286008562374,4.7660846074949,4.64396487703681,5.03903521958369,4.83010453277739
"CASP6",6.9787484957864,6.59698438339265,7.23113467566778,7.63873556371324,6.61028206685648,8.24727223557794
"LEF1",6.72736783383392,6.89367700381847,6.57141063641404,8.37761526210994,7.82728884990171,6.71726694632154
"HADH",8.4684138006245,8.45620037119831,8.74831617567287,8.91473224694562,8.5259399289731,9.08050340540972
"EGF",7.12385340854776,6.99477456520651,9.15184335248517,7.03918568086747,7.27928293246356,7.69350433219138
"PAPSS1",11.3203871278665,11.2569444693813,11.144914913134,11.352079547057,11.4625648921482,11.1588519832785
"SEC24B",10.3438607930306,10.554884120919,10.5555542866975,10.3564039182397,10.3643437197003,10.356562694559
"PPP3CA",11.4638178397351,11.5956284658165,11.4176077035013,11.0906604728577,11.3666524898346,10.5483598623819
"SLC39A8",6.68580357978683,6.43659925234347,6.38235023120535,5.87256822454692,5.79433681434327,6.25468438971641
"MTTP",7.22704432932557,7.44518124642502,8.32515149771504,7.71671305573469,7.74762087771799,8.04812198666522
"FBN2",8.1845265564615,8.22864613726104,8.34996531350985,11.069699249123,8.88173111580712,12.7376059105237
"MAPK8IP3",10.6827741553543,10.2153881936223,10.5169597994044,10.6372285699358,10.9794460705376,9.65567690395344
"RGS3",9.58848857287024,9.25769619590342,9.90249734808523,9.02591710708937,9.09003412554618,9.32779667882478
"GUCD1",9.43679035311619,9.10672807900063,9.62195616822384,10.0126667392701,9.57656544038975,10.0656310377034
"RNF185",9.81896720899558,9.87253545037411,9.83256936404296,9.86115933862758,9.97395774099833,9.76481115212211
"KIAA1644",10.3654154181925,10.2662513291417,10.2542719682723,9.82293675318608,10.137926370379,10.1700323881826
"PARVG",5.18373077138573,5.31286008562374,4.7660846074949,5.3280834021818,4.99924798284876,5.47749470033185
"B4GALNT3",6.81643943712401,6.69400971602305,6.54174004934149,6.63025606291703,7.06635083100479,6.02423069666386
"ETV6",7.2895535690056,7.16387706458242,8.12870343458196,8.21054558503974,7.53499811285736,8.49960353026931
"GABARAPL1",10.2610989632643,10.1545057448753,9.49463924868015,9.5262973540839,10.2067084155301,9.01056510285078
"KIF21A",13.0179193142734,13.0874756335006,12.8191415691988,12.6100674711947,12.8356286440808,11.9415740237322
"CPNE8",9.30077422707913,9.37758724701535,9.07722297487228,8.82644899120242,8.35653294098644,9.65567690395344
"YARS2",8.30889367961172,8.26258314695662,8.45278483601261,8.37553891920523,8.3245875019187,8.54985531764925
"FGD4",11.8220483011354,11.8941771015864,11.7074888062257,10.9714111292161,11.4049082592534,9.83194494427086
"ALG10",7.99571614512264,8.01702544944932,8.38239530543292,8.23596810912026,8.32707031228796,8.0313273339539
"PIK3C2G",4.33057497578978,4.77662214806139,4.86296472820736,6.5326312524326,4.86095996838829,8.07130711424953
"FAM60A",9.20298137963098,9.18258522927039,10.1803763065059,10.3352661683514,9.70102888524931,10.0940580321643
"PLCZ1",4.87482195210638,4.84495094307666,4.63910910251109,6.99568221814795,4.56883750728876,8.25017389671768
"AEBP2",9.38297566832328,9.45673833327171,9.54371101527453,9.23000772899702,9.1722099434197,9.57381552416393
"SLCO1C1",6.36478816236259,6.35439345161833,6.27629400697231,5.51331587387945,6.07080875752555,5.81198514857821
"METTL20",7.26902704649298,7.21594487438752,7.22207310011052,7.54879380865966,7.15434627732596,7.65439943255611
"ETNK1",11.6789408346351,11.6283922001997,11.1241663599287,11.3063842623594,11.425538787576,11.0150872300575
"ZCRB1",9.29412413521009,9.31009499655126,9.19573660328902,9.41377517198598,9.3700481470016,9.59557370360195
"TMEM117",8.12181087574416,8.13177344649862,8.30413957857438,7.88451135220615,7.99328654100108,8.35089758749689
"PRICKLE1",9.14131947832749,9.20806020534668,8.22135559310035,8.48933489126633,8.92162002498518,8.3908602425552
"C1RL",4.99520527768772,5.05426032044833,5.13786241172375,5.43553531135657,5.46935070319513,5.97857887220761
"NDUFA9",9.0554208037981,9.10672807900063,8.76068573776764,8.68125943046127,8.66963954531538,8.64316590535277
"CLSTN3",11.0692432730422,10.7297947702485,10.302568164937,10.1803053367664,10.8981952080929,9.28331553722213
"KLRG1",6.59857684600822,6.50312951392523,6.43225541936395,6.37541862210786,6.66022149182736,6.20421240927874
"VAMP1",6.73756065626201,6.87743702785821,6.95188035432216,6.96777562639213,7.06635083100479,6.72590736183652
"RBP5",5.49214979402744,5.34383018699978,5.2426758087291,5.51331587387945,5.59610890044655,5.3153992589889
"PEX5",9.99115598697647,9.8208752310694,9.81934832573433,9.90127456369829,10.1123389816018,10.0557541601154
"PIANP",6.84487119178406,7.4122663862888,7.12804990920464,6.41013865333125,6.33784955861795,5.7938961322474
"SLC38A4",5.04742567774093,5.69527237656877,5.07933519419276,5.20526093226038,5.17836802896297,5.11466593771837
"AMIGO2",9.20298137963098,9.1484500301391,7.36043382064508,9.36451423457152,7.88592779193738,10.4233698355568
"SCAF11",10.1338323233728,10.3699562853939,10.6556212327864,10.73689647914,10.3047228091618,11.4165253779411
"COL2A1",6.14437114006863,5.85279833732561,7.40898199943496,10.298059073404,7.47755893523241,11.464270856891
"PPFIA2",12.4709675716342,12.566265977762,11.930773605424,11.5192891637727,12.0594074364319,10.6271590101998
"LLPH",7.3878931108795,7.27840315363716,7.24908276591028,7.8337930208669,7.5175727858162,7.97972245629034
"RPL14P1",5.57553933579376,5.60690679268508,5.66493901424027,5.93722994218226,5.81067810207035,5.86456156907527
"LRIG3",5.97189916146181,5.75702651981449,6.95188035432216,8.80196125077407,6.70835702131992,11.2116831860734
"MARCH9",9.04357016000457,8.86179988105892,8.61838128862913,8.88298778747015,9.21026210316021,8.37234968959896
"INHBE",4.87482195210638,4.33057497578978,4.33057497578978,4.33057497578978,4.86095996838829,4.94087121374919
"GLIPR1",8.3512734418971,8.42115293777466,8.88451590408552,8.2221573485486,8.3710399804161,9.06251233281305
"PHLDA1",9.0768966425727,9.17775806258869,9.71850045297244,9.71412078161216,9.86410303917257,9.54585330458679
"TMEM19",9.78736898958426,9.70159634911343,9.37920785449591,9.68098040722293,9.63565579242552,9.64802573323646
"LGR5",6.17610689899361,6.24026434647469,6.89544820275353,6.97900650440671,6.30608491752984,5.34453517938545
"PTPRQ",5.9531937412958,6.14370258404416,4.86296472820736,5.3049269085433,5.34903754503733,5.3153992589889
"DUSP6",8.51214014062044,8.37961868618862,8.23029881608044,9.09049249538816,8.5789285082514,9.03761072438037
"POC1B",7.94966016818804,7.98775968103525,8.14299016679706,8.26319580501232,8.16157446701301,8.75544240551484
"TMTC3",10.1179275007492,10.2208686166409,10.1384140922193,10.2865419428546,10.076030326173,10.7933578871539
"LUM",7.16159439458307,7.02443831744491,6.43225541936395,9.58391485618546,6.89222287773343,11.7591599073736
"SNRPF",8.97658666733327,8.95507719042488,8.81209961871537,9.26062881467176,9.13595160831438,8.96020981308936
"NEDD1",8.9556569712532,9.02843713817398,9.47603173718064,10.1394254186698,9.25775313162315,11.0659851152201
"SYCP3",5.43226952355336,5.67386991742712,5.60065691610817,5.15028716110163,5.17836802896297,4.83010453277739
"ASCL1",8.16636486864207,8.08075623765708,8.83859177605447,8.83099434592084,8.79310287251499,8.08112939298979
"GAS2L3",8.77625168478885,8.8190071682998,8.28281454063482,9.41276590271724,7.9060596315197,9.37889304598039
"TMEM132B",9.82589593948548,9.89131768550979,9.60150276911291,9.53467086120084,9.61352653515378,8.32637343054268
"SLC15A4",5.57553933579376,5.71625300812078,4.33057497578978,5.56781120866857,5.88899535302041,4.76371589021208
"TDG",10.3630363088721,10.3628922749971,10.2355973334689,10.121632483304,10.2392503489692,9.65785551118399
"RITA1",7.75866388103475,7.57953014147469,7.69578817842309,7.79686933256452,8.05761978181695,7.74401878388883
"SDSL",5.81299943796065,5.31286008562374,6.18054720532947,5.7607533951804,5.42310223496893,6.30320502760512
"MMAB",9.29245680169012,9.11011071624947,8.75760331881909,9.17032802321791,9.42884672310481,8.50931204445061
"GLTP",8.77863825715064,8.60530433401648,8.7137401384434,9.49707691685485,9.20757720371801,9.67516679273869
"GIT2",10.1486429719446,10.2617008386231,10.2110654703047,9.91059541540207,9.99277876674985,9.91988142197902
"TCHP",8.17728956042556,7.84806640040306,7.97203780474367,8.01064051288149,8.37584318476493,8.09088451846267
"FAM222A",8.18091264014681,7.97662816360005,8.14772082508125,7.62119967607547,8.2401400912153,6.26699080821412
"NUPL1",11.4455728566901,11.5080687082824,11.3974932263664,11.3452243546586,11.3338252291901,11.1387254271198
"MTMR6",10.7870119097408,10.8289805683322,10.5124042922123,10.63766027282,10.7153388918689,10.4631384185755
"SLC46A3",6.82598312485697,7.02443831744491,6.46448655819503,6.3841869298852,6.63548630992359,6.51143928016197
"SLC7A1",9.958954922208,9.68355899210578,9.85001085129636,9.48272232900777,9.58071936662626,9.32368446206031
"LNX2",8.57670003068496,8.62910859222468,8.1711419178634,8.67115039189151,8.46417132397453,9.03761072438037
"SUOX",8.88876843717865,8.89553203123552,8.82981521066513,8.99790650815583,8.94921969054632,9.04095595006081
"CCDC65",7.36233757036877,7.25375484327826,7.26680255576584,8.42254948488586,7.34524114011646,9.24032814132615
"TARBP2",8.74241654982002,8.56884075769906,8.7137401384434,8.92468750998132,8.96997355521466,8.57549143590271
"RDH16",6.07831789081791,5.88893120691801,5.96317797384801,5.83193623690723,5.8583162996779,6.41697671329194
"DHH",4.93817568778476,5.28072429172865,5.2426758087291,4.71402308857299,4.91093888395682,4.88837907797739
"NABP2",9.09423242154179,8.94374315041009,9.41090534445228,9.45259498004397,9.2062328735611,9.39073381408231
"N4BP2L1",6.22223378738274,6.34220771365591,6.05488661074004,5.94973919615279,6.20569266903883,6.24225613351204
"SMARCC2",11.7961278269157,11.714418472571,11.7241295177469,11.9940392759894,12.1716800228185,11.8371264830429
"BRCA2",7.18375548402539,7.30861351157057,8.27851112581537,8.72263072779628,7.56073865313527,9.4192745582391
"KANSL2",10.0768965783007,9.9808016081576,9.95044720322588,10.1154457175431,10.130156069248,9.81154419911604
"CERS5",10.702352461888,10.689709942019,10.3716056059471,10.3373939412055,10.50151357864,10.2737859225824
"MAP3K12",10.1403307106686,9.80844597814167,9.72796568502479,9.98849568619539,10.256872660109,9.46976072319164
"ITGB7",4.80259831140558,4.69525161239808,5.29031095099465,5.66870520190303,4.95674843757777,6.52152479638696
"GALNT6",4.80259831140558,4.58878259651035,4.63910910251109,4.33057497578978,4.80549449477315,4.98896808752624
"CSAD",9.17248064076179,9.01766886113101,8.87032160339421,9.13892330036073,9.5149474370556,9.11899279638269
"LMBR1L",10.0544608488099,9.66299336912098,9.841316490277,9.97352246319986,10.2280432996984,9.14097848614983
"C12orf10",8.72023681804644,8.83954363430369,8.6486588988822,9.11801255140461,9.18181771500638,8.9760268314011
"ESYT1",9.68819184567839,9.34351847140204,9.40304613797014,10.2480388973717,9.67212342982401,11.1653713732596
"TMBIM6",13.0194304622204,12.9707314511845,12.9385364068913,13.5464823396629,13.0873111149121,14.0116897259788
"ANKRD52",9.74899942614964,9.73262844625246,10.0829547003338,9.56132577579692,9.45171006637177,9.76076300330808
"ZNF740",9.5775806536473,9.5393084071398,9.61346917678294,9.82065648447731,9.79786254810626,10.1964917913228
"WDFY2",8.52642419646877,8.69373400747699,8.98541216167722,8.61775520212101,8.48431721191964,8.84049675641372
"HNRNPA1L2",7.74398555506371,7.88429667317744,7.24908276591028,7.75254127791786,7.79523611205512,7.59133478252114
"LPAR6",5.83411797820783,6.02312871455732,6.20029399103025,6.89243729035956,5.96229157958667,7.9406542465097
"ESD",10.421367309399,10.4686764344635,10.6364905522819,10.6603575614466,10.4192805718602,11.0150872300575
"RB1",10.1939693472323,10.3299445554378,10.5783991055955,10.7485345929238,10.2787616787922,11.2359337533349
"SBNO1",11.4248151041743,11.4971436239481,11.2967299302988,11.4042576134588,11.5274450694284,11.3987343785588
"MORN3",6.2520628250378,6.34220771365591,6.09823090651264,7.02303275895578,6.45757155210179,7.72737996107839
"SETD1B",7.99983014660569,8.02064177406534,8.85598573220306,8.05292461804842,7.9711801799876,7.59593397339744
"VPS33A",8.91936205063466,8.80445499341524,8.82393424673125,8.78800125772473,8.94277315184952,8.58240432373413
"VPS37B",8.58491066254125,8.4535346358434,9.26676454762241,8.55864369724703,8.78591485054971,8.4348430554223
"RHOF",6.33753079965724,6.186010907159,5.41912560421338,5.88579523582229,6.20569266903883,5.59411117987997
"DENR",10.4455545867387,10.5216513459273,10.2043018834589,10.536191133764,10.5504932052065,10.6182404629087
"DIAPH3",6.33753079965724,6.74000049684547,7.30158068721242,7.48806676121239,6.66022149182736,8.32911917638599
"SLAIN1",11.3737428167762,11.4529292148188,11.2887613137804,11.7790440898056,11.5448137369242,11.3004200501649
"RBM26",11.2218757153694,11.3962900047988,11.1466795511591,11.0324319347638,11.0262388970589,11.0672143542769
"SRRM4",10.2499824286085,10.4830813036704,9.96519358306548,9.50562150444249,10.0319757460702,7.91888360076693
"MBNL2",8.53774988172669,8.36266177971322,8.37435639784723,8.95553414058716,8.20004216916311,10.186720605223
"ZIC5",6.65375981739783,6.51389521262857,4.94418431550225,10.0745713579442,7.54363062364894,10.5837233723501
"ABHD13",9.30077422707913,9.22375609943226,8.95345832344914,9.03775665632753,9.15419496454384,9.08050340540972
"RAB20",4.87482195210638,4.90491546544878,5.0153475618871,5.37262261357025,4.99924798284876,5.03357482878391
"GRTP1",5.04742567774093,4.95891832408665,5.2426758087291,6.12306193840807,5.84266003333913,6.5513242749642
"CUL4A",9.72448909806986,9.6560724130261,9.66201200638002,9.91273784868926,9.72655714680067,10.3804966807933
"SSTR1",5.0958257135656,5.48441204341114,4.33057497578978,4.33057497578978,4.86095996838829,4.33057497578978
"CDH24",7.81122104803822,7.45059282337976,7.97736969900184,8.38589066215898,8.61590372944342,7.75637096599122
"REM2",7.35587515452893,7.05347576660264,7.22207310011052,7.39590461736391,7.8131324498524,6.72590736183652
"CBLN3",4.60390596466056,4.90491546544878,5.0153475618871,5.20526093226038,4.99924798284876,5.61588662529712
"NOVA1",11.7562013203804,11.8836059508986,11.8168126266149,11.3276749793731,11.6008181463014,10.2559260151721
"MDGA2",8.32860959222088,8.56884075769906,8.36221278826824,8.33122543394606,8.21353349631336,8.33459491819434
"TMX1",9.13015831234546,9.19059470241305,9.38120951919906,9.87587619309807,9.35920464386863,10.1044754881381
"FRMD6",7.55483479848096,7.56963839252502,7.30158068721242,7.70678240824869,7.55221058705847,8.09412146387491
"PELI2",8.80463218759551,8.79186331260931,8.90971770521768,9.32535773924337,9.07390536585441,9.69863523967168
"RTN1",12.6838256367732,12.6859812128444,11.8754502880862,11.2043008367758,12.6022474283786,9.13473106210508
"C14orf37",10.9575312649602,11.0139407922824,11.0792900778538,11.3166645969478,11.2180038157748,11.0589995705738
"SYT16",10.3756797743932,10.432696724017,10.0367442164344,9.07014202555374,9.83397523299029,7.25462542897823
"SLC38A6",8.66968657692485,8.75773577960887,8.75760331881909,8.36301724296441,8.43686196165172,9.28048930270756
"NAA30",10.5370339708019,10.4699919299442,10.3462303292884,10.3197451965034,10.4076415623159,9.91442593233974
"ADAM21",5.76951971169128,5.6520241287847,5.69565584988958,5.43553531135657,5.42310223496893,5.59411117987997
"RDH12",5.6525384434395,5.24729833481842,5.69565584988958,5.05921631031587,5.23931319139556,4.83010453277739
"DCAF5",10.8858793702719,10.9366056432301,11.1012962157517,10.8994381732575,11.0228102154178,10.8577609063495
"RAB15",10.9105230128214,10.7575288871391,9.9994604651227,10.1618125361186,10.8182593229516,9.10787268429672
"WDR89",9.16703041184271,9.20490038255927,8.90971770521768,9.04689829242072,9.27324157434782,8.87465841980021
"ESR2",6.33753079965724,6.47028950760066,6.38235023120535,5.87256822454692,6.41888706613282,5.50195500208462
"KCNH5",8.29559720822196,8.41568412165511,7.28429996695587,7.2883383504267,7.88254460270348,5.94713050764567
"STON2",9.44431660735632,9.39709472954062,9.94369410769911,9.21271027326648,9.56298186273511,10.2312759847727
"EFCAB11",6.8354600493058,7.11665715258327,7.23113467566778,7.45669148388178,7.05418286515398,8.06141674089896
"PTGR2",6.84487119178406,7.2286626536223,7.11828713660677,7.27033258636037,6.82164699980973,8.02115475679679
"JDP2",7.40049822086436,7.40670473789636,6.67031052339294,7.49580242922288,7.38433704713278,7.57278667125649
"AK7",6.36478816236259,6.43659925234347,6.95188035432216,9.03644595288523,7.20457967841515,10.3665835089604
"FAM181A",6.59857684600822,6.24026434647469,6.97381680886921,7.13232057759675,6.57591271561808,7.18251737320531
"SLC24A4",6.55271216369173,6.30493497245368,5.93909051704448,5.91179944389842,6.56717883825407,5.34453517938545
"FBLN5",9.34165554804465,9.17453093327016,6.55665892062138,10.7018207556694,9.74702869507624,12.214524808981
"C14orf79",8.33836663722997,8.1516805943671,7.87819958590748,8.59118782689055,8.40197668249007,9.04595924739587
"WARS",10.1678538899237,10.0475357087501,9.83256936404296,10.0815705289795,10.1358113470776,10.0876096737708
"WDR20",9.67290068587224,9.70159634911343,9.5184751413448,9.48560471340402,9.47644753053784,9.27197715659007
"NIPA2",9.84307342641135,9.80114576961206,9.71850045297244,10.0520724727491,9.76173653546123,10.2254142177448
"HERC2P2",11.3697990102248,11.0565894189629,11.2116228125167,11.4136137894408,11.3928590756303,11.2554762964957
"SLC12A6",9.92279032911055,10.0694005034163,9.88849922558815,9.60261975257047,9.99121969940109,9.25623962257505
"MFAP1",9.31398296671504,9.4204325526146,9.19117879616763,9.74009504246329,9.68182315056101,10.0590539768512
"TCF12",12.0842035664281,12.1738539919617,12.9597691197796,12.7491879710484,12.1440697493476,12.7419738737195
"SORD",8.21664703408512,8.27170062503493,8.73896859456404,8.26992250355276,8.37344359628965,7.90048343971049
"SERF2",10.9480397759242,10.7204302729735,11.0762069437025,11.3512902238979,11.0273799822038,11.7922421426858
"ZSCAN29",9.6613248769155,9.82602261689852,9.98769080486723,10.1539863418064,10.1152045533836,9.9958893975197
"DUOX2",4.7165496130104,4.90491546544878,5.0153475618871,4.55239249687834,4.33057497578978,4.58127373257168
"LYSMD2",7.33630691398512,6.87743702785821,6.94077887024594,6.76116760824153,6.78493148136335,6.70857049326097
"SLC27A2",6.8354600493058,6.90972567126368,6.51138402021999,5.96211569431352,6.49513717052095,5.63720988468804
"FGF7",5.04742567774093,5.05426032044833,4.33057497578978,4.71402308857299,4.66714835127326,4.68467332000649
"GCNT3",5.49214979402744,5.13762512309315,5.49586482724437,4.95373220111794,5.03903521958369,4.58127373257168
"BNIP2",10.288103080702,10.3212242387631,10.2951608521593,10.4722768997025,10.2857728664147,10.8140080431077
"GTF2A2",9.14502071247182,9.08969456780438,9.1041463139336,9.26846242387592,9.26809725299682,9.44977811209663
"SRP14",11.1597344269428,11.0579020807422,11.0743538950434,11.4697239085047,11.5144833940932,11.7190587422274
"BAHD1",9.09996490555791,8.80027001543557,9.35903667418322,9.02855655245795,9.31499513546089,8.22973752692289
"DISP2",9.15423236315607,9.03912540041212,8.90415536165726,8.13144643048668,9.03958572633313,6.80939009577328
"CDAN1",8.14054424378127,8.00246769211164,8.42192671374476,8.5494710814336,8.62197469065874,8.70357373679164
"TLE3",8.89976961734573,8.89356954853587,9.22278445398309,9.5244299463107,9.2770877877645,9.09666596171646
"ANP32A",10.4912935477619,10.5879742465168,10.4763686596708,10.9758564104121,10.7636142455473,11.0627020138143
"COMMD4",8.31878558396344,8.05630930338481,8.51257683775418,8.92751925551438,8.85450999374424,8.7077928690121
"UBE2Q2",10.2914433122903,10.3839813336792,10.172312067265,10.1932868396189,10.1116216978434,10.0932535628766
"ETFA",9.92386704658279,9.81260098370768,9.79554056387487,10.0948389558124,9.81911133096177,10.4297559933061
"HMG20A",10.6263650690035,10.8005095700861,10.3886092174296,10.5978363912275,10.5983758739931,10.3457965095902
"SCAPER",11.2095715143199,11.2630273725193,10.721832563642,10.4104598665146,10.8977793127624,9.92350697788707
"TSPAN3",12.4522547207146,12.4559300083134,12.3656966946386,12.927629668672,12.5249177095753,13.4401764326816
"WDR61",9.83393758328999,9.75547170577272,9.6783787840274,9.64963179121211,9.75623867068716,9.75263243152193
"NCOA2",12.0832405329837,12.1618998431821,11.9035510728316,11.768440252096,12.1049739345315,11.2150141862048
"NEIL1",7.48569998499647,7.16387706458242,7.05821634900997,7.22427350818905,7.86550683231139,6.59953871009217
"MAN2C1",9.40936545971717,8.97005160344851,9.25589484940974,9.62979536825942,9.74240154044933,9.21538642544446
"DNAJA4",5.74711795931809,5.34383018699978,4.33057497578978,4.55239249687834,5.42310223496893,4.94087121374919
"MESDC1",7.31646100731947,7.30262350826576,7.22207310011052,7.26579459058132,7.4639640124845,6.50127544507696
"TPM1",10.4144908997214,10.3371714173081,10.1169659359782,11.7068335117462,10.3781262958529,12.8161035105967
"IGF1R",10.3959918694741,10.5005655878895,11.2405533769615,11.0706586693268,10.9672094951084,10.8410895781297
"ARRDC4",9.37983895233699,9.60786802402504,8.45659579775425,8.83853813449292,9.12460887615627,9.0325782539531
"PIF1",5.5207400332063,5.28072429172865,6.18054720532947,6.95645192050632,5.76091096778062,6.6642196588643
"USP3",10.8307080503348,10.9019402796604,10.9129896267273,11.0045888873949,11.2049523282122,10.4348446352538
"BBS4",9.77906250229881,9.90694666200435,9.52210744578734,9.91273784868926,9.70102888524931,10.4606457740224
"PML",7.27590283438528,7.2844977606484,7.49384682798959,7.4685394090624,7.4639640124845,7.36167716427533
"CYP1A1",6.09517066737624,5.95795537545197,5.45827589049947,5.56781120866857,5.70876948923922,4.83010453277739
"ADAMTS17",5.04742567774093,5.37374005388151,4.63910910251109,4.64396487703681,5.4465120496375,4.83010453277739
"LINS",9.31726630418808,9.38876671566154,9.58596988757857,9.12912078902763,9.33972335243289,9.1425361134181
"ULK3",9.18870857221074,8.77062879715972,8.75451427131424,9.10431831770219,9.59926523175762,8.53567643325285
"PCSK6",6.04388889103782,6.12926986364968,7.35217632584177,6.33973246271108,6.26245350803355,5.99399275429218
"CELF6",5.49214979402744,5.43072800972915,4.7660846074949,5.05921631031587,5.20943279770974,4.83010453277739
"SCAMP2",7.84825812045836,7.61361533928163,7.92313041789343,8.52534407396537,8.06061204489979,9.07887711853843
"POLG",9.41090284309313,9.16480589922472,9.50935410664662,9.421823964629,9.36403406204377,9.26054876739282
"RLBP1",4.80259831140558,4.69525161239808,4.94418431550225,4.77291247508709,4.66714835127326,4.33057497578978
"FANCI",8.28554313971869,8.33104276038431,9.11621961141978,9.68349254613721,8.48209271024696,10.0656310377034
"ABHD2",11.4571423853903,11.5138192527243,11.4753853139757,11.1085214118242,11.2603516688061,11.0704872129383
"WDR93",5.22411723473243,5.43072800972915,4.7660846074949,6.33973246271108,5.32290848716218,6.29124861845814
"TICRR",6.73756065626201,6.59698438339265,7.67618662531909,8.08383476622187,6.89222287773343,8.28454230082659
"NTRK3",10.7129771787269,10.801554786137,10.6506550332537,10.4581696080506,10.5860371960701,11.1363849574904
"DET1",8.02426783561473,8.02424894756152,7.99324667467734,8.08128434587954,8.11054322171175,7.97972245629034
"MFGE8",7.3751736125526,7.00968649119216,8.52714319831692,8.4950810177533,7.85863412995419,8.77567654292518
"ZNF710",8.86201692588972,8.37680644141839,8.92901816256516,9.01796958571533,9.23683919676452,8.04477884312409
"UNC45A",9.42770662393499,9.03379119653601,9.31154175413897,9.80613039516859,9.60641352882846,10.0770691848511
"ST8SIA2",10.7607468727285,10.9280170945271,11.2662121170332,10.2108026138746,10.4542102151389,9.19301428746166
"MCTP2",5.22411723473243,5.69527237656877,5.19204933581343,5.3280834021818,5.26812364332126,5.18746296578136
"FURIN",7.75866388103475,7.26613346708606,7.26680255576584,7.83985469913699,8.0057664325511,7.97269840201164
"IQGAP1",10.1440309666118,10.2185224141391,10.2411150245166,10.9472366239278,10.1372217072948,11.8407247044665
"CRTC3",9.13015831234546,9.21278697108768,9.29888973713469,9.39140620183165,9.07537911120753,9.73106883314095
"EFTUD1",9.41243858706752,9.51401000680911,9.43422886625994,9.53281428356744,9.55561423087348,9.78288840909747
"SH3GL3",9.16703041184271,9.22843168569077,8.11427230764804,8.2788425118065,9.31499513546089,6.45980961472376
"SEC11A",9.79680386278009,9.88146281382322,9.86867062155362,10.4790382386848,9.92416791759113,11.0057146827487
"SEPT12",4.93817568778476,4.58878259651035,4.63910910251109,5.20526093226038,5.14598214718274,4.68467332000649
"GLYR1",10.5114837209662,10.4245778441012,10.3204005079099,10.5481817730693,10.6872160066516,10.5115053984914
"PMM2",7.56044579433542,7.62797515941513,7.43264003745993,7.2793645171567,7.14865083799489,7.57278667125649
"SLC5A2",5.54851785949931,5.2124335202594,5.0153475618871,4.95373220111794,5.39908280147121,4.58127373257168
"TGFB1I1",6.66452682316319,6.31748106638303,6.99540769375669,7.01215778318072,6.58458917618073,7.3724833288726
"C16orf58",9.87682617921952,9.69373277222339,9.47228121491397,9.97352246319986,10.2147460368116,9.9080349878411
"ARMC5",7.34286011609801,7.00968649119216,7.36864289908543,7.48028832437801,7.78075476438535,6.68213699712675
"PARN",8.88655806209392,8.96258388846603,8.81802911615754,9.2950014488377,9.05161607982029,9.74137746378507
"FTO",11.2148575999014,11.2607492887707,11.144914913134,10.9552244528613,11.2388406737861,10.5477728470799
"UQCRC2",11.7364285936305,11.656101410718,11.3835935409805,11.521161924937,11.6263949621708,11.4617805505528
"CDR2",7.95814552402036,7.95410068733368,7.63614948010193,8.19176830058879,8.24277372158141,8.10057341242466
"ARHGAP17",8.30226088705486,8.56884075769906,8.82393424673125,8.32478146523576,8.31711312572518,8.79958722914079
"MYLK3",5.46268370782665,5.90657782030436,5.78285907365734,6.39289578642982,5.42310223496893,7.71898670555813
"NKD1",7.3493827656466,7.24752405153874,7.64962153261386,9.20339925941116,8.14194509234496,9.44221257564011
"DHX38",9.93672531129211,9.75870566977397,10.022715374047,9.83202192181405,9.9331280223752,10.0892244692862
"TXNL4B",7.81122104803822,7.93121104702694,8.15713539366096,8.06588533635117,8.13911874261562,8.1165768313139
"MARVELD3",4.80259831140558,4.77662214806139,4.7660846074949,6.85621029266722,5.46935070319513,7.27208363450596
"ZFHX3",12.1144503644311,12.4562618512509,13.0326697894013,11.8313021378226,12.0541922974654,10.3233341064426
"CLEC18B",6.16034128042322,5.99099191043792,6.65662472716031,6.3841869298852,6.13396671442646,6.87265238011493
"CPNE2",9.60738094053083,9.46203997398007,9.3651177511977,9.72878886585053,9.45736964043479,9.7165117297518
"NLRC5",5.26254826080776,4.90491546544878,5.53204272811162,4.77291247508709,4.95674843757777,4.76371589021208
"KATNB1",8.92367990175689,8.46945518303297,8.96418868834313,9.12542756298105,9.21962000682122,9.08699023198093
"KIFC3",8.91068724939637,8.59808537311085,8.98013558505696,9.20573266569056,9.30372735856032,9.29316389409111
"ADAMTS18",7.0692241342811,7.16387706458242,7.28429996695587,6.78071837564872,7.11981699628916,6.5414660432608
"NUDT7",6.29551855050175,6.22692081198388,6.18054720532947,6.01035734573399,6.18224393265002,6.69981722026509
"GCSH",6.40461685682177,6.57669813123392,6.54174004934149,6.60835857260747,6.49513717052095,7.11942799821587
"CMTM3",7.47384006337657,7.49315139052759,7.87819958590748,8.59118782689055,7.70987368248261,8.98994182948811
"CDH11",10.2780357080955,10.2954845503764,10.6465034306168,10.9116263455818,10.4411391840372,11.1873948258456
"NOL3",6.56432869610102,6.39026961629101,7.12804990920464,6.83151094080255,6.9395354864449,7.20089795596581
"MAP1LC3B",10.8697718586943,10.7725316979559,10.9081428050878,10.913053500683,11.0975072555917,10.9432620533492
"MBTPS1",11.1431941143779,11.088624760444,10.9046707909419,11.311804096324,11.3396548137307,11.4476919042923
"CDH13",10.5214737882672,10.4541262260565,8.14299016679706,11.1955318970031,10.406472477975,11.9208728559
"ZCCHC14",10.3850901520543,10.389553381027,10.6531402705844,10.1375949198418,10.3363769638008,9.74548035681283
"TLDC1",9.23284917116764,9.25769619590342,9.24274193888673,9.06757785674507,9.24209623480643,9.02584078795647
"OSGIN1",5.18373077138573,5.2124335202594,5.93909051704448,5.3049269085433,5.11210946503177,4.76371589021208
"IRF8",4.33057497578978,4.33057497578978,5.45827589049947,4.33057497578978,4.74232802187034,4.33057497578978
"RHOT2",8.26180517451171,7.45598363703094,8.00894867808749,8.60541827705831,8.69096801440732,7.8930562109277
"ZSCAN32",8.24114001093791,8.31936955677578,8.08989141677383,8.45239792323193,8.3925286683297,8.81530944705027
"RPS2",12.4213427536847,12.1477927345894,12.8707628158498,12.9915826419401,13.0012778319153,12.9533866824855
"NDUFB10",9.12454509727444,8.89553203123552,8.9561484306793,9.34876809068336,9.33726955391749,9.21093973016392
"PDPK1",10.5370339708019,10.4791669510012,10.2542719682723,10.3373939412055,10.6337722350428,9.94863370554246
"TIGD7",9.16520907245283,9.21749826545531,9.31154175413897,9.19520241796811,9.12460887615627,9.27907410215649
"DEF8",9.71082857973831,9.44339822117206,9.40501496409597,9.65561515631697,9.9660425391193,9.21538642544446
"TCF25",10.6057199691012,10.2835630418039,10.3866191676715,10.5982800461124,10.6257578879472,10.5704912213252
"GALNS",7.82057125999519,7.64689739282451,7.65630972635039,8.32262701286369,7.89602933192828,8.99339964356511
"GAS8",8.6951841343469,8.34262154231532,8.02447956926086,7.27033258636037,8.21353349631336,6.26699080821412
"MED9",8.73506129772391,8.45620037119831,8.21235607275838,8.69462837543844,8.70246955679619,8.53329959829096
"NCOR1",12.0813125353201,12.1994527953068,12.1962888260115,12.0046195639151,12.0906723673961,12.2143399022917
"COPS3",10.5989967181496,10.6126007392407,10.3067838933604,10.5015079292802,10.5870694607354,10.1979891906966
"GID4",8.27202685849682,8.11496949348091,8.23029881608044,8.02398951022514,8.15039073554109,8.2030255287367
"ZNF287",9.2722967153584,9.40124074595961,9.21382485946965,9.20456643540401,9.24471757186586,9.22276719298563
"MYOCD",4.93817568778476,5.00838899562681,5.45827589049947,5.54997731954909,4.80549449477315,6.77661481002274
"KSR1",10.0125679734223,10.0027854010448,9.95448392691932,9.84105018062844,10.0656978656379,9.42055852203972
"CIRH1A",8.69012071758765,8.90140345591132,9.0673063941228,8.6472820761186,8.90181391526014,8.70357373679164
"RANBP10",8.77625168478885,8.77062879715972,8.93993177466995,8.70622496032076,8.75495806080203,8.96550150626289
"GFOD2",10.859120282011,10.8694147845831,10.4210546370979,10.8969160078706,11.2190029020862,10.3301779210591
"NOB1",7.80652274855105,7.59910803920834,8.05504282183853,8.04770717304165,8.0181379847393,8.30700429615734
"PRPSAP2",10.5868153148028,10.5455560569067,10.5124042922123,10.3331352511677,10.658042738084,9.73210302090751
"MYO19",9.471090065067,9.25922007618236,9.0821557501178,9.12665969185088,9.35193001099003,9.20200491408147
"DDX52",10.3990915680255,10.3436447699637,10.3369848044841,10.465970001327,10.3577051941771,10.6660829406119
"RASL10B",8.90195978674521,8.74690248952588,8.65198398976558,8.32262701286369,8.82676334243549,7.83607962613993
"PCTP",7.3493827656466,7.35563129640412,7.1945286559471,6.70759898081338,6.96585350046218,7.51563211554337
"TOM1L1",7.61536167932807,7.69312413237732,8.11909890918212,8.12155403783591,7.70220203043486,9.25911381849509
"C17orf80",9.60066206938061,9.72272653330518,9.61856736835092,9.98917260584,9.89778092545834,9.99675005792766
"TOB1",8.59849149349291,8.42931722170164,8.76989350743494,8.87126830516361,8.44144981385615,9.37492438869246
"VPS53",10.7828652422705,10.8589100351585,10.7584560889836,10.5555113805499,10.8860852877081,10.2801617176826
"SGSM2",10.9164835122086,10.3902483755272,10.6204932735018,10.795718262711,11.2470265640149,10.060701057193
"NPEPPS",11.5593725086801,11.6295697002686,11.8138542522922,11.4815546076501,11.4920674927029,11.3664798362807
"LRRC46",5.3344412562722,5.28072429172865,5.56693702969189,6.04529202176455,5.26812364332126,6.79310186108496
"SCRN2",7.50912406189651,7.10286449688796,7.5525018847791,7.99716530369918,7.84826235284752,8.25017389671768
"SSH2",10.5683480928744,10.7154478724228,10.8385195190164,9.98714089256901,10.4250650380399,9.0156750448693
"RHBDL3",8.78339954100118,8.63852083669891,9.14714416613549,9.10556864769091,8.77324862172371,8.32637343054268
"ARSG",6.49303627369584,6.87743702785821,6.8122948523233,6.31229699252743,6.33784955861795,6.34993536391042
"ABCA8",8.79758944493229,8.78764144327413,8.38239530543292,10.2898419489583,8.43456251568314,11.1036126962541
"G6PC3",8.17365727026333,8.10138244940046,8.39038934388409,8.81425728404438,8.52377912090414,9.17790397013994
"CLTC",14.0687070548705,14.0997855640362,14.1330651614111,12.9578447919063,13.0142843014411,12.9704577193354
"BCAS3",9.52034328109943,9.59224070680725,9.42261431879662,9.5558512826385,9.58071936662626,9.5528949053045
"PTRH2",8.35448204461937,8.44818824425593,8.05504282183853,7.17178260254888,7.36003032060166,7.31759826822496
"SS18",10.2318419133804,10.3190358946643,10.45183472531,11.0284871108834,10.5156783208699,11.5417722390754
"TAF4B",7.62073759712291,7.99880489787101,6.399200953035,7.18629611924666,6.57591271561808,6.94047352051505
"AFG3L2",10.7395072132408,10.675526870409,10.302568164937,10.5245668882393,10.4626714134676,10.5842959384063
"SLMO1",6.59857684600822,6.44792678694728,6.6004284650849,5.74594758405598,6.0837061780769,5.81198514857821
"IMPA2",5.3344412562722,5.2124335202594,5.98677983682015,6.04529202176455,5.49165273270531,6.3267847648848
"GNAL",11.2375427349215,11.193069488983,10.7234101035268,10.3411100055171,10.9814100260751,9.46479100041646
"SLC39A6",11.9164514323228,11.9894288926034,11.740190944163,12.0583232905185,12.1673736429294,11.9051496757082
"RPRD1A",11.6802152407385,11.6630182216458,11.4939874472212,11.3907489124705,11.5223283235822,11.2322855287457
"C18orf21",8.70525771624932,8.64320391441081,8.52351545556864,8.51029238170292,8.57476071043855,8.21198510259766
"GALNT1",11.2297304951254,11.3071137206413,11.5004419334103,11.0591032932731,11.1504854805805,11.0001475974464
"ASXL3",12.936408574793,13.1491210426055,12.9849741521828,12.4819162833182,12.8754563474879,11.0091299323033
"ADCYAP1",9.72201498000354,9.59947438305679,8.62854495853205,9.45062946926625,9.47867546566633,7.96209693964475
"GAREM",9.47256298712832,9.5267147414078,9.17280184623681,9.24369757728612,9.10598408235495,9.89516745765007
"ESCO1",10.0554436100382,10.1569583739718,9.916360836488,9.77191805559056,9.96524862331593,9.79283420864744
"OSBPL1A",9.51320493342528,9.45408017697914,9.54549677365689,9.52068785274018,9.33358099775476,9.74957160191288
"GREB1L",12.1415339285599,12.3159358230994,12.3381644613342,12.0474814284339,12.0837423023668,11.7366759468152
"C18orf8",9.08076712991475,8.98855297640755,8.84731506814658,9.02855655245795,9.22759292832157,8.6993421716549
"PELP1",9.24151715319762,9.08282429545459,9.18660650985678,8.97619283868727,9.38200148678353,8.3908602425552
"NPC1",9.55551388153408,9.61264252636492,9.75290651706113,9.68432895347536,9.74979787325952,9.70286146751167
"ARRB2",8.66711173835655,8.35981600411131,8.22135559310035,8.76125645952851,9.03807483320352,7.9078720871362
"SLC13A5",5.46268370782665,5.58358169504195,4.63910910251109,4.91404266993799,5.49165273270531,4.33057497578978
"WRAP53",7.71416483505751,7.62797515941513,7.89521540952253,8.6996098123949,8.42068780700564,8.57317971819658
"MINK1",9.04158552640238,8.96818830715829,8.91802107595742,9.15591864530993,9.1260316168917,9.05425959877665
"SAT2",9.12079075209408,9.00500312466709,9.24933341612418,9.47016491220031,9.47086256934351,9.60689474223469
"ASGR1",7.38154779352706,6.81046349923715,6.92958651312438,7.51114736667832,7.59018729455927,6.9032122694239
"TP53",7.02061302111871,7.20954211151148,8.35405945616691,8.45436588749645,7.78801391176115,8.69297135053693
"CCDC40",8.06408889101343,7.98775968103525,8.35814192546247,9.39754136843486,8.48431721191964,10.3896981071545
"ARHGDIA",8.54056738369723,8.0876648197721,8.63528097193548,8.45633115326406,8.90844631601676,8.34276945812072
"TMC6",5.0958257135656,4.95891832408665,4.7660846074949,4.99090412180236,5.17836802896297,5.18746296578136
"CARD14",5.40082433975998,5.6520241287847,5.41912560421338,5.15028716110163,5.07654591073903,5.07532107295397
"TTYH2",8.53209821877575,8.41294186554891,9.22501566579773,9.62718775825548,8.42995252440677,9.97245518157756
"RAB40B",7.9749660378048,7.88429667317744,7.54530215955348,7.72657456869005,8.0425635689601,7.88184212728081
"EIF4A3",10.1132160244699,9.96688952058687,10.0098423200902,10.3331352511677,10.0334913764813,10.3532068883963
"CSNK1D",9.471090065067,9.29085450369472,9.57901226323129,9.41276590271724,9.84696433868994,9.67193672979951
"ANAPC11",8.2236879472729,7.79404665123918,8.52351545556864,8.64900017948986,8.59342119117607,8.46758899351877
"TBCD",10.1065939837402,9.85451311088826,10.1085380507258,10.1086094707272,10.3467757953137,9.96367824620249
"FN3KRP",8.54056738369723,8.42387953790099,8.41410721881369,8.46611726391436,8.52161505215278,8.5117289367599
"NARF",10.0166106338959,9.86355244889981,9.61176576286983,10.5301582204352,10.6934598478027,9.83290924263406
"RPTOR",9.40165382856769,9.12690563965097,9.60150276911291,9.19520241796811,9.54820872599299,8.85578004687186
"FOXK2",10.2822389919851,10.1699690625735,10.172312067265,10.3084006576267,10.517303797527,9.98291744748678
"TRIM65",6.90000882976452,6.35439345161833,6.79998829512151,8.12155403783591,7.078412375402,8.68014427585977
"CBX8",8.52926401365878,8.20344870999435,8.34996531350985,8.39821479887529,8.76046972350667,7.6366663069708
"RNF157",10.9390178768825,10.8330753810271,10.6406710362197,10.3637295321445,10.8344309962766,8.92261244559331
"AZI1",7.32972286304845,6.94904069284673,7.56679197810507,8.0266443740023,8.02734668809823,7.3724833288726
"WDR45B",10.3693718985714,10.0994646023314,10.3109873326197,10.6119660887946,10.4279485933253,10.8704912607113
"CBX4",8.2236879472729,7.79827577472242,8.19418524668406,8.29211910461904,8.60980697731979,7.37785530753697
"RNF165",10.8278358004745,10.8659216952653,10.8673442708367,10.4335178261893,10.7424607098874,8.88958460612706
"DYM",10.3366037205075,10.4033900261336,10.1548781596222,9.94868030476822,10.206036586893,9.64033371733956
"MAPK4",10.1850173493975,10.1003144318777,10.1560470015034,10.0790293056725,10.5536649166356,8.3908602425552
"ELAC1",7.67856140727407,7.75104724377962,7.59494511401459,8.13882100771673,7.72130380530875,8.25017389671768
"MBD1",10.2585412054169,10.1438292079362,10.1548781596222,10.3432291791413,10.5478447734803,10.1140252456486
"SMAD4",10.3780381322364,10.4150476822599,10.6356529994112,10.9427021194222,10.6202220763005,11.239209285163
"TNFRSF11A",5.54851785949931,5.45795213323723,5.69565584988958,4.77291247508709,5.14598214718274,5.18746296578136
"ZCCHC2",9.10377391234151,9.11685222728737,9.19345950387976,8.86093478417512,9.021349416233,8.90802699991486
"FBXO15",6.97022010436025,7.15054908264214,6.83657729618024,6.57103832417983,6.73179084413284,7.21301798050329
"CBLN2",10.2619505419625,10.345079354895,9.89551527948061,10.6044769268065,10.7447750934402,9.65567690395344
"PMAIP1",5.3344412562722,5.24729833481842,6.97381680886921,6.40154607385148,5.74380775294986,5.75680447202851
"LEPREL4",8.48020517670868,8.46151701385177,8.49786099064325,9.32321053039205,8.81621865930351,9.97943845554583
"NT5C3B",10.4228909577284,10.2146035728167,9.93282291527188,9.86411475529682,10.2372789533175,9.3264272444231
"FAM134C",10.2292316795246,10.1289145631517,9.8672437998343,10.4369945487089,10.4772209073442,10.4137372573069
"PIP4K2B",13.0713474853166,13.0476203182187,12.6476121218218,12.7116533096715,13.1478414325979,12.0286985815045
"ERBB2",9.42161881862774,9.21592954677477,9.5184751413448,10.3553543573847,9.85126815734889,10.8285792154936
"MIEN1",8.51214014062044,8.36266177971322,8.02447956926086,8.51029238170292,8.44373824376095,8.06472115701416
"STAC2",5.46268370782665,5.31286008562374,5.2426758087291,4.64396487703681,5.32290848716218,4.68467332000649
"IGFBP4",7.42537359648511,6.93345017433381,7.41691240853898,7.35386512212328,7.00440633308007,7.62321892806516
"FKBP10",8.05621313627249,7.70670276700739,8.74209121903283,9.99457655030324,8.88341544025648,10.8047029103463
"TXNL4A",9.51891843862347,9.42586927764961,9.40698110232862,9.56949870621213,9.56298186273511,9.36828555752142
"CACNA1A",7.43152415055498,7.43429514159085,5.41912560421338,6.61569797312695,6.66022149182736,6.45980961472376
"SAMD1",9.22412867730333,8.86980836905748,8.89015460981113,9.52256011463283,9.70864007468734,8.66720157104918
"BRD4",9.36246381064603,9.40812435886994,9.88427314208673,9.2103881604142,9.32493744190816,9.0325782539531
"SLC39A3",7.55483479848096,7.50878465907413,7.50131371293644,7.45669148388178,7.84826235284752,7.03971372253163
"NFIC",6.12819034179057,6.35439345161833,6.34796986470843,5.87256822454692,6.0837061780769,6.33841262084272
"TPGS1",6.06122660456922,5.60690679268508,6.43225541936395,5.99848057344674,6.14621490998224,5.91480976668293
"PPAP2C",5.14109345202186,4.69525161239808,4.94418431550225,4.77291247508709,4.80549449477315,5.07532107295397
"PRDM15",8.91068724939637,8.74254619225178,8.90136609846895,8.63346271002315,8.74201466907865,8.53329959829096
"PFKL",10.0074986531387,9.35496452350424,9.4983320793504,10.0527201947145,10.2207449851869,9.71232540421774
"FEM1A",9.85215172595079,9.5873979996678,9.53474886728248,9.77819919418131,9.96047592433483,9.50286520072151
"VAV1",5.18373077138573,4.84495094307666,4.7660846074949,5.0909007841773,5.03903521958369,4.68467332000649
"MVB12A",7.32972286304845,7.14383672489722,7.29296706676106,7.98629262707594,7.58601778618675,7.60508765235972
"SH3GL1",8.57120005488272,8.15497164171249,8.6486588988822,9.20106206414848,9.08419002083006,9.20498935292968
"DUS3L",6.95300237665677,6.36646410882688,7.22207310011052,7.01760602430721,6.91270089209392,6.45980961472376
"DPP9",8.07192140142713,7.95788010161699,7.95050833517773,8.0581230460648,8.3295488236368,8.10057341242466
"CCDC97",7.76352308206893,7.62797515941513,8.20329953523338,7.85190101178858,8.14476585961214,7.85914506417443
"TMEM91",6.85421751109717,6.58688018095247,6.71054607635312,6.44394842076515,6.8503189605295,6.81746123354231
"ZFP14",10.5043053501926,10.592208649808,10.5368348214293,10.475661531736,10.6257578879472,10.0565798226557
"SIRT3",8.85298795748274,8.78128528618915,8.67504644412205,9.06757785674507,9.08419002083006,9.26054876739282
"IFITM3",7.95390916723045,7.61361533928163,7.74677010774564,8.95275708677088,6.8853279124242,10.1430783246224
"ATHL1",5.54851785949931,5.28072429172865,5.78285907365734,7.7811964148368,6.8503189605295,7.3991396335566
"HUNK",9.27060389541086,9.36490572466085,9.40698110232862,9.5576784261424,9.72280359984373,8.85387849985259
"COL6A1",8.43547824860969,8.07033023615464,8.85310131906389,9.58928393812565,9.03049647091855,9.55523447768591
"IFNAR1",10.862492443407,10.9690626589799,10.8864803467369,10.6102074285653,10.9416136614875,10.6115151718485
"SOD1",10.8266852970875,10.7984168629165,10.7359686878673,11.0600697848167,10.9002728878518,11.3276868174101
"COL6A2",7.25517290337706,6.74000049684547,6.54174004934149,9.33071179407689,7.37466490983108,9.49922427330795
"SIK1",8.08359012627474,7.57953014147469,7.3355137098602,6.94503376153132,6.47648978420022,7.51076291506911
"SCYL1",9.79327301949617,9.24544673015779,9.44383661707985,9.85151216699025,10.0993729555771,9.48579491314048
"TMEM50B",9.44281449952478,9.27888511320198,9.08707167074037,9.72716643219874,9.10020453506765,9.92169533981101
"APP",13.7267450589508,13.6448575075125,13.1674025043128,13.5617446831814,13.7316661295352,13.9325783929518
"DOPEY2",9.94098603667026,9.83626256461779,9.91221577235557,9.52536395279197,9.86410303917257,9.03761072438037
"URB1",9.96105425811269,9.86954733277757,10.003362427712,9.9219851049172,9.84351200679863,10.3665835089604
"AKT1",10.9585820297739,10.5776386372268,10.8885909900375,11.1252407016372,11.229616986978,10.8144961279584
"EMP3",5.6018543074561,5.62971160557788,6.00991838444328,6.92190735690644,6.65202739144907,7.9691733424189
"SAE1",10.8957874100951,10.9408808160732,10.8772983667657,11.2317226101031,11.0978693787995,10.9872178756658
"NTN5",4.33057497578978,4.77662214806139,4.33057497578978,4.71402308857299,4.33057497578978,4.68467332000649
"LMTK3",8.72271821537243,8.36833642053032,8.72325281888699,8.15345689238913,8.80914563565002,6.59953871009217
"GEMIN7",7.35587515452893,7.29660770278445,7.40898199943496,7.50349580743111,7.26360887976938,7.03285808344634
"WTIP",7.85282058766129,7.69766482825907,7.70226217510557,7.91925353614787,8.03649629061221,7.99713254947996
"ADAMTS10",8.85298795748274,8.55895856412948,7.74677010774564,8.62650280975838,9.09149145014972,7.62771562040674
"RNPEPL1",7.02061302111871,6.64638115531134,7.67618662531909,7.2793645171567,7.49992914835553,6.80939009577328
"CAPN10",8.37358412581227,7.97662816360005,8.63528097193548,8.79887073063167,9.01828742588139,8.3014217663428
"ERVK3-1",8.85976499569522,8.98118096489675,8.87032160339421,8.55314716929848,8.78411221189615,8.46509646646879
"CACNG8",8.73506129772391,8.94374315041009,8.29989991996498,8.17274100746512,8.6057280384882,8.22088886962682
"ZNF787",7.32972286304845,6.75796460995273,7.03759706541257,7.38342468393395,7.27407779684721,7.08014625782913
"C19orf52",8.16270466126642,8.01339992660753,7.93414485834228,8.12650880137662,8.29191279490082,7.9078720871362
"FBN3",8.83704947571897,8.37961868618862,6.74960856768488,8.46611726391436,9.74795234583184,6.62764561149741
"CARM1",9.3400423881218,9.02126725151801,9.06979195486079,9.45161255993191,9.59619078543614,8.84624705286912
"EVI5L",9.84193460787192,9.32908175945099,9.44000120426333,9.53930186408273,10.0067350126202,8.67799524464094
"SLC47A1",4.60390596466056,4.58878259651035,5.13786241172375,5.02596345433389,4.74232802187034,5.22140032273235
"PSMB6",10.399865452717,10.078916949105,10.2099404068072,10.5907192890046,10.3534647101206,10.5922880864765
"ZNF473",9.34487645628323,9.33342799158471,9.20932406146196,9.54022628087655,9.50405206184233,9.48088029965462
"FAM71E1",6.14437114006863,5.77685464919912,5.75456202992873,6.04529202176455,6.40903241569879,5.63720988468804
"RPS11",13.1561050676698,12.9843712006336,13.6126684111673,13.9254097172766,13.624095871141,13.8154984981845
"RPL13A",13.1058977413046,12.845476186691,13.7166054697859,14.0068542990925,13.7568777402188,14.0164168327753
"CTU1",5.83411797820783,5.87100821421757,5.81044805857035,5.94973919615279,6.37900788898933,5.67858866699434
"NOSIP",8.48606469245659,8.19068144629386,8.72640976160702,8.916158654783,8.93791920966523,8.65414112207079
"IGLON5",8.36087775999536,8.25033539374865,7.4247982507733,8.14859490983899,8.72143642010569,5.97857887220761
"RCN3",5.18373077138573,5.31286008562374,5.33538540566403,5.3049269085433,5.34903754503733,5.28523604052962
"ZNF614",9.6869237617753,9.7205168377512,9.62702447013151,9.38524478623647,9.68085611141078,9.20051037087257
"RERE",12.088289301613,12.078563627056,12.5035811257381,11.8335646064146,12.3346345400573,11.0851238692227
"C1orf222",4.60390596466056,4.69525161239808,4.86296472820736,6.27476788446092,4.74232802187034,7.3231847078883
"PRDM16",6.75771729922596,6.45915625855364,7.53806547190816,6.65890241898307,7.02328422924964,6.40604308854489
"FHAD1",7.21276396249247,7.27228180361364,7.16642702427941,8.46221083381507,7.32023968222131,9.50649694858449
"EPHA2",6.51723368027146,6.14370258404416,7.68928444166657,7.80309035402005,7.26885316310694,7.56811129503746
"ARHGEF19",5.40082433975998,5.28072429172865,5.0153475618871,5.3049269085433,5.29596108369109,5.34453517938545
"EFHD2",7.20556841239305,6.95676981986346,7.57388309620775,8.27661771856556,7.9060596315197,8.3908602425552
"PEX14",7.76352308206893,7.47203311609823,7.52347964195245,7.94476454338072,7.95517718205707,7.56811129503746
"PGD",11.9036883704893,11.8346702561046,11.4781909723706,12.1905550011335,12.4429220075288,11.9602191142576
"SH3BGRL3",9.19586266783912,9.06724516950701,9.17048814048953,9.60527216661579,9.18181771500638,9.78089098617981
"CNKSR1",6.54099217405613,6.26653250017841,5.88936033417274,6.06802763232559,6.35859427178238,5.07532107295397
"RPL11",12.2099689755632,12.1778838691844,12.5791366556513,12.9124598101976,12.5851737980907,13.0009000177647
"ZNF593",6.88187679516349,6.70333499340347,7.05821634900997,6.98458762895756,7.06635083100479,7.03971372253163
"C1orf216",9.80851125529239,9.69598389063709,6.03261425473495,8.36301724296441,9.46188134231831,8.17885505101344
"KIAA0319L",10.9464517710307,10.9356538815556,10.7607624857533,11.0049235332365,10.7466239300776,11.4673777063886
"EVA1B",4.87482195210638,4.77662214806139,5.53204272811162,5.47521948736164,5.17836802896297,5.50195500208462
"PLK4",8.20957127094734,7.89222397711092,8.25241517405332,8.6979512528077,7.94548833548063,8.73491916930381
"MAP3K6",6.41762377436216,5.88893120691801,6.21973164683618,6.77423290581552,6.17035088062347,7.19479807814737
"GPN2",9.3892286776665,9.27437081116807,8.95076317415032,9.31242619042964,9.45623950330908,9.21093973016392
"SYTL1",4.87482195210638,4.58878259651035,5.19204933581343,4.82464481268825,5.03903521958369,4.83010453277739
"WDTC1",9.46518326838979,9.26529951733079,9.42843330044212,9.68850372328698,9.72092315364961,9.67193672979951
"NBPF3",8.80463218759551,8.8678104264034,8.76683080384328,8.20353298018949,8.70437755580809,8.29862231342831
"HSPG2",6.58725916525107,6.37842206372085,8.29138273173614,7.39590461736391,6.79235481056696,7.45605930274817
"ITGB3BP",7.10846414954516,7.35563129640412,7.62254778683394,7.89327677938522,7.26885316310694,8.32637343054268
"SERBP1",11.7625319417709,11.7421719124275,11.7026988457965,12.0724406713273,11.9904843364783,12.3482785201696
"BCL10",8.62527354312051,8.71167643987149,8.54156309644457,8.60541827705831,8.54524208458489,8.70568485242739
"CYR61",6.39147731265288,5.99099191043792,7.93414485834228,8.02132969297746,6.3482640446452,9.01227043477643
"PRKACB",12.5794418375847,12.646394202203,12.1288550802761,11.4619450328156,12.2130487718914,10.2246798184643
"PIGK",9.51320493342528,9.6209600225844,9.23390608819336,9.5141157064915,9.35557192127626,9.95041182276857
"ADC",7.46187926330275,7.15054908264214,7.26680255576584,7.22427350818905,7.24775658987465,6.79310186108496
"RPS8",12.7350026527476,12.6388126206098,13.1611601833107,13.3656210916066,13.1401269355897,13.4852413363642
"KIF2C",7.2895535690056,7.17049332813552,8.00373387735555,9.06372301387852,7.73640192013404,9.60237699601599
"PTPRF",11.4380590976748,11.1465298609094,11.3790971906193,11.5249001692373,11.5005827982733,11.6542844564574
"BEST4",5.26254826080776,5.2124335202594,5.45827589049947,5.17826991240815,4.99924798284876,5.50195500208462
"MOB3C",5.9531937412958,5.69527237656877,5.63329680407505,6.51694844538658,5.99036612397887,7.046535392754
"LMO4",10.186812200938,10.0832219271832,9.76674834536777,10.2947778406191,10.777244744063,9.67085843112171
"SYPL2",5.3344412562722,4.95891832408665,4.63910910251109,4.64396487703681,5.03903521958369,5.03357482878391
"BARHL2",5.04742567774093,5.2124335202594,4.33057497578978,5.12120644125242,4.95674843757777,5.15195654074678
"MTF2",11.079421796573,11.088624760444,10.9369824033538,11.19611815434,11.2571129751748,10.6227066304461
"SLC44A3",5.43226952355336,5.40267998277688,5.98677983682015,5.68460767469218,5.63503194179442,5.881557447727
"IGSF3",12.1995640531313,12.0184836774362,11.9153301208264,11.9777662294054,12.3593099295699,12.4632264594072
"ZNF697",10.4121914572103,10.3621839669843,10.5078343493103,10.0416691464999,10.6307720714087,8.64096075609041
"CTTNBP2NL",10.8996222305484,10.9294520753722,10.7752846369061,10.8507461944603,10.8713331562446,11.5059612618047
"STRIP1",11.4843905442735,11.3264850345307,11.1613015161325,11.3268721850998,11.6005626296149,10.6864917776471
"PSMA5",10.174201065035,10.0466541816568,10.0175799384447,10.1915235019697,9.94847458243447,10.3260755312913
"FNDC7",5.22411723473243,5.17594971784969,4.63910910251109,6.03376044615837,4.56883750728876,6.83346059421358
"C1orf162",6.2520628250378,6.19979772223188,6.03261425473495,5.77536139914715,5.87375914045291,5.59411117987997
"CELSR2",11.064370996251,10.8704112582827,11.8267525858995,11.177535619477,11.107612498823,9.89701272397551
"ITGA10",6.62092605244302,6.54567163620786,6.14008014374634,6.19617072220197,6.2287072513673,5.73777627602365
"GPR161",10.1008936393341,9.9443470789281,10.0291090492742,10.242372456374,10.3302247897858,9.8415590179964
"ALDH9A1",9.37826802850178,9.38458457869817,9.52934469316027,10.3426996776339,9.44488909097348,11.3741148042836
"ATP1B1",11.9159106173671,11.7046750035226,11.3276529150414,11.6366592783348,11.2825026387236,12.3541648058598
"TIPRL",10.7637557370098,10.8980366370559,10.5991701950307,10.3416400909649,10.4960283395335,9.94149922167021
"NME7",9.09423242154179,9.01946918159659,8.93721112787581,9.24709979315887,8.94115699109686,9.67516679273869
"POGK",11.4759765150377,11.365878089992,11.3260964538679,11.3732296325526,11.431871928624,11.3101432929101
"MPC2",9.60603967058103,9.62922977916301,9.41090534445228,9.22541536037949,9.44943999520147,9.03761072438037
"CREG1",9.2518503022694,9.33920263565217,9.00892007671385,8.71936453333919,8.98886871128201,8.24727223557794
"DCAF6",10.0564257017888,10.2043644569208,9.80898078778316,9.97625646087804,9.90525122021816,10.2508853421528
"GPA33",4.87482195210638,4.84495094307666,5.0153475618871,4.71402308857299,4.80549449477315,4.68467332000649
"RXRG",6.12819034179057,6.0388771203416,5.2426758087291,5.56781120866857,6.27350364256348,5.18746296578136
"TBX19",5.22411723473243,5.48441204341114,5.75456202992873,5.49445599134623,4.95674843757777,5.69868419475818
"UCK2",9.91197868666925,9.89229947699272,9.7073785276798,9.84105018062844,10.0380287305505,9.81740250894982
"TMCO1",10.1084891010516,10.1520489365187,10.130111014679,10.5596179732342,10.2497191784944,11.0708957986222
"POU2F1",11.6273491634007,11.8099550565807,11.9443637169492,11.4042576134588,11.4622836726924,11.0332323031512
"MAEL",5.40082433975998,5.55970553524277,5.13786241172375,6.15492760336544,5.29596108369109,6.51143928016197
"ILDR2",11.3414835788224,11.4871098881865,11.4239273422058,12.1278752401371,10.7799554539562,12.3053466931807
"MGST3",10.8058177453488,10.7253955209623,10.387614535839,10.1570014459905,10.0804359547512,10.0466405250043
"ADCY10",5.81299943796065,6.05442078166421,5.33538540566403,5.74594758405598,5.77775078358577,5.37273133131448
"RFWD2",10.7547102476342,10.8808328778137,10.6204932735018,10.721095669738,10.848272563973,10.3791773852908
"UFC1",9.60603967058103,9.49603300340026,9.44957065374681,9.82141697496965,9.66039691390576,10.1060715136064
"PPOX",8.65676595333436,8.41294186554891,8.41802230083098,8.55314716929848,8.96202670731021,8.32637343054268
"NUF2",6.74767673763211,6.92558771782441,7.38491811861045,8.30963174811785,7.14293189495132,8.7266270537123
"RGS5",6.50519094232758,6.69400971602305,6.58599920034065,9.1940276206181,6.91945913830706,11.185509440773
"SDHC",8.42331149666572,8.44282183317067,8.74831617567287,8.77547746818291,8.57267226240335,9.37359906869622
"PFDN2",8.65676595333436,8.41019435047483,8.46796826016975,8.57681482929997,8.85622650111369,8.3014217663428
"USP21",8.49480930567828,8.17456027369429,8.52351545556864,8.6472820761186,9.04711647923565,8.71828678420789
"PRCC",9.13202452871453,9.19219126220688,8.96952399330208,9.1155323652251,9.30372735856032,9.06415721364255
"RRNAD1",7.42537359648511,7.60879611156309,7.58795930644445,8.04770717304165,7.95517718205707,8.28454230082659
"MRPL24",8.58763713156068,8.54900782042151,8.35405945616691,8.64900017948986,8.56638861486144,8.71409841552894
"PIGM",8.26862773983864,8.28076036019112,8.41410721881369,8.33764052430915,8.29698848856491,8.32086608716149
"CASQ1",5.93418371095413,6.25346714605822,6.6427968877454,6.57858717013109,6.71621387992826,6.84138999912851
"ISG20L2",8.91068724939637,8.89356954853587,8.65198398976558,9.10806605285834,8.95082681945545,9.27623952076319
"CRABP2",6.111792441977,6.34220771365591,6.99540769375669,10.121632483304,7.76244270237009,10.5217047305516
"HDGF",10.8104811399068,10.700396559642,10.9692509719132,11.5416034143068,11.0292797870735,11.8808893807258
"ABL2",10.8255338752527,10.9948780227167,10.9205733068012,10.4124796069576,10.5194682537139,10.3545501481488
"XPR1",14.0681595883922,14.2021603692853,13.8362382652334,13.4456953797714,13.8910001808498,13.4605091907009
"RGS16",7.60454807259589,7.11665715258327,5.93909051704448,7.24749340893775,7.01702036134237,6.06819675099262
"TOR1AIP1",9.2047555698784,9.00136376179609,9.30944079031773,9.70095594976668,9.17770794981611,10.4562732518343
"FAM163A",5.04742567774093,4.77662214806139,5.33538540566403,4.99090412180236,5.03903521958369,5.11466593771837
"HMCN1",8.05225889084432,8.24108025118725,7.43264003745993,8.42053730713915,7.06028027309134,9.45980407102384
"RGL1",10.0495369684471,10.1820608680302,10.1384140922193,9.98238906283406,9.89027171319684,10.1600796064063
"LYPLAL1",9.03162107719828,9.22219418962858,9.21606999188072,9.0892289894907,9.39385642401226,9.22129406403555
"LHX9",6.93556526942794,7.18363196230543,6.20029399103025,7.04452813531072,7.16566744120956,6.6642196588643
"PRUNE",9.36722331489961,9.40949714200264,9.15652724409517,9.29171070157577,9.40092282443618,9.13159714940931
"RORC",5.18373077138573,5.00838899562681,5.13786241172375,4.87127988604197,5.11210946503177,4.58127373257168
"TUFT1",8.85298795748274,8.80654292034083,8.04999422004313,8.48741438657549,8.88004481545068,8.24727223557794
"SF3B4",8.26522052484028,8.09454011614963,8.47173911795696,8.5494710814336,8.30959951149806,8.7077928690121
"ECM1",5.91485715615986,5.85279833732561,5.63329680407505,5.99848057344674,6.20569266903883,5.61588662529712
"ZNF687",8.65676595333436,8.46151701385177,8.87601615466618,9.11925104321865,8.97472066968388,9.13785816448196
"TARS2",8.77625168478885,8.74254619225178,8.81209961871537,9.08162456332603,9.03504827771106,9.12057439162789
"CGN",7.53786656908706,7.19015494350677,7.24908276591028,6.89243729035956,6.99167538730857,7.20089795596581
"SNX27",10.7601443459066,10.8036429486611,10.676131611806,10.5029303476239,10.7516960445462,10.2566446749957
"SETDB1",10.3219790805709,10.4238992029886,10.3130844661732,10.6755733624589,10.5366679417976,10.6736356270303
"ADAMTSL4",4.99520527768772,4.77662214806139,4.7660846074949,4.87127988604197,5.23931319139556,4.83010453277739
"MCL1",11.618734446654,11.5645679150807,11.5068676686244,12.0352475697661,11.7078847368178,12.1258802133791
"CTSK",6.81643943712401,6.77569217432756,6.58599920034065,6.89243729035956,6.67646014042819,7.29502642405222
"RFX5",9.61273356876648,9.46732217193212,9.82082333332167,10.2815777297384,9.90690604115455,10.6730974591183
"PI4KB",10.2855928194216,10.123908530629,10.081725048064,10.4139925580382,10.5547206055832,10.5336123187839
"PIP5K1A",10.3260563809632,10.3678407133487,10.2322765553301,10.4895995641637,10.3357629262095,10.5330192686556
"ANP32E",9.06912428892789,9.22219418962858,9.17048814048953,10.0370939772658,9.24340750001182,10.5060764070483
"FAM63A",8.10282843153464,8.14838194649489,8.63863716092216,8.57319896887432,8.58100787571213,9.02246018359891
"ANXA9",4.80259831140558,4.84495094307666,4.7660846074949,4.87127988604197,4.66714835127326,4.33057497578978
"SELENBP1",5.62750733317344,5.53524434648493,5.96317797384801,6.94503376153132,5.82678316373963,7.61870787941855
"CERS2",9.4944779645835,9.23773754230105,9.3073367562706,10.2378232156431,9.87851239859264,10.9530479179104
"ENSA",11.6957360275502,11.6739024617593,11.3650182395157,11.6023514655883,11.7156917746678,11.4401213165471
"SEMA6C",8.98280663449547,8.84767674792207,9.14714416613549,9.34029920772435,9.56926712464467,8.40393712176816
"MRPL9",8.69012071758765,8.49560269277639,8.63863716092216,8.92893303956472,8.79310287251499,8.75136115035332
"ARNT",9.46370277656609,9.5480589216231,9.36713908353966,9.68516487560483,9.53649404024446,10.1776418945596
"POGZ",11.0327925453238,11.2743641365035,11.283958928436,10.8603950737649,11.0001291767801,10.684891011956
"C1orf56",6.8354600493058,6.48132831963925,6.41583398350578,7.02843816393424,7.11981699628916,7.52048453789093
"OAZ3",5.54851785949931,5.31286008562374,5.19204933581343,5.51331587387945,5.32290848716218,5.47749470033185
"HORMAD1",5.46268370782665,5.40267998277688,5.33538540566403,4.99090412180236,5.46935070319513,5.03357482878391
"GOLPH3L",7.69901571886135,7.67019955312673,7.92313041789343,8.47583701489437,7.99014941412436,9.10946654301902
"GABPB2",8.08359012627474,8.14838194649489,7.90084240602467,8.12650880137662,8.1047588350883,8.66068619897956
"IKBKE",5.49214979402744,5.31286008562374,6.3126379774091,6.05671361986226,6.30608491752984,6.69981722026509
"SYT14",10.562830599591,10.6467353150104,10.3318226714653,9.70178228472223,10.1630675632765,8.53567643325285
"KCNH1",8.09131659757039,7.83988823707131,7.78383813845146,7.75575392497685,8.18915665934638,7.24286392443478
"DTL",7.10846414954516,7.16387706458242,8.08989141677383,8.73723737279856,7.28446871963351,9.00029043092283
"DYRK3",7.18375548402539,6.95676981986346,6.84855731667408,7.88743916870191,7.58601778618675,8.74521744240032
"EIF2D",8.43850386345387,8.39359767369775,8.5839729087344,9.30046936813477,8.76778586449696,9.79876890889876
"INTS7",9.84421134585004,9.93960603566031,9.98900330029094,9.65732013554174,9.80053584171069,9.38153275427456
"VASH2",10.7104842776331,10.7209828120708,10.6000291987058,10.2263869200247,10.7539956677572,8.94063860963047
"TAF1A",8.11424816097241,8.28076036019112,8.30836671377887,7.93064825240026,8.08726367540621,7.90048343971049
"SMYD2",8.97242502650014,8.9284907699439,9.03967797918752,9.21154968511696,9.04711647923565,9.06580021591101
"SUSD4",9.3735449486433,9.45274925692986,8.59092090787808,8.00257068731471,9.08565327398806,6.65516992011782
"DUSP10",7.48569998499647,7.32051701751159,7.29296706676106,7.74609406133652,7.67109281969654,7.31759826822496
"HHIPL2",4.99520527768772,5.40267998277688,4.63910910251109,4.71402308857299,4.74232802187034,4.98896808752624
"TP53BP2",10.1669448653634,10.2177394974889,10.4355646392828,10.5884879724995,10.3510359658754,10.7913756980358
"ATP8B2",10.0980349929749,9.8331982120065,9.95448392691932,10.0739333814942,10.2781226044083,10.0027603361592
"ADAM15",8.33186933541099,7.71120019734812,7.87248208979373,9.03644595288523,8.52809748622889,9.3508799772661
"JTB",9.42466593791179,9.22375609943226,9.66530026781542,9.58570677428282,9.66333750182119,9.67409090940292
"RAB13",6.90898517037246,6.74000049684547,7.66959197425824,7.98629262707594,7.63525730672253,8.79166113275508
"TPM3",11.4508092982155,11.4155316815853,11.0001628607476,11.6459150752624,11.4069554159522,11.6400372655459
"SNAPIN",8.66711173835655,8.52128187610374,8.76376155666782,9.14136353010717,8.73456573843145,9.56455495708096
"SLC27A3",7.30978258738388,7.24752405153874,6.27629400697231,6.88646604084261,7.25834479353564,6.74302312567997
"UBAP2L",10.7958576836379,10.9347014914464,10.812816488092,10.8068930851131,10.8217712972893,11.0069963491394
"SLC39A1",8.83475805128403,8.88371674545056,8.94535767324388,9.68933722780281,9.27324157434782,10.1376265117729
"HAX1",10.1886048209568,10.0883709897257,10.1145629917274,10.0777570123001,9.9660425391193,10.1562332446599
"CREB3L4",6.50519094232758,6.68461897403412,6.65662472716031,7.30611477404241,7.04805835811577,7.56811129503746
"EFNA3",7.52643984619218,7.49838179734488,7.04794528740955,7.34959092106743,8.04558755474859,6.25468438971641
"KCNN3",9.52034328109943,9.69147813161039,11.0272366787313,8.60364716934095,9.33481156665159,9.47471335786829
"C1orf43",10.8506552240751,10.6749566361628,10.7821128472376,11.0837071881695,10.9584620634062,11.2457381192721
"GATAD2B",10.2872668124115,10.5831196558779,10.693942581855,10.0591814587708,10.1358113470776,9.70812688163029
"ILF2",11.7673366942911,11.8060547687868,11.8864043944965,12.2820262951469,12.0828279683485,12.2920913488251
"RIT1",9.68184023723772,9.69485877101641,9.91359878523495,9.98238906283406,9.74610445194705,10.4323025587985
"INTS3",10.7816782871397,10.7198775221174,10.6068828711435,10.9531449323199,10.8793601721754,11.3889369125621
"HCN3",9.28576809095162,8.89944897762756,8.78813386699181,8.57861934786081,9.31499513546089,7.36709066927881
"ACTA1",4.93817568778476,4.33057497578978,4.86296472820736,4.64396487703681,5.03903521958369,4.33057497578978
"C1orf131",7.96658061404491,8.07381404238375,7.94507471577092,8.08128434587954,8.03649629061221,7.96209693964475
"GALNT2",9.86902093963329,9.73591402186529,9.68000528356944,10.3479859635611,10.0387835697671,10.5103007209271
"TTC13",10.3959918694741,10.432696724017,10.1630402236757,9.87514390824876,10.1065906945882,9.63481417012042
"SCCPDH",9.89670484138313,10.008229363147,9.841316490277,10.2771507024355,10.0884781395134,10.4354794548096
"LYST",11.6470351037168,11.7850732457433,11.6813508440266,11.0969526858694,11.5426873058005,10.3962347927266
"CEP170",13.4521239180955,13.5926843561311,13.240689707085,13.1302427505879,13.4461988093451,12.1411350267696
"ACP1",10.7456076707475,10.7499685510098,10.8016591231432,10.8907723248444,10.8339962996417,10.8700217643136
"SNAP47",9.68945881462963,9.39154807483666,9.58075482190222,9.72878886585053,9.72655714680067,9.5864523835736
"SRP9",12.1170405662222,12.1996510084325,12.1612212135545,12.550684115591,12.3485473222993,12.5702657104911
"NVL",9.64835284738618,9.74898192449905,9.73736915309396,9.78054758135248,9.80053584171069,9.94060492323376
"SDE2",9.70457618453973,9.70383522612117,9.45147693762016,9.71739328287373,9.53221042460333,9.80762538809018
"DEGS1",9.87237121915166,9.9137314103387,9.65706550122315,9.99861625607416,9.89194381106712,10.5036569461595
"FBXO28",10.3685814704492,10.3146492181154,10.2020402856007,10.3062296370584,10.2187481076442,10.2963284778461
"ARF1",11.4429474905241,11.0958848079009,11.0150519055169,11.4291569337785,11.7367714215796,11.2278954448919
"CNIH4",9.40010653467529,9.43128555671802,9.44192018736461,9.37284230119462,9.16392335034251,9.29736408279358
"ITPKB",8.44152310361832,8.19388397067824,9.5038536350343,9.72716643219874,8.93467412085408,10.2991216784581
"GUK1",10.0710773565894,9.5493046674244,9.98506222361633,10.1351506339621,10.3116091943416,9.35357149092632
"CDC42BPA",11.924808241557,12.1277247877011,11.9919274528038,11.6672132784897,11.6752568433551,11.8609468194972
"CNIH3",7.96236931453113,7.96164951102611,7.60189652432882,7.3149188509121,7.68673289023078,6.94780536040062
"C1orf35",6.9872241670526,6.69400971602305,6.84855731667408,7.2793645171567,7.4456304628159,7.19479807814737
"MBOAT2",12.0357444665091,12.0729483232327,12.0458740429706,11.7264458297145,11.8369154685953,11.4155605968587
"PARP1",11.3622759422726,11.2683289518717,11.3497795899906,12.1008938551792,11.7386303462972,12.2878800203386
"PSEN2",9.01350925021389,8.77490088306464,8.54514553185727,8.4144837626517,8.67937359856656,8.35629081786045
"PYCR2",8.02830035881907,7.90010733763586,8.18960621252554,8.25869370048115,8.37344359628965,8.7077928690121
"LBR",10.5752154072165,10.5733611746417,10.7684239466165,10.9555707483262,10.7576674554692,10.7202249173623
"WNT9A",5.5207400332063,5.09718127405855,5.19204933581343,7.77170888304149,6.29531752794964,8.98126074619423
"EPHX1",7.88880247875315,7.79404665123918,7.99849992386532,7.63174729750591,8.13628678806055,7.84765914901282
"SOX13",7.90206434329552,7.74667471801027,7.65630972635039,8.37553891920523,8.07843500081321,7.70630283433365
"ETNK2",10.5524280579575,10.3536570218461,10.0188655134165,10.146117434257,10.5891317761575,9.19601740731215
"PPFIA4",8.66194816560455,8.23487670991194,7.44819344488401,7.570908304134,8.24540251057767,7.13865823321848
"PLEKHA6",10.6003438780553,10.5573614484396,10.8275599722392,10.2298273429766,10.3976740035886,10.0273965119669
"SYT2",7.67856140727407,7.88826584910203,8.70095774384844,8.06588533635117,8.1163042636743,6.71726694632154
"ARL8A",10.4402981757554,10.1860690394021,9.93554840932711,10.0643297008587,10.5620888694213,9.39596528816414
"OSR1",5.49214979402744,5.24729833481842,5.33538540566403,6.03376044615837,5.53476861827663,6.21702304029175
"GDF7",4.87482195210638,5.00838899562681,4.63910910251109,6.63025606291703,6.47648978420022,6.48070743372353
"PDIA6",11.2082469606196,11.2458533990546,11.48935935427,11.8498622403204,11.26358310723,12.5573485844182
"RHOB",10.5704117228825,10.3021473375301,10.5078343493103,9.89695221887276,10.5927337471539,8.7390473432905
"ATP6V1C2",4.80259831140558,4.90491546544878,5.13786241172375,4.87127988604197,5.07654591073903,5.03357482878391
"HNRNPLL",10.2763509577811,10.3860733753348,10.5332414947221,10.6013818147949,10.407057138618,10.6030642150994
"GALM",6.19167384472197,6.17206882112393,6.74960856768488,7.06569315570874,6.3482640446452,7.98322153745751
"CAMKMT",7.32310766257761,7.49315139052759,7.4247982507733,7.42053615052125,7.23708728805804,7.52532030003391
"EML4",11.0476810604634,11.1673546860552,11.1849652417071,10.6881317107357,10.7826610788612,10.6918148679564
"CALM2",13.902111672578,13.9061175157155,13.2142900869867,13.7209889988174,13.8091710188318,13.4928077553026
"CHAC2",6.69631622744201,6.42517175702489,6.97381680886921,7.0338224137936,6.65202739144907,6.71726694632154
"RPS27A",12.0923634981086,12.1183192672471,12.6247945447797,12.7385630592442,12.474079590369,12.9511691808966
"WDPCP",8.23069435517052,8.59808537311085,8.50523779269717,8.46416537967084,8.24540251057767,8.99857082675317
"VPS54",9.91739464452544,10.0163569525436,10.2553629803705,9.95076691472038,9.91432931492143,10.2587985078548
"ASXL2",9.58848857287024,9.67673634573446,10.1572148965913,9.57672481284004,9.25645487464005,10.2246798184643
"ETAA1",9.03959815089769,9.02664801427606,9.17741812874257,9.17390793758876,8.87835653452887,9.69014541666828
"SNRPG",8.60388803879639,8.56637658396346,8.9932909039238,9.28841241548832,8.79489427307196,9.24758244236283
"ABHD1",4.7165496130104,4.95891832408665,5.07933519419276,4.95373220111794,5.11210946503177,4.83010453277739
"MEIS1",10.1235610237724,10.3175751514043,12.4911349051635,11.5016127685049,11.239169002854,11.4611573016573
"CIAO1",10.6732045122921,10.656589069022,10.9004933116831,10.8045881456005,10.7934331079403,10.8956197725564
"ZNF514",9.39855757657233,9.36207237766643,9.31154175413897,9.30046936813477,9.51603245580985,9.21686560973488
"SNRNP200",11.9656199384265,12.012177756654,12.3532702957111,12.3400687449391,12.2273513536744,12.5817787234657
"MRPS5",9.76230450523298,9.65491568150077,9.57377190540356,9.75131320623692,9.80675431059308,9.86343100620578
"ANKRD53",5.04742567774093,4.77662214806139,5.33538540566403,5.12120644125242,5.11210946503177,5.571858798105
"TPRKB",8.12557726315472,8.31936955677578,8.48672413198347,8.45633115326406,8.27657677634417,8.4348430554223
"EXOC6B",11.6345985713809,11.624853922202,11.9180877400373,11.2756510239153,11.5897898540448,10.8951583860493
"SFXN5",8.79758944493229,8.63617355566335,8.93175434153875,9.78990304964992,8.96202670731021,10.1148182108349
"TEX261",9.15055477558203,9.1664313086823,9.41677173101426,9.5262973540839,9.25645487464005,9.81056549485236
"DQX1",5.14109345202186,5.17594971784969,5.13786241172375,5.20526093226038,5.29596108369109,5.25394328805817
"DUSP11",8.61729127726925,8.62437922204943,8.65530139640871,8.40025855214641,8.61995388903716,8.50931204445061
"ST6GAL2",11.6632372995277,11.6471178293772,12.066216697325,10.0423215584353,11.1626528123911,8.05145731144394
"NPHP1",7.99983014660569,8.0633369964684,8.10456986944914,9.14379962886681,8.13344920618018,10.3301779210591
"THNSL2",7.75866388103475,7.84806640040306,7.86674150542615,5.12120644125242,4.91093888395682,5.18746296578136
"RALB",8.90195978674521,8.96632259343604,8.51987851266151,9.0311911634103,9.01214382024341,9.19751662073347
"TMEM177",7.19833542104688,7.25375484327826,7.75301579166825,7.61766623238105,7.83781430859603,7.78478107247728
"RABL2A",8.43244623192903,8.36833642053032,8.39038934388409,8.5328110900739,8.40197668249007,9.07724899126205
"SLC20A1",9.97773978179248,9.92912052484049,10.1572148965913,10.0656138939305,10.061246898177,9.83098000030945
"FBLN7",5.97189916146181,5.79633174395148,6.29459653090917,6.39289578642982,5.77775078358577,6.6642196588643
"ZC3H8",9.55829078334178,9.56909147678651,9.58249527546212,9.19754913987009,9.59208129153332,8.49960353026931
"LIPT1",5.9903111609895,6.25346714605822,6.72369361431858,6.33973246271108,6.07080875752555,6.48070743372353
"CNGA3",6.87271940713298,7.08893281579373,7.5161296999261,7.10707332424053,7.38433704713278,6.99099058435697
"FAHD2B",7.31646100731947,6.82751949701701,6.9628925018021,7.3323623405347,7.27407779684721,7.62771562040674
"LYG1",6.44325127059483,6.40200899166213,6.69726825935597,6.09034204967627,6.05777184720114,5.93108273336772
"AFF3",10.6223922400562,10.7542935945372,11.2366925098195,10.4023524970128,10.5409360024647,10.8900733696789
"UBXN4",11.0277953596214,11.0997136200236,11.1889668756196,11.1134955103429,11.0931546712506,11.4274147040739
"NXPH2",6.19167384472197,6.32990443424444,5.96317797384801,5.77536139914715,6.513522034208,5.40006335275449
"SPOPL",9.16520907245283,9.21592954677477,9.57726759434378,9.04689829242072,9.10454137051378,9.38548326629805
"THSD7B",8.66194816560455,8.69824067719828,5.66493901424027,5.54997731954909,7.56498342446013,5.07532107295397
"GPR17",5.22411723473243,4.95891832408665,5.45827589049947,4.91404266993799,5.84266003333913,4.33057497578978
"POLR2D",9.15606763868563,9.12523494112062,9.44000120426333,9.4066953887308,9.2834753966689,9.64253562950812
"AMMECR1L",9.62470476824404,9.58010328054848,9.83403090989301,9.83202192181405,9.86410303917257,9.93702217090335
"GALNT13",11.188679126699,11.2280838597028,10.5749079857805,9.83353056436819,10.6136522401173,8.05145731144394
"PKP4",10.4891134541659,10.5292430954201,10.4622654488262,10.5614393787973,10.5668058085458,11.0353274577401
"SCN1A",11.4463220845442,11.5010089909134,11.7610757823658,10.1557961608379,10.8944478259446,8.47751598523127
"SLC4A10",11.4270941560401,11.4734034978772,9.73267508908087,9.70673036819782,10.7925385052737,7.06680005950331
"SCRN3",9.41090284309313,9.44339822117206,9.4872250638378,9.3985613599236,9.18318503296805,9.31818317314135
"KIAA1715",11.3022920943574,11.334089077581,11.2613339430343,10.8391567583402,11.0147781205275,10.562377022082
"ZNF385B",7.23412992501544,7.25995789712136,7.40100650295854,6.32150807584472,6.79235481056696,5.571858798105
"TMEFF2",10.5690362976904,10.5758069922303,9.82523932044251,9.67004357685747,10.0986491903052,8.15426865862903
"CDCA7",6.66452682316319,6.73092761276427,7.54530215955348,8.7848805302984,7.42705447367088,9.06251233281305
"DLX1",4.33057497578978,4.58878259651035,4.33057497578978,4.64396487703681,5.46935070319513,4.58127373257168
"UBR3",11.7649363183827,11.8208200945641,11.70469659584,11.2317226101031,11.5293256207298,10.9543772247708
"PHOSPHO2",7.31646100731947,7.37286346670873,7.45590604430278,7.07093402566131,7.10811313039174,7.17633604835938
"GULP1",9.42770662393499,9.35496452350424,10.1253448413481,10.996197408717,9.86495464787306,12.1452146797846
"FAM171B",12.166755281044,12.2531514632597,12.2555416402896,11.773751913875,12.0532590355246,11.5955798471647
"HSPD1",12.1753666390016,12.1504611638817,12.3273139577763,12.4272888183722,12.1833287547057,12.7821993482361
"CCDC150",6.96163830026338,6.93345017433381,7.87248208979373,7.53385572028899,6.7774670989655,7.71898670555813
"METTL21A",7.2895535690056,7.50359283809551,7.68275068519138,8.09399110690924,8.01196563195928,8.18189881272664
"UNC80",11.2064789949289,11.3619868426035,11.1478547783359,10.7141535913073,10.687697262969,10.8280958739401
"PTH2R",5.40082433975998,5.28072429172865,5.41912560421338,5.0909007841773,5.11210946503177,4.76371589021208
"CPO",5.14109345202186,5.40267998277688,5.19204933581343,5.05921631031587,4.91093888395682,5.03357482878391
"NBEAL1",10.6821381508052,10.8259018116907,10.9552222155735,10.2355432015381,10.3109845165307,10.6720205204786
"KANSL1L",10.1449545486698,10.2745567794676,10.693942581855,10.2142803788046,10.3246653014569,10.1500576426295
"SPAG16",9.14131947832749,9.18258522927039,9.54906166329671,9.6959879642631,9.05311282450646,10.288619159653
"ABCA12",6.28119912210877,6.45915625855364,6.84855731667408,8.18703517703851,7.85863412995419,6.80127051198349
"SUMF1",8.46545073867808,8.3455016641455,8.65861115442126,9.35928462811189,8.68324881614461,10.1321540055986
"NYAP2",8.98073629975401,9.23309213400573,9.57552081011551,7.90776683256439,8.67937359856656,6.51143928016197
"RHBDD1",8.60657871996245,8.64787176304352,8.38239530543292,8.80658460272577,8.90679108220131,9.21390571951481
"ACKR3",8.81396913356261,8.73379375907277,8.6684948890638,8.17274100746512,8.72143642010569,7.36167716427533
"TRPM8",7.17640770575393,7.11665715258327,6.74960856768488,5.49445599134623,6.07080875752555,5.71840792780094
"HES6",9.61406862449296,9.12021117526401,10.5114914614142,11.0931806527417,10.1512499456809,10.982013359055
"ESPNL",4.87482195210638,4.90491546544878,4.33057497578978,4.55239249687834,4.74232802187034,4.33057497578978
"ANKMY1",8.23418472593573,8.14176170676316,8.16181951049361,7.89909052633311,7.89267011812078,8.08438851703836
"COPS7B",8.81861495336706,8.97562705037016,9.00372920050377,9.05727523268453,9.17770794981611,8.92079733641546
"DIS3L2",9.84307342641135,9.84135538520762,9.82964181855436,9.68766973636913,9.83831795437756,9.79876890889876
"CPNE9",5.22411723473243,5.2124335202594,5.56693702969189,4.87127988604197,5.03903521958369,4.88837907797739
"FANCD2",7.62609313702697,7.8803163866039,8.44129076856599,9.38215416456074,8.07547992783212,9.79283420864744
"TAMM41",8.11803452614681,8.3908127693027,8.2258341973096,7.73311098382377,7.72130380530875,7.9078720871362
"VGLL4",9.13946528525982,9.21278697108768,9.62026276459832,10.1797124822639,9.595164510347,10.9767899954305
"RAB5A",10.1669448653634,10.198820820855,10.1595478525177,10.2131220556148,10.199301027143,10.5489466388453
"FAM134A",11.3804226415975,11.2358366571281,10.777564300692,11.1072752024952,11.3657506369737,11.0411777520635
"CTDSP1",7.3878931108795,6.94126765350759,7.74049678459003,8.72099855909407,7.99954014910263,9.27055355955797
"RQCD1",10.1440309666118,10.1446532927598,10.2177974781622,10.0935805441519,10.0410457189189,9.92802613668296
"MARCH4",8.50350090748699,8.55399182076828,7.97203780474367,7.25667404173319,8.06955135614592,5.34453517938545
"STK11IP",8.65156496581758,7.92349862982285,8.47550008213014,9.06757785674507,8.74942516834951,8.91897993279777
"GMPPA",7.67856140727407,7.55466948165894,8.07008228672197,8.32046931273056,7.91932429112947,8.44752634496484
"GRIP2",8.01616840558309,7.78980488734531,7.58795930644445,7.59986520168274,8.41136279154798,5.94713050764567
"EAF1",10.0710773565894,9.95284185904508,9.85865308047351,9.95839208001942,10.0350054151386,9.77488205342716
"CNTN4",5.22411723473243,4.95891832408665,4.63910910251109,6.51694844538658,6.8853279124242,4.76371589021208
"DYNC1LI1",11.0919250731719,11.1714029653165,10.6963543975615,10.8492560056389,11.0074722450677,10.186720605223
"RBMS3",10.8869836306163,11.0924728663222,10.4288114693756,10.5100214706743,10.6653915636782,9.49679186562059
"OSBPL10",8.12181087574416,8.26562876801623,7.44043827095953,6.88046848910133,7.72130380530875,6.29124861845814
"POMGNT2",9.06717462180755,8.79607281247516,8.96952399330208,8.9952101602762,9.28602252592834,8.96197587533801
"CSRNP1",6.51723368027146,6.186010907159,5.98677983682015,6.95075475096743,6.05777184720114,7.97972245629034
"SLC25A38",9.01148267442324,8.92465225905957,8.70736316348302,9.10056079538092,9.14299568041629,9.37889304598039
"ITGA9",7.55483479848096,7.45059282337976,7.91759106235902,6.94503376153132,7.6190341013449,7.74401878388883
"SLC22A14",5.74711795931809,5.69527237656877,5.2426758087291,5.17826991240815,5.14598214718274,4.76371589021208
"GOLGA4",11.1431941143779,11.3743318241884,11.0021136480683,10.9468883215447,11.0353424022343,11.4517761104683
"CTDSPL",8.47137075015292,8.59808537311085,8.52351545556864,8.16553993551088,8.36380483164449,8.04142784365371
"STAC",8.30558112606882,8.19068144629386,7.92313041789343,7.11215977246549,7.49992914835553,6.64605828080328
"IQSEC1",9.74656706778638,9.66758894053491,10.5818817948673,9.491352236199,9.52898933305584,9.37492438869246
"CAND2",8.74241654982002,8.53142616142683,8.73583916653005,8.40840453166656,8.74201466907865,8.08764021415036
"RPL32",12.5390991990069,12.4676639386921,12.7766619341031,12.9430782787634,12.828555240095,12.8538659896404
"PTPRG",12.4918014526862,12.5772917537622,12.4438400564894,12.0119632172343,12.1646107982378,11.5511735741029
"IL17RD",10.6223922400562,10.6942192253941,10.7994172554968,11.3518164873236,10.7493927489333,11.72996533652
"SHQ1",7.94112393594457,7.92349862982285,7.92864829383441,8.36720331224614,7.70987368248261,8.84433284264935
"SLC25A26",7.97914030923466,8.19707933462963,7.86674150542615,7.92211078054445,7.96799393447305,7.91522255745225
"UBA3",10.3187089191014,10.3607663063593,10.2866484946307,10.4104598665146,10.3265208468352,10.5600502693964
"ARL6IP5",11.3093102903945,11.3584402131027,11.0897237130437,11.2530090701749,11.3417966306214,11.1576984377968
"TMF1",10.6401844163713,10.6743861763704,10.4977292074615,10.5019822246303,10.4811131277206,11.0022913276303
"LRIG1",11.4560268001894,11.3477477035083,12.1533437862606,11.5246668125609,11.7159276932785,11.1359945097485
"LIMD1",8.85298795748274,8.87379594221807,9.10656909142671,9.56132577579692,9.16253760076887,9.46727800519495
"ZNF660",8.72271821537243,9.03912540041212,9.26025258226211,9.2103881604142,8.99822400252426,9.30294534150951
"NFKBIZ",7.0771618631557,7.15722908848611,7.08857834537339,6.65179842733786,6.30608491752984,7.09336464344323
"COL8A1",4.93817568778476,4.84495094307666,6.14008014374634,5.63615875497389,5.29596108369109,6.74302312567997
"NXPE3",10.0778641690607,10.1585911452419,9.66530026781542,9.94519589538864,10.1727275106622,9.84729682981121
"MYH15",6.58725916525107,6.61696431031565,6.46448655819503,6.79998987983057,5.96229157958667,7.42529865342838
"PHLDB2",7.0692241342811,7.22231829608507,7.40898199943496,9.37595295084046,8.05761978181695,10.0884172976111
"ABHD10",10.2161091567086,10.194052109189,10.2887812997289,10.265464671626,10.3673511579109,10.1669773048734
"TAGLN3",11.6648475553855,11.5204993759573,11.3198537605614,12.3881907962675,12.103532109305,11.9161056553927
"RABL3",9.08655340724694,9.17129655147424,8.85598573220306,9.11180405183644,9.05161607982029,8.86525022738942
"ADPRH",4.99520527768772,5.09718127405855,4.63910910251109,5.51331587387945,5.11210946503177,6.17818765351574
"IGSF11",7.59911006013672,7.85213789711754,7.56679197810507,6.40154607385148,6.70835702131992,6.59003562630551
"ATG3",9.37038760070894,9.39571006736673,9.2205497782648,9.47210396250534,9.49967073203219,9.4333355939907
"BOC",10.0817280511882,10.123908530629,11.3740847531119,11.195825055455,10.5004181986185,11.2395727744397
"SRPRB",9.71581103682202,9.72272653330518,9.52392016920357,9.78211104956982,9.69625139604607,10.1084622438867
"TMEM108",9.17429280666517,9.28637763563983,9.00112672005549,8.90901242107945,8.91997989764563,9.4560525101417
"AGTR1",5.9903111609895,5.99099191043792,4.7660846074949,6.43557845627955,5.63503194179442,6.69981722026509
"MED12L",9.65615007069118,9.63510782238954,9.71533150943496,10.3485135278628,9.80320418587311,10.8923869633473
"EIF2A",10.2956077501917,10.2364131551266,10.2531801300428,10.186220512846,10.0797026176174,10.0835647543077
"ALDH1L1",6.82598312485697,6.56643692587744,6.16047993900056,5.53181738139766,5.99036612397887,6.05371984338478
"OSBPL11",9.54575235510021,9.52164628551333,9.44000120426333,10.2281081576332,9.62362744136161,11.0445101547973
"TRPC1",9.91847539843675,9.90791786919045,9.66201200638002,9.50088077007965,9.69720816186653,9.31956046716826
"NCEH1",7.12385340854776,7.26613346708606,7.3271073717309,7.03918568086747,6.89222287773343,7.14500941893176
"FAM86B2",4.33057497578978,4.90491546544878,4.86296472820736,4.87127988604197,4.66714835127326,5.42659714675519
"LPP",9.65355568162809,9.80323531940577,10.3574505016094,10.1832659582128,9.3772320506729,11.3375682093999
"TMEM44",8.344834584039,8.28676846667809,8.40624481148365,8.09904230004491,8.68518250976069,7.33429105777317
"KIAA0226",10.4905672160222,10.4527961712075,10.0903106704478,9.81302942745415,10.1386306892295,9.33734642394161
"AMT",6.46838189693335,6.2134331229608,6.11933501176659,6.41013865333125,6.50436191355333,6.63688382412144
"TCTA",8.62261771767438,8.69598911037403,8.54156309644457,8.59475869186419,8.5259399289731,8.72870457518211
"NICN1",9.21359386486504,9.24544673015779,8.89577128390487,9.13770163197349,9.33481156665159,8.82116120961703
"UCN2",4.80259831140558,4.69525161239808,4.7660846074949,4.77291247508709,5.14598214718274,4.33057497578978
"VPRBP",9.58712959084257,9.56909147678651,9.76368385235193,9.64791768478496,9.7951842866457,9.58759571164396
"MANF",8.53492683408696,8.37116533063057,8.56292471789015,8.81119312613597,8.35166441534884,9.13941917106147
"CCDC39",5.85484684019812,5.92395793531019,6.14008014374634,7.39175697258473,6.25130538879973,8.50446600422867
"STXBP5L",10.796445477429,10.913588216169,10.4641538648953,10.0494786708118,10.3178411335085,9.48702095092543
"EAF2",6.37820212442732,6.27946357496297,6.34796986470843,6.60835857260747,6.54062432223393,7.03285808344634
"MUC4",4.87482195210638,4.90491546544878,4.94418431550225,4.64396487703681,4.33057497578978,4.98896808752624
"SLIT2",10.883115015075,11.0984384782175,9.98374613341583,11.1581089071112,10.7898513631781,11.5476552495686
"EIF2B5",9.92279032911055,9.80427895933536,9.73580616336313,9.9304686983355,10.02817968409,9.81349961608177
"AHSG",5.57553933579376,5.69527237656877,5.49586482724437,5.80400878913798,5.87375914045291,5.15195654074678
"ECE2",6.19167384472197,5.87100821421757,6.27629400697231,6.1757212913575,6.30608491752984,6.09663944422455
"VWA5B2",6.04388889103782,5.62971160557788,5.19204933581343,5.39408088420441,5.69081184736494,4.83010453277739
"DGKQ",8.33512167246894,7.64689739282451,8.1711419178634,8.39206598500318,8.67159164285877,7.66755485403753
"FIP1L1",10.6891188228263,10.7569901754277,10.4451574941349,10.6976862635939,10.8156197189469,10.530050354353
"SLC26A1",5.3344412562722,5.00838899562681,5.41912560421338,4.71402308857299,5.20943279770974,4.33057497578978
"LYAR",7.19106458252092,7.27840315363716,7.18522450335871,7.34959092106743,7.13142268535155,7.40966184429143
"CENPC",9.08076712991475,9.39293674259061,9.26242651196847,9.19989204179019,9.021349416233,9.3427751186104
"EPHA5",13.3494306418446,13.445094827261,13.0390172741007,12.2563977478007,12.8439632771834,9.84825091495703
"CORIN",6.28119912210877,6.61696431031565,5.69565584988958,5.81805978469791,5.81067810207035,6.44923337026561
"ATP10D",8.52926401365878,8.62674585515214,8.6081451264466,8.09904230004491,7.94872528274519,8.8424160794459
"OCIAD2",6.2372372059446,6.09988234759329,4.33057497578978,4.99090412180236,6.30608491752984,5.45239055899795
"SLC10A4",6.95300237665677,6.86100086831046,6.78756865288512,6.5326312524326,6.76996117782249,6.71726694632154
"SCD5",11.9304419261436,11.8557025356194,11.5904928224072,12.2321646991238,12.3647365020772,12.019626653164
"ENOPH1",10.5313951283614,10.4095734638575,10.1815246675377,10.2876427842481,10.3858585702454,10.3053866670592
"GC",5.62750733317344,5.69527237656877,5.2426758087291,5.58533341826546,5.69081184736494,5.15195654074678
"TRMT10A",7.82057125999519,7.67019955312673,7.65630972635039,8.09399110690924,7.8166848029933,7.91522255745225
"KLHL8",10.2813993148481,10.2632192649844,10.2564531675874,10.2749320813927,10.5730711577181,9.51613708230634
"SNCA",10.8792359954977,10.9713864791035,9.26025258226211,10.1382053443795,10.6565684688379,9.60914831416535
"PYURF",8.73751723590206,8.66869125972853,8.58745111393544,8.87126830516361,8.83723121431333,9.02246018359891
"TBCK",10.9315454708745,11.1270684572999,11.0909462526175,10.8372787423116,10.9192484137775,10.738858737485
"CAMK2D",11.9253457318155,11.932606478402,11.5041172861962,11.5065840314294,11.6201061723481,11.8573987467628
"CISD2",9.93245195471616,9.97525287431333,9.62195616822384,9.46043031049378,9.61149782838727,9.27765750909131
"DDIT4L",4.7165496130104,4.84495094307666,4.94418431550225,4.82464481268825,4.56883750728876,6.22970329815221
"ANK2",15.1582664466942,15.2848406871249,15.0064507739595,14.1188371368861,14.7662457950578,13.2468076373181
"TIFA",7.16159439458307,7.15722908848611,7.04794528740955,7.30169183947393,7.56073865313527,7.16389018268598
"SPATA5",9.07883318781852,9.18739625988533,9.33031373473615,9.58122279321265,9.16669085291503,9.83964132679656
"CCNA2",7.76352308206893,7.83988823707131,8.69452362345421,9.25838278884583,7.98385436074853,9.56571578856142
"METTL14",9.81780917526503,9.90597479999593,9.57377190540356,9.80228328124963,9.88356385669466,9.9811790010259
"USP53",8.58763713156068,8.63852083669891,8.46796826016975,8.02929430294095,7.82022829088924,8.1165768313139
"SETD7",10.2274888947592,10.1756245270488,10.4461132792733,9.69432815565877,9.97158774048586,9.87938657728779
"NAF1",7.24819384114694,7.47203311609823,7.60881388150519,7.16202190379093,7.08440384257953,7.73987735564204
"MARCH1",10.7631544660983,10.8397047566414,10.5687781168347,9.89550855215553,10.3947292087712,8.5404183190413
"SFRP2",6.91790282534075,6.86100086831046,7.86097764282631,6.90430184754237,7.76244270237009,6.3150496424646
"RPS3A",12.9872304185991,12.9672430596311,13.4067164586632,13.6110990603341,13.312267184799,13.6641045727829
"RNF175",8.3480576326007,8.22238829450998,7.3355137098602,6.41867436581111,7.59018729455927,7.19479807814737
"PDGFC",8.72766818498407,8.51873455296006,8.76068573776764,8.66776483259553,8.44602302521782,8.84049675641372
"CBR4",9.75627196548309,9.89524084540723,9.89691440146145,9.68766973636913,9.72749400789147,10.029921216672
"GLRA3",11.6247039564695,11.8052734442308,10.6769459909733,10.1023664460633,10.8081145002869,7.70630283433365
"CYP4V2",8.59578559098937,8.59567095972145,8.85310131906389,8.08638063615661,7.95195488704681,8.43229287086765
"ROPN1L",5.81299943796065,5.69527237656877,5.75456202992873,6.74132882678262,5.81067810207035,7.87808435944297
"NDUFS6",8.34160426329624,8.16806052790184,8.09969380630289,8.61599926416395,8.68518250976069,8.75340322740948
"MARCH6",13.0837992591966,13.1763671927568,13.2838213003735,12.8732267362786,12.956257467945,12.7921448258781
"NKD2",5.9531937412958,5.79633174395148,6.20029399103025,6.25557621208894,6.5226185101805,5.45239055899795
"CDH18",10.7388957459204,10.9737065614045,10.4575335615188,9.47887015554612,10.1202056398743,8.17274800639151
"ADAMTS16",5.6018543074561,5.37374005388151,6.55665892062138,8.32046931273056,6.17035088062347,9.55406516642634
"SRD5A1",10.5489438027075,10.5702980581486,10.1642024700785,9.99996031293297,10.4152175954468,8.87090252926426
"MYO10",9.72325257000478,9.6560724130261,10.2564531675874,10.0904297010374,10.0236111758414,9.91715625810488
"FAM105A",7.01234157832621,7.36714293893297,7.39298538920024,7.30611477404241,6.8503189605295,7.70630283433365
"RPL37",12.5026469878387,12.4876062211588,12.6719135707064,12.9229449349752,12.8308442881949,12.6893300359529
"SKP2",9.06912428892789,9.04797201801259,9.33445225746564,9.95423789993942,9.14580368294887,10.3659176167786
"OSMR",5.0958257135656,4.95891832408665,6.23887088147353,6.50107558601883,5.77775078358577,7.92617754941335
"PLK2",11.7126493466359,11.7845447778233,11.4972183002604,11.4211555806455,11.5609255189699,11.0887599442574
"PIK3R1",12.3001758270728,12.3582781863513,12.0408223141466,11.6027936783873,11.9791287877861,11.2683591044808
"HAPLN1",5.22411723473243,4.90491546544878,4.7660846074949,5.45558649408591,5.93352705716022,5.84730736939238
"LHFPL2",9.37038760070894,9.3943240725741,8.37838149196812,11.0887674441707,8.6460049532461,12.9214608974
"SSBP2",12.3578560972815,12.447775920596,12.1568501765117,11.4877929416988,11.8741745493145,10.9741712032264
"ANKRD31",6.50519094232758,6.77569217432756,6.91830170473145,6.61569797312695,6.7624132232569,6.88801804929274
"IQGAP2",7.91083738640365,8.02424894756152,9.05230216624166,9.20106206414848,8.33449300910272,9.78786988841245
"CRHBP",5.72424503540458,5.48441204341114,5.49586482724437,5.39408088420441,5.88899535302041,4.33057497578978
"RASA1",10.6954357017042,10.8025992452967,10.7904147752859,10.7178329712009,10.8387707722598,10.605322649946
"LIX1",8.74485995418759,8.71390356272267,9.64212327599654,8.44647776460547,8.64003499910727,8.52853407857159
"GIN1",8.2583816495782,8.31055174989564,8.33761216785268,8.15102796989229,7.98700536437452,8.04812198666522
"PPIP5K2",12.3090586420886,12.450776657922,12.1745437351898,11.8619195830005,12.1891180374533,11.2597833623525
"PAM",12.2253278694162,12.1940907205821,11.8672689583977,12.0349199091262,12.0036848980037,12.2059944761035
"BDP1",12.0894887895669,12.193692735907,11.7170212759459,11.5908060927545,11.8962015858491,11.6144807674344
"GTF2H2",7.64731463068176,7.84806640040306,7.84354444978498,7.60344340280255,7.68283904712796,7.7967848029881
"SLC30A5",10.0085139442849,10.0163569525436,9.76521691340845,9.73364523582274,9.83223447402266,9.93073084687213
"BTF3",11.306011862894,11.2618887803556,11.3374716936371,11.7127862234523,11.4759993581015,11.6802229074639
"FBXL17",10.2822389919851,10.3183057080033,10.2993982605041,9.78834801625453,10.0899355473165,9.4833397024413
"SPATA9",5.81299943796065,5.55970553524277,5.45827589049947,5.39408088420441,5.61575483702208,5.03357482878391
"TNFAIP8",5.54851785949931,5.60690679268508,5.88936033417274,6.22622682849031,5.59610890044655,6.41697671329194
"FEM1C",9.84421134585004,9.80009985754956,10.0755610054321,9.75290869610466,9.74425418552182,9.74240428266697
"COMMD10",8.03232150805896,7.95788010161699,8.35405945616691,8.62650280975838,8.12204215059239,9.00029043092283
"ATG12",10.8093167040528,10.8078102259951,10.6000291987058,10.4275381596973,10.7461619430549,10.2422029789632
"MEGF10",10.7339946524381,10.8325641647408,11.1012962157517,11.9994230871959,10.6106098844131,12.3411831273881
"ADAMTS19",6.91790282534075,6.80185420069733,6.69726825935597,6.64465633337608,7.05418286515398,5.881557447727
"YIPF5",10.475229130211,10.5424332462268,10.2200345141062,10.5052979315966,10.3577051941771,10.5306446263726
"ARHGAP26",9.82819813404936,9.84440246211252,9.72008231531327,9.06372301387852,9.14018218792599,9.3291648120188
"CXCL14",4.33057497578978,4.77662214806139,5.07933519419276,5.39408088420441,4.91093888395682,5.99399275429218
"DDX46",10.15048365117,10.3832833114657,10.0866373768971,10.1689992035498,10.1959214110522,10.5454223935917
"RNF145",10.988211506867,10.9545708052437,10.5448872201915,11.0251914963442,11.1176474411203,10.9928349908361
"C1QTNF2",5.5207400332063,5.45795213323723,5.3782345210694,5.45558649408591,5.69081184736494,5.34453517938545
"GABRB2",8.29559720822196,8.16806052790184,8.67504644412205,8.2221573485486,9.95967893595286,6.58046374046774
"FBXO38",10.7395072132408,10.7999866778835,10.7745239475754,10.7389097621564,10.8560004667633,10.6655419465425
"PCYOX1L",8.81164057880624,9.05851664206322,8.50891201053144,8.4484538693029,8.88173111580712,8.7390473432905
"GLRA1",5.74711795931809,6.11466471136286,5.3782345210694,5.0909007841773,5.7264309006772,4.58127373257168
"TNIP1",7.90206434329552,7.50878465907413,8.13824378640928,8.29651739935661,8.15319488826001,8.78568773315671
"G3BP1",11.4515558120044,11.4429169993413,11.4039014053719,11.9545671651707,11.4119150205328,12.144438491967
"ZNF300",11.490941373384,11.5935181008953,11.2930167199192,11.1514740006799,11.5453448553011,9.98725441359475
"N4BP3",8.63057049591439,8.22238829450998,7.63614948010193,7.60344340280255,8.54949640346858,6.41697671329194
"NHP2",8.89537924280543,8.70048871907336,8.9932909039238,9.34453987534675,9.23156288954906,9.16416770169776
"RMND5B",9.23978772733347,9.09993885359379,9.18201965184832,9.30265073455877,9.26938505771729,9.09827227609654
"BOD1",9.98394739543959,10.045772115206,10.1157649644731,10.2942302418353,10.2260565111081,10.2436536749467
"CPLX2",10.0436060270162,9.97525287431333,9.71691685228939,10.6124054189727,10.189138320647,10.1912386131308
"TENM2",11.3831641923768,11.5000436197405,11.7767332792117,11.2118577026909,11.3087050457656,11.1523029944582
"KCNMB1",5.9903111609895,5.85279833732561,5.75456202992873,6.22622682849031,6.03126530424217,6.36135507851925
"FAM50B",5.79147317606317,5.43072800972915,4.33057497578978,4.55239249687834,5.51344929562775,4.58127373257168
"MYLK4",6.02629639048941,6.30493497245368,6.09823090651264,6.23608662521658,6.5226185101805,6.09663944422455
"TBC1D7",8.62792446314032,8.55895856412948,8.39436969427517,8.39821479887529,8.66963954531538,8.45256839691374
"FARS2",8.71276679716077,8.73817664251288,8.81209961871537,8.8249306724755,8.79130923560853,8.81139499085974
"GFOD1",10.2161091567086,10.2271065561581,9.95448392691932,9.36242467049978,10.0767655331693,7.91155206941919
"CDKAL1",9.49012156154758,9.66529298692154,9.61176576286983,9.82293675318608,9.61959557248857,9.71232540421774
"PCDHB18",6.59857684600822,7.039033598319,6.6427968877454,6.41013865333125,7.10811313039174,6.44923337026561
"PSD2",10.5669706972347,10.4252561659957,9.84711855442503,9.83729527645384,10.6683206412448,7.82049194481516
"LRRTM2",10.057407124974,10.2601808115842,10.3276796182323,9.14379962886681,10.0051909741582,8.70357373679164
"ZMAT2",9.87013856495545,9.85954196246579,9.54371101527453,10.1956346069086,10.1051500346265,10.1461844154801
"KLHL3",9.0554208037981,9.32617696587529,9.18889446867189,8.44449893134492,8.79668344287188,8.48982882985997
"DCDC2",6.54099217405613,6.41364234346673,6.33042650449943,7.43269165182521,6.8573932640096,8.41172633116895
"TRIM7",6.36478816236259,5.77685464919912,5.88936033417274,5.63615875497389,6.17035088062347,5.15195654074678
"TRIM41",8.76666554967739,8.68240505884543,8.56292471789015,9.25275234522177,9.23420346064774,9.28331553722213
"HIGD2A",8.44152310361832,8.35696456156378,8.53437126979068,8.72588951096918,8.58722795759676,8.54985531764925
"FAM193B",9.65485346007073,9.40262010323139,9.48163927329192,9.80920070957923,9.95728532354888,9.00029043092283
"PLA2G7",6.16034128042322,6.11466471136286,5.33538540566403,5.53181738139766,6.0837061780769,5.61588662529712
"TNFRSF21",10.6700004687781,10.5629199251479,10.2737849882188,10.1491490217039,10.8806235221202,9.07561901939888
"RNF44",8.36087775999536,8.27170062503493,8.59438233136493,8.21984252896038,8.63203623817222,7.40441060627693
"MUT",9.97254627217298,10.0440063615868,10.128920947657,9.84029998197171,9.92253280682674,9.81349961608177
"RASGEF1C",6.57584372992704,6.55609522107361,5.69565584988958,6.76771609134183,6.7624132232569,5.63720988468804
"DOK3",6.22223378738274,5.92395793531019,6.0767532850492,6.41867436581111,6.67646014042819,5.86456156907527
"ABT1",8.33512167246894,8.07381404238375,8.1239092480457,8.51029238170292,8.49318086215027,8.14493855589429
"PPP1R18",9.9921828494655,9.75439210305962,9.841316490277,10.2975127195236,10.5097025158345,9.15647940677177
"DAAM2",5.46268370782665,5.55970553524277,5.53204272811162,5.63615875497389,6.01778816310778,5.67858866699434
"PRIM2",7.7827951013011,8.11834614368255,8.16648831832517,8.5290824416794,8.02121416697394,8.6321061243264
"MLIP",5.97189916146181,6.00716920758814,5.19204933581343,8.35671510430623,5.51344929562775,9.8539622010527
"HMGCLL1",9.68438424124266,9.75006558627694,9.27970077105899,8.49699128698534,9.35678384736694,8.7077928690121
"LGSN",4.7165496130104,5.00838899562681,5.0153475618871,6.72119283924033,5.51344929562775,8.14493855589429
"SCUBE3",8.94931819555722,9.03379119653601,9.21382485946965,9.0219488354814,9.36403406204377,7.9901940216119
"ANO7",4.7165496130104,4.84495094307666,5.29031095099465,5.02596345433389,4.95674843757777,5.15195654074678
"CRIP3",5.74711795931809,5.67386991742712,5.75456202992873,5.68460767469218,5.99036612397887,5.18746296578136
"TTBK1",8.96615989634526,8.64086428542929,8.71055519067675,8.46806649383119,9.11317602244787,7.09992669845435
"TCTE1",5.5207400332063,6.0388771203416,5.3782345210694,6.14439749474012,5.76091096778062,6.48070743372353
"RPL7L1",11.8691840934057,11.8732053153878,11.7873293742063,12.0041174963491,11.9032626642253,12.1282376327458
"NFKBIE",7.44981580957809,6.94904069284673,7.36043382064508,7.45669148388178,7.71369398086317,7.02596812009268
"CYP39A1",5.26254826080776,5.48441204341114,5.56693702969189,6.23608662521658,5.79433681434327,7.33981132903799
"TPBG",8.42636288355448,8.37398866355746,7.66959197425824,11.0893987298128,8.35410074742384,12.2669936028203
"IRAK1BP1",8.98899981603422,9.15173610892029,9.08952334658304,9.27736323421437,8.76778586449696,9.7798912356328
"PHIP",12.1601486975951,12.262669193088,12.3874995567198,12.2824404027383,12.2801564480488,12.3297915487145
"PRSS35",6.46838189693335,6.15796744435664,6.76238112537073,8.51218250582582,6.2287072513673,10.4718289009699
"MMS22L",8.20246030796334,8.45620037119831,8.75451427131424,8.93316606974582,8.25847445877537,9.22864467878167
"FAXC",11.1487286522564,11.2427787264084,10.881543468074,10.5104929747754,11.0012910967404,9.16109731075803
"GABRR1",5.67698376420325,5.62971160557788,4.94418431550225,4.82464481268825,5.59610890044655,4.33057497578978
"PNRC1",9.67418116518536,9.59103155520398,10.041811954874,10.6342030261247,10.0357618386044,11.0302939646405
"PM20D2",8.79051201102661,8.72498766237102,8.97483957696695,8.72426104368107,8.81445366466997,9.08050340540972
"RARS2",9.96419754057321,10.0832219271832,9.95044720322588,9.98781844853812,10.03424859457,9.7958046135381
"SCML4",6.75771729922596,6.56643692587744,7.07853172863903,6.56344602671809,7.08440384257953,5.65810362455486
"TBC1D32",9.95052687084278,9.99275109327371,9.97317393098222,9.5374512490086,9.59310976444183,9.87283801272375
"CLVS2",10.6859499779413,10.9077760057549,10.8142976368374,10.2383926562856,10.5751535733996,8.79760980043067
"RNF217",8.87545491444252,9.03912540041212,9.34063782382317,8.76601245500825,8.99822400252426,8.97951822356867
"RSPO3",7.0451330407818,6.86100086831046,6.34796986470843,10.6667169983725,7.6552779251961,12.7177847479305
"ARHGAP18",8.18091264014681,8.13177344649862,7.89521540952253,9.56041480372079,8.09603806330343,10.1407443572309
"ABRACL",8.01210136645858,8.06683790162421,8.11427230764804,8.02132969297746,8.41136279154798,6.64605828080328
"SLC18B1",9.09231650683789,8.93994519669123,8.30836671377887,9.07270163228666,8.89180758578744,9.60463763988277
"MTFR2",5.26254826080776,5.28072429172865,5.07933519419276,5.60255728389094,5.23931319139556,5.71840792780094
"SLC2A12",6.66452682316319,6.42517175702489,7.14737131843771,7.99987055854279,6.50436191355333,9.79283420864744
"SHPRH",11.2453128931164,11.4522638914109,11.2607909039788,11.3599491145675,11.1420824517309,11.5924529063894
"AIG1",9.27060389541086,9.31888923972253,9.34474682174218,9.04037448580105,8.92979271367827,9.59670981894573
"DYNLT1",10.1486429719446,10.0208525584367,9.85289735583415,10.7926202553523,10.5881009870793,11.0087034680703
"TIAM2",8.73013678680276,8.93804245124898,9.81787180706001,8.91473224694562,8.75311613028216,8.80746984176902
"TMEM181",11.0055997134428,10.931363165133,10.8864803467369,10.6172292387813,10.9134996348036,10.1874745903652
"PNLDC1",5.62750733317344,5.67386991742712,5.53204272811162,5.45558649408591,5.14598214718274,5.15195654074678
"WTAP",10.8358637302182,10.9531606098284,10.7584560889836,11.0102673346805,10.9668130333138,11.0436777755923
"ZMYM4",12.1710673853411,12.2611505696553,12.1834530600739,12.1608323862983,12.2351083696223,12.1467658036967
"C6orf211",8.63321165952193,8.64320391441081,8.62516505955278,8.93316606974582,8.75127183483369,8.88772728677559
"SLC22A3",5.22411723473243,5.17594971784969,4.94418431550225,4.71402308857299,4.91093888395682,4.76371589021208
"C6orf123",4.7165496130104,4.58878259651035,4.33057497578978,4.91404266993799,4.86095996838829,4.58127373257168
"VWDE",5.83411797820783,5.58358169504195,5.0153475618871,5.0909007841773,5.26812364332126,5.50195500208462
"GNA12",9.8362269787294,9.88442635649701,9.87578362032753,10.2194813485068,10.2080511344252,10.3430923566878
"C7orf50",9.13202452871453,8.70497427220764,9.20254636568912,9.2173432905283,9.38081060782844,8.62988390478554
"SDK1",10.2813993148481,10.1804544744002,10.4912615992217,10.0979801877905,10.0738224529419,10.1570033383375
"WASH2P",7.73905881029305,7.29056586476305,7.58093875215175,7.83985469913699,7.90272405102928,7.51563211554337
"CCZ1B",9.04158552640238,9.34351847140204,8.90693922358983,8.82188921388764,8.79130923560853,8.76963617057957
"C7orf26",8.73013678680276,8.64320391441081,8.47173911795696,8.65755998564566,8.9460000339147,8.45759277300808
"RBAK",9.87013856495545,9.971541817242,9.74049005614146,9.57040395414342,9.58279184703499,9.69439658053551
"CREB5",7.76352308206893,7.8803163866039,8.77294969540263,7.40004002884461,7.82022829088924,8.15736519835445
"EGFR",8.30558112606882,8.52128187610374,9.41286346293717,10.1271779642391,7.85172803010065,11.2807747093558
"CDCA5",6.67520758794867,6.79318972059234,7.57388309620775,8.02398951022514,6.87143231354906,8.37234968959896
"IGFBP3",7.41919597398627,7.14383672489722,6.73671357377245,9.30917507405834,6.9593212858361,10.4437067791169
"PURB",10.1948614976626,10.2798172663639,10.6238758991673,10.3293985520229,9.96524862331593,10.8144961279584
"SRCRB4D",5.29925920898593,5.67386991742712,5.56693702969189,5.61949520913034,5.46935070319513,5.47749470033185
"MDH2",11.0197636771154,10.8228164692107,10.6704180455385,10.7372993606316,10.9966377905034,10.4481175115344
"POMZP3",7.0451330407818,6.90172495385375,6.9628925018021,7.05515127625664,7.36980368498061,7.26046915862092
"GBAS",9.95263850782775,10.0181568775756,9.84856542835633,10.3437584862879,9.88440404790284,10.9833162497953
"CCT6A",11.9088615108189,11.8973578407938,11.6874248525506,11.9436119255269,11.9575432900617,11.9312605714873
"PSPH",8.46545073867808,8.35696456156378,8.95076317415032,9.17985474394037,8.9731400387027,9.5089130369257
"ZNF92",9.88679977908324,9.93675390682458,9.64212327599654,9.84554319100305,9.76903454706824,9.32231110911312
"ATXN7L1",8.75701501608071,8.94374315041009,9.01150850638572,8.60895394823376,8.63604119052241,8.56156492192857
"TMEM168",9.40936545971717,9.44205738909359,9.24053805560563,9.36033206988688,9.03504827771106,10.1290175076831
"C7orf43",8.06408889101343,7.95031121423043,7.8318023376384,7.84589062237744,8.14476585961214,7.31198940754958
"SLC12A9",8.37674317942589,7.93121104702694,7.98268170929863,8.11658201929419,8.47091812757228,8.00747740065121
"GIGYF1",9.04555205928148,8.65716216897925,8.88168823501977,9.36137875031349,9.56193164796194,8.85006784160044
"TRIM4",8.53209821877575,8.56143550191553,8.49415830819509,7.44474282247544,7.72130380530875,6.86490396630684
"MEPCE",8.78339954100118,8.57620798498917,8.84731506814658,9.06500910952354,8.96043205415915,9.24613450377861
"TMEM209",8.83475805128403,8.7897539286858,8.72008892138754,8.9802892024838,8.61590372944342,9.55172369277373
"AGBL3",7.40049822086436,7.70670276700739,7.11828713660677,6.78071837564872,6.81438320244227,7.13227778960985
"ZC3HAV1L",6.94431161196086,7.17049332813552,7.26680255576584,6.90430184754237,6.8853279124242,7.10645774094267
"TLK2",10.5552094139652,10.6084258730023,10.5287372091624,10.5875944783831,10.5917055302239,10.5512913601972
"NOM1",8.85976499569522,8.97933204224389,8.89577128390487,8.89026423806686,8.95723743288725,9.16416770169776
"CNPY1",6.26671530794524,6.15796744435664,6.11933501176659,7.62119967607547,7.03572703226692,7.82049194481516
"NCAPG2",8.57670003068496,8.55895856412948,8.82981521066513,8.99115613641441,8.42300960856741,9.26912855339561
"NLGN4X",11.4384357165789,11.4628724176905,11.1097643035207,11.1523805597114,11.2828211798258,11.4614689597642
"SHROOM2",10.1532402713873,10.123908530629,10.1583818464195,9.65390815724544,10.2516736502632,8.22384451131824
"C7orf55-LUC7L2",8.97033968110083,9.2064811610512,8.92627676657856,8.92326954298752,8.92816188818415,9.07561901939888
"DENND2A",9.8600486014929,9.80636397473805,9.73736915309396,10.0120007648145,10.1435513108355,10.2544876200762
"TMEM27",5.0958257135656,4.90491546544878,5.33538540566403,5.70027502758029,5.23931319139556,5.50195500208462
"SH3KBP1",9.79680386278009,9.74681215326646,9.32200083226283,9.31890648251519,9.74702869507624,8.40133127865555
"TMEM47",10.5565980830275,10.5089089395157,10.6769459909733,11.4918573144442,10.4615461178978,12.4580819505501
"LANCL3",6.96163830026338,7.08893281579373,6.71054607635312,7.01760602430721,6.18224393265002,7.80076358972379
"SYTL5",5.9531937412958,5.97458977678836,5.0153475618871,6.70074998087008,5.32290848716218,8.31810444853817
"CASK",12.4606221243251,12.5605670054361,12.2822745541535,11.9271097641871,12.2766423004101,11.234840254441
"KDM6A",9.63526297101948,9.69373277222339,9.58943614005612,9.77584697409443,9.75256174054367,9.79778148772892
"MSN",10.3983172678025,10.3493745663013,10.4603745566659,11.744793694141,10.435418963668,12.8625053419029
"CCNB3",6.52916670743809,6.72179300651678,6.49593802186075,6.30301855394286,6.54953549938818,5.69868419475818
"HDAC8",8.79994086351907,9.02306307653173,8.90971770521768,9.01264673655776,8.91833789714522,8.85767908140501
"SLC16A2",9.78618527567107,9.7694334360875,9.43615555057683,9.86632734775005,9.72092315364961,9.89516745765007
"ZNF157",6.85421751109717,6.90172495385375,6.43225541936395,6.3841869298852,6.50436191355333,5.7938961322474
"ZNF182",8.18813135604138,8.38242541971237,8.29138273173614,8.16794432804148,8.09895091182468,8.10057341242466
"CHST7",6.07831789081791,6.22692081198388,5.88936033417274,7.35812631090714,6.54953549938818,7.47119071522143
"KRBOX4",8.94295135294703,8.93994519669123,8.56292471789015,8.77704892531192,8.59958780847003,8.2030255287367
"NDUFB11",9.72572456602171,9.44741324418512,9.70418500432671,9.7914564070017,9.88356385669466,9.45229115221292
"ZNF41",8.52072763612895,8.59082991094729,8.69452362345421,8.56229638345275,8.66376727607359,8.44752634496484
"ZMYM3",10.9506825717742,10.7868523814269,10.9308508473432,10.952451092035,10.9766920325613,11.2468233911486
"TAF1",10.4327556246032,10.5635362133045,10.6580979345474,10.4664561278222,10.5243264353008,10.7186611773607
"NONO",12.702133026357,12.6647449800169,12.8228249968504,13.4017100044764,13.0223184321201,13.4689812777097
"CCDC120",7.21276396249247,7.14383672489722,7.29296706676106,6.83151094080255,7.22092843407769,6.17818765351574
"LPAR4",7.20556841239305,7.32643096545362,8.18960621252554,7.81545119961751,7.45940299913427,8.29019094304986
"EBP",9.82934785379102,9.66529298692154,8.90971770521768,9.43580201441432,9.75256174054367,8.75136115035332
"OGT",12.5139477249354,12.5829251676665,12.5981754972667,12.5875676161943,12.6909638827974,12.3546682288799
"SNX12",10.0186277207894,10.0190559980541,9.80152947573203,10.1455103510886,10.1986257373589,10.0172532443682
"ITGB1BP2",5.83411797820783,6.02312871455732,5.81044805857035,6.04529202176455,5.77775078358577,5.71840792780094
"ACRC",7.69392978229176,7.54964432540627,7.41691240853898,7.30611477404241,7.19357270284301,7.32874891051753
"ZNF711",11.6137409156034,11.6348565888532,11.5100698344444,11.5091812051956,11.7827659307729,11.0018628363998
"DIAPH2",7.61536167932807,7.67019955312673,8.04492768270582,7.21487597511706,7.21550017657449,7.48616102253718
"PRPS1",9.29911458154264,9.28637763563983,9.02949824907701,9.26622859606091,9.23420346064774,9.17942216068995
"CXorf57",9.22237822085793,9.27738191812508,7.78383813845146,8.26992250355276,8.48653826724274,7.12586780654062
"FRMPD3",7.51491967875223,7.82338929223941,7.79598198249195,7.44873701099171,8.02121416697394,6.38389343266527
"HTR2C",7.22704432932557,7.41780607457735,6.21973164683618,5.81805978469791,6.82887204270028,5.11466593771837
"DOCK11",10.0817280511882,10.1732034723711,10.0493803163817,10.2275346400352,10.2140779437087,9.65021593086558
"IGSF1",8.65676595333436,8.65947540614662,8.02447956926086,8.39411852373744,8.84934813706314,7.86295316522848
"ARHGAP36",5.18373077138573,5.00838899562681,4.63910910251109,4.87127988604197,6.25130538879973,4.33057497578978
"GPC3",6.77757659703764,6.64638115531134,7.1945286559471,8.04247056979435,7.94548833548063,7.44588042081582
"RBMX",12.4658041214882,12.5026250881464,12.6167541890408,12.7721729947661,12.542183017368,12.792764147629
"MCPH1",9.54014449831249,9.68921995774576,9.59806546082088,9.55493684114571,9.60641352882846,9.41541578447011
"MFHAS1",9.46370277656609,9.41770647442367,9.6454571872689,9.53002492303383,9.74887540497352,8.98473947019248
"FBXO25",9.24496978420086,9.38039026103092,8.86746584518105,8.95830584158016,9.17496157203403,8.53804933581426
"FAM58A",7.83448214704925,7.57459293577644,7.53079143157882,7.93631157952285,7.9060596315197,7.60051823044533
"NSDHL",9.17610269365232,9.2408261735256,8.93993177466995,9.24028730143564,9.49747505963233,8.86336117651026
"ZNF185",7.02061302111871,7.17707819150479,6.54174004934149,7.3149188509121,7.47755893523241,8.18796695439066
"CETN2",9.98497940381223,9.89033522483635,9.62364758391196,11.191421410547,10.2200796665712,11.9918477315579
"GABRQ",6.22223378738274,6.02312871455732,5.3782345210694,5.0909007841773,6.01778816310778,5.07532107295397
"RPL10",12.3382118484196,12.2514315833408,12.5912813179898,12.9383559317151,12.7245317779206,12.8670997702527
"CSGALNACT1",8.70022975884059,8.65484519824644,8.31678371072775,7.1814751206461,7.82376295836512,6.44923337026561
"ATP6V1B2",11.5762415590456,11.5035801601039,11.2037336473552,11.2025513081857,11.4898618104693,10.9093931824054
"CCDC25",9.8362269787294,9.85853759482996,9.49648684740581,9.82597151037258,9.63665363709234,9.94596241040983
"HMBOX1",10.0074986531387,10.065924343776,10.4603745566659,9.88026210662749,9.96524862331593,9.82517673036714
"CHRNB3",5.40082433975998,5.55970553524277,5.29031095099465,5.17826991240815,5.76091096778062,4.58127373257168
"CHRNA6",7.18375548402539,7.13031363970509,6.72369361431858,6.64465633337608,6.87143231354906,6.15160304901779
"GNRH1",6.111792441977,5.71625300812078,5.91449335713677,5.99848057344674,5.79433681434327,6.30320502760512
"BIN3",8.21664703408512,7.95031121423043,8.1239092480457,8.46611726391436,8.43915772375497,8.46509646646879
"SLC25A37",7.62609313702697,7.70219100840178,7.90084240602467,8.56411924472429,7.80242174547315,9.23303709742854
"CHMP7",10.105645490112,9.98264645003719,9.89130974656769,10.1606112678046,10.3015817291202,9.8212948614334
"DOCK5",7.2895535690056,7.36714293893297,7.44043827095953,7.91352177677454,6.92618409152662,8.42204650244722
"STAR",6.14437114006863,6.12926986364968,7.10845497857026,6.06802763232559,6.36884173554423,5.40006335275449
"PROSC",8.92152259713283,8.87777248379803,9.10898779625106,9.41780519104758,9.34217297647732,9.42312302073265
"ERLIN2",10.4350225350679,10.4554550553221,10.2919746040309,10.6514069757271,10.3504281401074,11.3797321820754
"SNTG1",8.90851034575629,9.12857440067687,9.41090534445228,8.79111522129111,9.19407706382981,8.16661474546285
"PXDNL",6.26671530794524,6.53516475243763,6.09823090651264,6.24586930570413,6.45757155210179,6.20421240927874
"ST18",8.84390190897892,8.82519898215955,9.93418630645876,9.56041480372079,9.16945304380747,8.12609347112724
"RGS20",7.44374501965757,7.45598363703094,7.68275068519138,7.57820342012802,7.04805835811577,7.13227778960985
"TACC1",10.5517318800107,10.6373992874779,10.7170895646172,10.2721539959892,10.3870444795574,10.2780395835283
"GOLGA7",10.2474048576142,10.1748179604442,10.1490196943792,10.3941992893633,10.2040192207196,10.3804966807933
"PPAPDC1B",8.83704947571897,8.61487346962936,8.75451427131424,8.73562172871382,8.83549185548443,9.34953233150707
"GINS4",6.32368052195683,6.2134331229608,7.05821634900997,8.13882100771673,6.87143231354906,8.68870837862989
"WHSC1L1",12.8018005289358,12.853686544699,12.8336366350323,12.480593552604,12.7192460747456,12.1219426002412
"TRIM55",4.7165496130104,4.77662214806139,4.86296472820736,4.82464481268825,4.74232802187034,4.88837907797739
"ADHFE1",6.17610689899361,6.26653250017841,5.53204272811162,5.47521948736164,6.17035088062347,5.65810362455486
"MRPS28",7.13148432506259,7.29660770278445,7.17585758764933,7.42053615052125,7.21005064912976,7.61870787941855
"PMP2",6.40461685682177,6.36646410882688,9.04221169520246,4.95373220111794,5.81067810207035,4.33057497578978
"LACTB2",6.22223378738274,6.40200899166213,7.04794528740955,7.11722758116921,6.8573932640096,7.54449906108898
"TERF1",9.62735158112343,9.83626256461779,9.33238448296789,9.43679527455234,9.59413750369727,9.73210302090751
"RPL7",12.6366860448441,12.6348602590785,13.0550780724616,13.4079227122891,12.9027578186056,13.639595363061
"SLC26A7",6.111792441977,6.06976574579927,5.49586482724437,7.83985469913699,5.42310223496893,9.41154664392642
"SYBU",10.2239969930227,10.2200869732543,10.122955833122,9.77663147410939,10.1665249788479,9.91897360635857
"MTDH",11.1720163730775,11.193069488983,11.0060073255216,11.1323034504757,11.0349642344015,11.099212966122
"LRP12",10.3454685279972,10.3727722287598,10.4112995522247,10.4508182201661,10.5673289618378,10.0924486444491
"EBAG9",8.42636288355448,8.59567095972145,8.44513237632328,8.67284018235232,8.30204624176601,9.06580021591101
"RSPO2",7.0612404615827,7.25375484327826,5.45827589049947,11.2153321792356,8.1191760897541,11.802611176576
"POLR2K",9.47990508894047,9.52164628551333,9.3570039283551,9.72878886585053,9.60437477464621,9.57496892079501
"MAL2",8.77146661305494,8.64086428542929,8.07506041228118,9.1869586278367,8.36622061183977,10.8751778384994
"EIF3H",11.0526099432649,11.0570271056318,10.9267486146916,11.2963035681835,11.2860027280232,11.1967849632149
"UTP23",9.35768852306139,9.37618369136868,9.28398714281601,9.03906616657387,9.06057327763718,9.01056510285078
"NDUFB9",10.3055536029592,10.161036840432,9.95582699333396,10.2067345910224,10.2940151021471,10.0307618033088
"TATDN1",8.16270466126642,8.43473434811985,8.06007361605457,8.27438946005318,8.11054322171175,8.05810465205392
"FAM135B",4.80259831140558,4.95891832408665,4.33057497578978,7.23360799486408,7.10222383794015,6.05371984338478
"ZNF7",8.95986735118201,8.99222485963511,9.0673063941228,8.99790650815583,8.9919939082137,9.28331553722213
"ARHGAP39",7.75378797125387,7.18363196230543,8.05504282183853,8.03457943030103,8.1191760897541,7.73155801716285
"NAPRT1",5.72424503540458,5.53524434648493,5.78285907365734,5.96211569431352,5.94799804642505,5.61588662529712
"VLDLR",10.5335122788441,10.5349107955955,10.6874912859027,9.89334033733624,10.3888215168985,8.91168725703185
"AK3",9.81549031266684,9.85148735635476,9.98769080486723,9.93187778899974,9.88608296249252,9.87751859278374
"UHRF2",10.1169864364168,10.1884686047708,10.3915891521988,10.3002424211573,10.3394432357877,10.0231788203089
"NFIB",10.1696702215018,10.3978712895319,10.990369151816,11.3996839244988,10.5798280439187,12.1136384630086
"CER1",5.04742567774093,4.84495094307666,6.05488661074004,5.4150421589993,4.95674843757777,6.69981722026509
"PLIN2",6.60979856227587,6.66563710439642,6.51138402021999,7.85489669964497,7.0723947844243,8.20601829769583
"HAUS6",9.66519382190785,9.78008193641666,10.022715374047,10.1713868209611,9.80142583879644,10.4506318863135
"CDKN2B",7.9749660378048,8.02064177406534,7.3271073717309,6.33065288233021,6.7624132232569,6.59953871009217
"CDKN2A",6.09517066737624,6.08491777140764,5.56693702969189,5.05921631031587,5.67254547946021,5.45239055899795
"C9orf72",10.0216480691921,10.013652844269,10.0098423200902,9.92127587986723,10.0523035245676,9.66437163844004
"ZCCHC7",9.37826802850178,9.48435674816056,9.18201965184832,9.15591864530993,9.42769397298367,9.06086556910967
"FBXO10",7.75866388103475,7.94270187356128,7.56679197810507,7.98082501356993,7.9711801799876,8.03806895081865
"SIGMAR1",9.21006505668413,8.96445445598059,8.89296569000798,9.30591659991689,9.37124795580525,9.44600031136112
"CBWD5",7.69392978229176,7.67019955312673,7.60189652432882,6.58609309898638,6.53165229568474,6.83346059421358
"CEP78",10.8081513273571,10.8857692116422,10.6473347077511,10.7461344000003,10.72474896638,10.682753890212
"NTRK2",13.4703779686867,13.5058258982576,13.9395139473952,14.0538604326005,13.3625569049834,14.8297512684511
"IDNK",6.81643943712401,6.81046349923715,6.52664985962964,6.43557845627955,6.36884173554423,7.31198940754958
"SHC3",10.152321983467,9.90402910797277,9.72008231531327,9.53930186408273,9.42075802904368,9.76683097032713
"AUH",8.41104054542838,8.60049573085151,8.34996531350985,8.23137932875426,8.4183622368912,8.12925164032365
"HIATL1",9.00538575784659,8.98855297640755,9.13532862400988,9.62283122685404,9.31499513546089,10.2239450449381
"C9orf3",9.06326734294693,9.09653218965331,9.11621961141978,8.89171511871018,8.93467412085408,9.47841669041785
"ZNF462",12.3793956267856,12.5608756342335,12.8510570976352,12.6040060261256,12.7142952179918,12.0400110197952
"INIP",10.0436060270162,9.97432600531415,9.87861902033256,9.96253432291533,9.71904025043843,9.81154419911604
"UGCG",10.8064014949049,10.7645138903563,10.4317095583104,10.1695964786781,10.5906765797057,9.27055355955797
"SNX30",11.2517562048622,11.3015837101194,11.1786544448502,10.913053500683,11.153624038849,10.2414770832742
"STOM",7.0451330407818,7.26613346708606,7.01666422632071,8.12155403783591,7.28963530626763,9.19601740731215
"GSN",8.70274593815867,8.56884075769906,7.71512204712023,11.074808798528,8.84070362922729,10.817908105035
"MRRF",8.6411061146322,8.61963421594228,8.59783542490088,8.70622496032076,8.64997117320766,9.02584078795647
"NR6A1",7.4376478785882,7.72904846965339,7.70870670740222,7.85489669964497,7.77345828366695,7.62771562040674
"CRB2",8.90851034575629,8.44282183317067,9.74981241666393,10.6027091048067,9.1722099434197,11.0248211190148
"ALAD",8.67482244167284,8.43473434811985,8.56997514870699,8.56047120294117,8.79130923560853,8.37766287611289
"ASTN2",10.2482645600141,10.2371860003864,8.78207944247593,9.02723743518759,9.97632385144742,7.51076291506911
"WDR31",7.12385340854776,7.08893281579373,6.90692282347899,7.96429510918995,7.58601778618675,8.82504918771244
"POLE3",9.1170265857431,9.20806020534668,9.13532862400988,9.4989800990764,9.3137475060278,9.36562143148929
"SURF4",10.5881738961273,10.4293194105675,10.494960926303,10.990125171745,10.6614768503891,11.518895969629
"GBGT1",5.04742567774093,4.77662214806139,4.86296472820736,4.71402308857299,4.74232802187034,5.11466593771837
"SURF1",8.54337936186997,8.48780839229266,8.4297037653274,8.45436588749645,8.17543212017706,8.73077909581354
"SURF2",7.46787238298213,7.3498397812423,7.61569752442371,7.8337930208669,7.88930295088665,7.67191294711084
"SURF6",8.55178237037359,8.49300929790695,8.33761216785268,8.57138761546195,8.92162002498518,8.78768162709428
"MED22",8.94719904553425,8.59808537311085,8.88733802173831,9.44964570712947,9.41611543945618,9.5841630018552
"REXO4",8.51787084776974,8.36550191101615,8.48299253765297,8.80350402162126,8.92816188818415,8.67152878308542
"RPL7A",12.9595526859234,12.8560776965966,13.3288126611203,13.711128068315,13.2976045002471,13.9977908149909
"GTF3C5",9.88900679376735,9.67445493269953,9.87009603223881,10.3405797251361,10.4117259098397,10.0786958229421
"ASB6",8.66711173835655,8.38522666370381,8.42192671374476,8.76917439345354,8.92325828344737,8.4348430554223
"PTGES2",8.82786177418644,8.47472297771754,8.75141856655928,8.77547746818291,9.23815525724378,8.20002648018411
"NTMT1",7.90206434329552,7.49315139052759,7.80802279742507,8.2244684261654,8.13911874261562,8.36166381032946
"CIZ1",9.61406862449296,9.44071530760352,9.68162994925216,9.79300809192262,10.0701351336833,9.66437163844004
"SLC25A25",9.89231099251154,9.5267147414078,9.72008231531327,9.51128986746541,9.86495464787306,9.17181514202344
"SH3GLB2",10.0436060270162,9.70047560481704,9.70098438789616,10.1991491054611,10.2033461375987,9.71022767200127
"FAM73B",8.6146206254352,8.18103058476055,8.23029881608044,8.45829372797316,8.65392646467941,7.85532673182994
"PTGES",4.93817568778476,4.58878259651035,4.7660846074949,4.82464481268825,5.03903521958369,4.58127373257168
"LRSAM1",9.36722331489961,9.1335691036514,9.14949567740877,9.06757785674507,9.30999811798254,8.77366590609715
"GPR107",10.9564797341233,10.9935067073711,10.6322979154888,10.8361507578369,11.0159283046443,10.9645280805155
"C9orf142",7.9749660378048,7.33232000194245,7.92864829383441,8.10156120849626,8.49318086215027,7.26628849061589
"INPP5E",8.13308036283113,7.78980488734531,8.01414446739986,8.27215772536701,8.51944771280452,7.77672179555769
"SEC16A",10.3534804246031,10.2768136242211,10.8231527296166,10.4819262792909,10.4637958316395,10.4386493675432
"DPH7",9.30077422707913,9.01586628446346,9.0821557501178,9.45357673051805,9.54076495614395,9.21093973016392
"NOTCH1",9.22587700764999,8.80236402807747,10.4903352828229,10.0086662698071,9.5396984136465,9.38548326629805
"CACNA1B",10.7810844430716,10.5739730180113,9.7804584912872,9.54022628087655,10.4604199435594,7.42529865342838
"NACC2",9.04158552640238,8.75557564791784,9.31573450692466,9.40872173783736,8.98416814546324,10.1738421614607
"PROSER2",4.87482195210638,4.90491546544878,5.0153475618871,5.0909007841773,5.11210946503177,5.25394328805817
"USP6NL",9.95580017467358,9.95472280895741,10.0150053440894,10.1406444613703,9.70958865295953,10.355892157797
"COMMD3",7.53216479117351,7.81088806238494,7.76542522490381,7.67995506057944,7.85518527529004,7.24286392443478
"MSRB2",8.88434428296179,8.86980836905748,8.84731506814658,8.39411852373744,8.4160328858863,8.58470123776043
"PDSS1",7.65257060002704,7.79404665123918,7.72786621708424,7.33668941949539,7.52631239207789,7.03285808344634
"FAM171A1",10.3959918694741,10.3190358946643,10.1169659359782,10.5236328883263,10.7576674554692,10.1570033383375
"FAM188A",10.6382183124969,10.7751944263285,10.587090110311,10.4369945487089,10.84698054509,9.95926965697899
"SLC39A12",5.36825224778896,5.05426032044833,5.19204933581343,5.56781120866857,5.32290848716218,5.77550668699715
"RSU1",9.71953660687733,9.7381002513789,9.76061282904259,9.67088782495244,9.27964623322372,9.67085843112171
"ST8SIA6",6.71709701753066,6.72179300651678,4.94418431550225,4.77291247508709,5.77775078358577,4.33057497578978
"PARD3",10.5503385151132,10.6114091529905,10.6331374184695,11.1460226490175,10.7636142455473,11.4539705182033
"ANKRD30A",4.60390596466056,4.58878259651035,4.63910910251109,4.77291247508709,4.91093888395682,4.76371589021208
"ZEB1",10.9148603626982,11.0653180176271,11.2689151024008,11.5825344853581,11.2580853469998,11.9317105189767
"FAM13C",10.6030344286133,10.6226896688135,10.2802310857512,10.4615874729279,10.5483748490582,10.565860127703
"NRBF2",8.8821270892434,8.84767674792207,8.68481806014692,8.67452798629983,8.85450999374424,8.36434276505752
"CDHR1",4.93817568778476,5.48441204341114,6.399200953035,5.15028716110163,5.37441071259404,4.88837907797739
"RGR",4.33057497578978,4.77662214806139,5.83737023149546,4.33057497578978,4.99924798284876,4.76371589021208
"POLR3A",10.7358345147481,10.8041645172617,10.587090110311,10.5043513643839,10.9200678007062,10.3322247475664
"HERC4",10.6960658705804,10.7815649892943,10.5679002905063,10.4064118792821,10.6085780759477,10.6736356270303
"C10orf11",4.99520527768772,4.95891832408665,4.63910910251109,5.93722994218226,5.11210946503177,6.63688382412144
"CAMK2G",10.479628111844,10.366428605727,10.3172696055077,10.2502992533526,10.5275561547138,10.2039632855893
"GLUD1",11.6213906122653,11.683004869522,11.7358993033097,11.6869508810554,11.6517728396385,11.7242626436846
"ANKRD1",4.80259831140558,4.33057497578978,5.33538540566403,4.99090412180236,4.66714835127326,5.3153992589889
"HTR7",5.81299943796065,5.79633174395148,4.63910910251109,4.82464481268825,5.32290848716218,4.76371589021208
"RPP30",9.28409104649794,9.30567764957881,9.20028002284891,9.38832878921388,9.24340750001182,9.02752811531534
"FRA10AC1",8.96825130732817,9.12857440067687,8.98277629335664,8.63346271002315,8.86818499416702,9.09505785200406
"ADD3",10.0671847850706,10.1438292079362,10.5555542866975,11.946402099734,10.7001538917267,13.0346979932794
"DNAJB12",9.53451472618957,9.41086861783338,9.44575050020637,9.47887015554612,9.49967073203219,9.58759571164396
"EIF4EBP2",11.7949518536808,11.9056436919658,11.8406271376955,11.8786323320616,11.7260358674753,11.7934804667887
"NPFFR1",5.72424503540458,6.22692081198388,6.49593802186075,5.37262261357025,5.65395698090973,5.11466593771837
"TCF7L2",7.65257060002704,7.8066964050237,8.04999422004313,7.74932133463393,7.49102369857769,8.36434276505752
"MKI67",9.06522230888423,9.28038674039384,10.7707144713428,11.1423769354609,9.42999855131585,11.5718165563078
"INA",12.757966085119,12.8533086318487,12.1774237270446,12.5172964341635,13.0068801697833,10.7542051078755
"FUOM",5.67698376420325,5.40267998277688,5.41912560421338,5.74594758405598,5.61575483702208,6.62764561149741
"LRRC27",9.26721227218681,9.14185527546816,9.09685340733888,9.80689858718647,9.62664395612917,10.4386493675432
"MTG1",6.94431161196086,6.85270764240235,6.83657729618024,7.13731522744772,7.06028027309134,7.51076291506911
"PAOX",6.14437114006863,6.05442078166421,6.20029399103025,6.96212547747526,6.7774670989655,7.26046915862092
"GSTO1",7.0451330407818,6.93345017433381,7.3271073717309,7.42865150172668,6.65202739144907,8.10378848219492
"TAF5",8.30226088705486,8.22864613726104,8.26116683070521,8.21520161482096,8.38063033373842,7.60964233684129
"PPRC1",8.90195978674521,8.97748073945348,8.96685881515553,8.76284354155449,8.76960909262907,8.76559509945436
"ITPRIP",5.9531937412958,5.94108086001497,6.399200953035,6.64465633337608,6.54062432223393,7.51563211554337
"CNNM2",9.79680386278009,9.93770524360187,9.70098438789616,9.37284230119462,9.76812431415303,8.50931204445061
"PDCD11",10.5335122788441,10.5152942161891,10.556439657713,10.7401163843926,10.7507751676461,10.9194107432969
"ADAM12",6.2520628250378,6.19979772223188,6.71054607635312,6.74132882678262,6.3482640446452,7.44588042081582
"RGS10",4.93817568778476,4.77662214806139,5.3782345210694,4.82464481268825,5.11210946503177,4.33057497578978
"BTBD10",11.339468428144,11.4294583553001,11.3193323145858,11.0597476929177,11.3955126533603,10.3363097050879
"ADM",4.60390596466056,4.84495094307666,5.19204933581343,5.20526093226038,4.95674843757777,5.37273133131448
"GAS2",7.33630691398512,7.37856072812948,7.15693190923556,6.72119283924033,6.95275775737551,6.92569080701315
"SLC5A12",5.14109345202186,5.2124335202594,4.7660846074949,5.83193623690723,5.37441071259404,5.40006335275449
"LIN7C",12.4713356832985,12.5053536494871,11.9561509427303,11.907018911518,12.3029491442612,11.2786538949447
"LRRC4C",11.056540958876,11.1790635350733,10.5991701950307,10.5650753033862,10.9794460705376,10.0491317810197
"IMMP1L",7.94539845021997,8.11158483754391,8.13824378640928,8.23596810912026,7.96799393447305,8.32911917638599
"PGAP2",7.77800158699728,7.58935303296618,7.61569752442371,7.61412392885074,7.83781430859603,8.08438851703836
"TUT1",6.2372372059446,6.0388771203416,6.6427968877454,6.86231554612004,6.83605876652294,6.6642196588643
"ZNF214",8.54898683365936,8.59082991094729,8.27851112581537,8.82948082453817,8.4183622368912,9.33326142907186
"ZNF215",7.50330448909053,7.71568339177883,6.55665892062138,6.18598823092721,7.27928293246356,5.93108273336772
"HSD17B12",10.9506825717742,10.8773673645829,10.7881553480122,10.460123665482,10.2013250009376,11.2690714536444
"APIP",8.61194499442317,8.73598687261204,8.7295597801929,8.68125943046127,8.63002956351772,8.67584299192599
"PAMR1",5.36825224778896,5.48441204341114,5.2426758087291,5.37262261357025,5.26812364332126,5.61588662529712
"DGKZ",9.3351920364119,8.95695754193457,9.24494245320358,9.26062881467176,9.57968200736109,8.49960353026931
"EIF3M",11.2024931315993,11.257706236547,11.2205864826972,11.2889026693898,11.1702486498217,11.5305279870605
"TNKS1BP1",9.2773632647865,8.79186331260931,9.17972072930523,9.57762553306173,9.55032847186453,9.30433728213604
"SERPING1",6.66452682316319,6.86100086831046,7.0271704621372,6.89243729035956,6.72402496561255,7.46112122694523
"SSRP1",11.1935960268764,11.2073351256429,11.0525572440042,11.7483954599611,11.5150257955139,11.8536044926169
"SLC43A1",5.6018543074561,5.92395793531019,5.3782345210694,5.88579523582229,5.77775078358577,5.25394328805817
"PTPRJ",10.2568335094236,10.2609410253993,10.2020402856007,9.83654312030927,10.0567821463885,9.840600491338
"C11orf49",10.1338323233728,9.87948372819375,9.82964181855436,10.2090605807152,10.1623750841533,10.1531487501173
"ARFGAP2",10.9835734426557,10.8753833264746,10.7979207388197,11.0671376710387,11.1169329701078,10.8386921513669
"CELF1",11.8742038616916,11.9318907907462,11.9618416020518,11.8853726443388,12.0463340686541,11.7505144143209
"C11orf73",9.19942642477404,9.19697034292977,9.31991508587784,9.5244299463107,9.45849889150967,9.42312302073265
"CCDC81",6.46838189693335,6.2134331229608,6.399200953035,8.41043380959953,6.56717883825407,10.0147062367532
"SESN3",12.1200957300017,12.2588696329147,12.8534000295158,12.6946410286233,12.2747218784874,13.6238802254029
"ENDOD1",10.0652345509429,10.0737339493309,9.90667041293327,8.80812242009165,9.65055138538122,7.86295316522848
"CCDC82",10.692280720613,10.7978932113485,10.6111499357256,10.2321164061394,10.4157987219728,10.3532068883963
"KLHL35",7.36233757036877,7.10977802219848,7.49384682798959,7.75895930936259,7.61085210505094,6.56110919235617
"TENM4",11.0624174680542,11.1362107469983,11.6637955923088,11.2853256856344,10.9829792674348,11.5989833427311
"SERPINH1",8.05621313627249,7.93121104702694,8.75451427131424,10.0636871751008,8.8867781799847,11.4766583077925
"CAPN5",8.38931017155583,8.31643631995126,8.15713539366096,7.97533633310703,8.63803948388853,7.51563211554337
"INTS4",9.54715091501571,9.64562824645252,9.60493189632962,9.67088782495244,9.69337728113903,9.60463763988277
"PAK1",11.2082469606196,11.2245814602208,11.0619390253535,10.7910687527339,10.9420171095345,10.5145126971357
"RPS3",12.0899683056373,11.8954012929052,12.073346705447,12.8165963094266,12.5472297721676,12.9612313992202
"ZC3H12C",10.9575312649602,10.8946122617653,10.9376620811835,10.758889519074,10.5999108127446,10.493938306119
"TTC12",6.84487119178406,6.88558122958182,7.82589467947357,8.19412899676964,6.91270089209392,9.43714671615689
"NCAM1",13.6959702937209,13.7271167623454,13.7769971592678,13.0944505935525,13.8132560905496,11.4302834661861
"DRD2",5.89520136979655,5.83429039028268,6.52664985962964,5.3049269085433,5.94799804642505,4.68467332000649
"NPAT",10.0326688538208,10.2639778789644,10.2411150245166,9.89839444111024,9.99744587741879,9.77889079107673
"ATM",11.7179331300859,11.9019940345837,11.9598356963013,11.7819758202331,11.6870977031113,11.9131466171675
"AASDHPPT",12.0959488469366,12.1535340000471,11.895877763922,11.8252514834808,12.1326285780128,11.4296464563434
"GLB1L2",7.12385340854776,6.97209839855342,7.47879312224272,10.1509649191759,7.58601778618675,11.1824876895514
"SLX4IP",7.82057125999519,8.08075623765708,8.02447956926086,7.96152137609717,8.16713366873259,7.81656814366023
"LAMTOR1",9.27904815998446,9.02485666225303,8.8646044017896,9.431822109736,9.46300706306253,9.4560525101417
"P4HA3",5.22411723473243,4.95891832408665,4.7660846074949,4.71402308857299,4.86095996838829,4.88837907797739
"GRIK4",8.09900146138285,8.0876648197721,8.49786099064325,8.42455884077224,8.50856160689741,8.66720157104918
"HYOU1",11.2649818705599,11.1898800965766,11.2999050921089,11.5903601893469,11.4401779029903,12.3718467196507
"ADAM33",4.60390596466056,4.84495094307666,4.63910910251109,4.87127988604197,5.23931319139556,5.07532107295397
"CSRP2BP",9.77906250229881,9.81156335476632,9.29677021609139,9.71248173990032,9.77357710807641,9.41412722557302
"DAK",8.12557726315472,8.16153107573027,8.06007361605457,8.43456356962741,8.47986475144536,8.38295642421106
"MTA2",10.6375623484743,10.4699919299442,10.8068766360022,11.3481286051237,11.1197887332805,11.1254122717151
"TMEM138",8.66194816560455,8.80445499341524,8.55938646576936,8.72263072779628,8.81974215812213,8.82116120961703
"FADS1",11.2628568835001,11.2523653991188,11.3735825500934,11.553776443251,11.8399491826991,10.8056852297825
"TMC2",5.46268370782665,5.2124335202594,4.94418431550225,4.55239249687834,5.11210946503177,4.58127373257168
"ROM1",5.04742567774093,5.09718127405855,5.19204933581343,5.39408088420441,5.07654591073903,5.81198514857821
"EML3",5.6525384434395,5.45795213323723,5.98677983682015,6.63025606291703,5.84266003333913,6.73449250527301
"INCENP",8.13308036283113,7.87632492610492,8.58048625117165,8.71772864628175,8.46417132397453,8.5404183190413
"ZP1",4.99520527768772,5.09718127405855,5.0153475618871,4.71402308857299,4.66714835127326,4.33057497578978
"MS4A3",5.81299943796065,6.02312871455732,4.33057497578978,4.82464481268825,4.80549449477315,4.33057497578978
"PLCH2",8.35448204461937,7.91574418510972,7.3438698231556,7.67995506057944,8.23485823418197,6.38389343266527
"FRG1B",9.38766796890965,9.44473780616689,9.34063782382317,8.43256820435577,8.78411221189615,8.72037639674823
"CPSF7",10.1778155163843,10.1454769068278,10.1757736941984,10.1962209518909,10.285136892559,10.2017258997138
"B3GAT3",8.39866358208397,7.86024605995143,8.20783497667597,8.32046931273056,8.56638861486144,8.22679405530618
"EI24",10.5697241742554,10.438756027441,10.2444155325495,10.5458836101829,10.6217339516336,10.4354794548096
"CCDC15",6.82598312485697,7.04627361157714,7.55966503163793,7.3750425574174,7.06635083100479,7.65439943255611
"CHEK1",8.144261606223,8.42660095928725,8.6081451264466,9.0980503178252,8.09311925753903,9.46105242302031
"FEZ1",12.3076163244037,12.2745728151789,12.0822867779323,12.1417877547541,12.3160804598508,11.4480064848613
"ESAM",6.39147731265288,6.43659925234347,6.3126379774091,6.01035734573399,5.7264309006772,6.11061427847656
"KIRREL3",9.73557036276821,9.49215142528393,9.74826287174624,8.13636704446471,9.12460887615627,6.45980961472376
"SCN2B",6.90898517037246,6.77569217432756,6.03261425473495,6.33973246271108,7.12563200576146,5.65810362455486
"SIDT2",8.99311383673768,8.75989266782807,8.72640976160702,9.10806605285834,8.97155766849428,9.50043893859807
"TMEM25",9.4200928379801,9.18899636962307,9.11381304264582,9.26399129666955,9.68085611141078,9.02921346567643
"TAGLN",7.47384006337657,7.08191392230372,9.27755278995927,10.1265628519621,8.1076539584255,11.6667715085273
"JPH2",4.80259831140558,4.58878259651035,4.63910910251109,5.43553531135657,4.56883750728876,6.79310186108496
"DUSP15",5.97189916146181,5.43072800972915,5.60065691610817,5.3049269085433,5.76091096778062,5.65810362455486
"COMMD7",9.44131082347357,9.30567764957881,9.14006648893158,9.26175051487158,9.48755290494356,8.93165377732011
"C20orf144",4.80259831140558,5.00838899562681,5.0153475618871,4.82464481268825,5.32290848716218,4.68467332000649
"KIAA1755",4.93817568778476,4.84495094307666,5.0153475618871,5.47521948736164,4.91093888395682,5.69868419475818
"SPATA25",5.57553933579376,5.77685464919912,5.88936033417274,5.92458453824114,5.84266003333913,5.89830401412361
"OCSTAMP",4.87482195210638,4.69525161239808,4.63910910251109,4.33057497578978,4.33057497578978,4.94087121374919
"DSN1",6.9872241670526,7.06064047442664,7.3271073717309,8.17274100746512,7.14865083799489,8.64976109989153
"SOGA1",11.5229014807244,11.774466928436,12.0714900979904,11.1091441129726,11.2574371719512,10.3247054703481
"CNBD2",5.3344412562722,5.13762512309315,5.0153475618871,5.17826991240815,5.39908280147121,5.45239055899795
"CDH22",7.65780710654654,7.53953995283721,6.94077887024594,6.7346503210604,7.65129641608071,5.18746296578136
"LSM14B",10.0989885050237,9.90888842243682,10.0841833047062,10.200318703871,10.4256422105541,9.73313646702429
"YTHDF1",9.67546050762624,9.47520932457406,9.49278927708468,9.96735194365667,9.86920516022983,9.94239296562815
"CABLES2",8.97242502650014,8.9456383719798,8.61156529937367,8.64556191386529,9.19543279022115,7.96563953632003
"ORAOV1",8.1845265564615,8.20978982772904,8.05504282183853,8.17513332165389,8.35166441534884,8.43738870961499
"TRPT1",7.8298603072803,7.53953995283721,7.97736969900184,8.30090221630662,8.00265669129451,8.11019697759067
"NUDT22",7.21992247057651,6.89367700381847,7.36864289908543,7.62472430504499,7.27407779684721,7.73155801716285
"FERMT3",5.26254826080776,5.2124335202594,5.3782345210694,5.3049269085433,5.23931319139556,5.18746296578136
"PLCB3",7.43152415055498,7.04627361157714,8.05504282183853,8.77075275667069,7.87234646332605,8.68443271246741
"MRPL49",9.71953660687733,9.6479557234452,9.66530026781542,9.80843374395591,9.76903454706824,10.1485096001525
"CDC42EP2",7.25517290337706,6.92558771782441,6.52664985962964,6.91606405592489,7.41295937702227,6.06819675099262
"FAU",10.4619510966718,10.1651038025704,10.7507413536114,10.9290124415235,11.013243113629,10.6182404629087
"TM7SF2",9.30077422707913,9.26074234505838,9.10656909142671,9.70425845026474,9.9331280223752,9.47594886029437
"VPS51",9.22936731070843,8.77062879715972,9.62702447013151,9.60791970662169,9.67114985691451,9.04429341443123
"TBX6",4.33057497578978,4.77662214806139,5.0153475618871,4.82464481268825,5.17836802896297,4.58127373257168
"PPP4C",9.5274464300432,9.21592954677477,9.37519615884468,9.97283815281677,9.76356450602476,10.0795084542657
"ALDOA",11.8663877672568,11.4243788139954,11.3584345800103,11.2482115958222,11.6351534628263,11.1480495142537
"FAM57B",7.45586048096702,7.44518124642502,7.88956606158594,7.30611477404241,7.84130553442437,6.21702304029175
"DOC2A",7.69901571886135,7.59910803920834,6.89544820275353,7.31930017347531,8.26626066297188,6.13809210754304
"HIRIP3",7.8436809557428,7.68399881186436,7.56679197810507,7.73311098382377,7.96799393447305,7.67191294711084
"TAOK2",10.3195271549965,10.011847283373,10.191818965242,10.2344018410685,10.7406065254011,9.86720117937508
"TMEM219",8.72519533274996,8.36833642053032,8.77294969540263,9.38318510895374,8.95403569860274,9.55523447768591
"HMGA2",5.36825224778896,5.7368316223205,7.84937931103585,7.41237359937797,6.10909595759182,6.6089740508496
"CNKSR2",10.3063793357407,10.4020123207345,10.3625218616087,10.4419467998551,10.3691526147742,10.6165620779558
"CNTN5",10.6596994331513,10.8990135386052,9.87861902033256,11.260315660098,10.1609891273432,12.5147385481334
"MKX",5.54851785949931,5.77685464919912,6.86043252493434,6.94503376153132,6.31676160488645,7.34530990145589
"MPP7",8.18091264014681,8.09796538318799,7.40100650295854,7.54507410269512,8.01505514946301,6.53153329507253
"ITGB1",11.1445797409219,11.1874834159226,11.3533497006004,12.1575251977508,11.2882256439283,12.9699101820846
"TRIM48",4.33057497578978,4.90491546544878,4.86296472820736,5.28112095084593,5.23931319139556,4.33057497578978
"PCDH15",9.65873979686973,9.81984354420243,9.55261775317147,9.84853076892577,9.9110348008929,9.04762315352636
"CTF1",4.99520527768772,4.69525161239808,5.60065691610817,5.3049269085433,4.86095996838829,5.94713050764567
"CWC15",10.0855816054522,10.0536913516516,9.95716880956863,10.1290217280497,10.0582719338506,10.0738103923701
"ARID5B",10.2117083079263,10.3204951596704,10.693942581855,10.6951998673303,10.760415174906,10.9419224584389
"KLHL1",11.6124063828558,11.5614864544801,10.5801415015028,11.0039193627048,11.4381773869974,8.23560635357831
"CDH8",10.9742523319721,11.0491283534828,11.4484558196729,11.5644861217766,11.7388625435502,10.8434830265745
"DCUN1D2",9.07107131742683,8.87379594221807,8.73270290508688,9.0980503178252,9.12318472731536,8.94242885835458
"TMCO3",9.90327060302018,9.72272653330518,9.76214915872482,9.97966668233848,10.0664383593788,10.0155557393914
"TMEM218",8.77146661305494,8.68012850292475,8.82098471473035,8.72099855909407,8.59958780847003,8.99684916410627
"TIRAP",7.08505419616435,6.94904069284673,7.04794528740955,6.93351947928908,6.94616259821542,7.13865823321848
"N6AMT2",7.25517290337706,7.06064047442664,6.82449048673678,6.43557845627955,6.9059090040073,6.61834268185337
"LATS2",7.10846414954516,7.05347576660264,7.72150846225944,8.27661771856556,7.25306074925114,9.15184663688437
"SAP18",10.4781632750673,10.4673597378925,10.278085586861,10.5500176702192,10.5259421991286,10.5489466388453
"LPHN3",13.6133249902201,13.6985794790768,13.6079796590327,13.4779918427896,13.6896435779125,13.3887509048105
"KIAA1328",9.23632262986296,9.37758724701535,9.20028002284891,9.03250666152457,9.08711504047757,8.71619412677721
"FAM124A",8.28554313971869,8.26866791815237,8.31678371072775,8.2221573485486,7.97435931340285,9.27623952076319
"CTAGE5",5.9903111609895,6.0388771203416,6.16047993900056,5.6525587184268,6.03126530424217,5.94713050764567
"HNMT",6.28119912210877,6.64638115531134,6.34796986470843,7.98082501356993,6.64378255741951,8.55220489792328
"LYPD1",10.3590623832567,10.2216498365266,10.6891068172323,11.1566036514136,10.3721500508315,12.0570213100008
"LYPD6B",6.4305009759227,6.70333499340347,5.7255112363932,5.74594758405598,5.90403138225395,7.35624264735902
"PDCD4",9.61939651093801,9.65143990482054,9.49093692650709,9.950071713618,9.83223447402266,10.9919722417728
"ADRA2A",6.28119912210877,6.09988234759329,6.18054720532947,6.34874784099573,7.04805835811577,5.97857887220761
"GPM6A",14.0387183026441,14.0814024045157,13.9609830101992,13.3664676757792,13.8949123906438,12.2198768194324
"WDR17",10.8853269229096,10.9111693074768,10.4024631958566,10.4488515043978,10.5932475808501,10.6041938745974
"SPATA4",5.49214979402744,5.79633174395148,5.69565584988958,5.85918570565528,5.26812364332126,6.5414660432608
"VEGFC",6.2372372059446,6.00716920758814,5.88936033417274,8.3588189005965,6.18224393265002,9.17028890144541
"CCDC102B",8.19172708519929,8.28676846667809,7.04794528740955,8.45042725300099,7.56921545969329,8.3014217663428
"CD226",5.74711795931809,5.62971160557788,5.7255112363932,5.83193623690723,5.84266003333913,6.83346059421358
"CNDP1",5.57553933579376,5.94108086001497,5.69565584988958,5.12120644125242,5.42310223496893,4.68467332000649
"FSIP1",8.42331149666572,8.45086393308574,8.05504282183853,8.6472820761186,8.14194509234496,9.06744134391647
"DLG2",10.7333808430709,10.9806445011591,11.0443767138597,9.72635452987511,10.3072307560072,8.66068619897956
"PRSS23",7.82522337839033,7.87232222785439,9.34679693200341,8.86241555771656,8.27657677634417,10.0656310377034
"MTMR12",9.70457618453973,9.66873554692127,9.52210744578734,9.53188509670835,9.60233313144381,9.54702929749518
"PPP1R1C",6.07831789081791,6.24026434647469,5.69565584988958,6.05671361986226,5.87375914045291,5.50195500208462
"CCT5",12.2668466914322,12.2452997953919,12.1971404967293,12.3416592059695,12.2359311348277,12.1793389573674
"FAM173B",8.58217900268261,8.72939745994245,8.77904263540914,9.01929722586009,8.60368421305425,9.09666596171646
"DOCK1",9.36246381064603,9.31303238324726,10.2311679275507,10.8320072511379,9.76903454706824,11.7415601883826
"DIXDC1",10.2922771625959,10.3727722287598,10.2477085029797,10.2332595764138,10.3003233787438,10.431029838173
"DLAT",10.4492974701879,10.4686764344635,10.1145629917274,10.0713786487663,10.1658341586778,10.081943603547
"PIH1D2",6.4305009759227,6.51389521262857,6.44847108684433,7.74609406133652,6.72402496561255,8.72246297328624
"C11orf57",9.92494296038573,9.85047735832617,9.73424147658987,10.0455791967467,9.92824759821214,10.1360650570107
"TIMM8B",8.99926288615758,9.08969456780438,9.38520452110415,9.4594532220048,9.33358099775476,9.31818317314135
"PTS",9.45180373741922,9.30124670816547,9.14714416613549,8.91187517858139,9.18181771500638,8.59385229957226
"PIP4K2A",8.63584797194149,8.77276642812238,8.91525861075377,8.4854913057512,8.76778586449696,7.58209119944952
"C2orf50",6.40461685682177,6.186010907159,6.65662472716031,7.96152137609717,6.13396671442646,8.88958460612706
"FREM2",8.59849149349291,8.60770260658266,8.37031995901842,9.7742766917795,9.13170855443281,10.7587773574532
"FOXO1",6.60979856227587,6.98725741936592,7.80802279742507,7.18629611924666,6.60177306867266,8.44752634496484
"CRIM1",10.6725642727716,10.6490599094278,10.7768048130421,10.3839425245681,10.824399677571,10.3625835356477
"SEC24D",8.65935939785746,8.70048871907336,8.85310131906389,8.86537253600958,8.77324862172371,9.86059689042862
"ABCB9",8.66453227349511,8.59567095972145,8.29989991996498,8.01332033248237,8.63604119052241,7.13865823321848
"RILPL2",5.6018543074561,5.09718127405855,5.45827589049947,6.80635310863938,5.91887334582027,7.75226551809383
"DHX37",7.66302429663445,7.37856072812948,7.82589467947357,7.78748637016191,7.80242174547315,7.71898670555813
"UBC",13.225614036944,13.248074086051,13.2838213003735,13.2380710161171,13.3215984978218,12.9318441875198
"ITPR1",7.73905881029305,7.61361533928163,7.50874119576164,8.03457943030103,7.45940299913427,10.3410609089375
"TKTL2",5.29925920898593,5.53524434648493,5.07933519419276,5.02596345433389,5.07654591073903,4.76371589021208
"PRSS53",6.77757659703764,6.37842206372085,6.38235023120535,6.366589959339,6.70835702131992,5.37273133131448
"SLC7A11",9.1797156538097,9.34495421350006,9.52934469316027,10.2738214894331,9.75440137828987,11.1915340190917
"CCRN4L",8.20602021151211,8.2927514492747,7.96131375730328,8.27215772536701,8.4183622368912,7.1886712995919
"ENKUR",7.44981580957809,7.7597520469772,7.95050833517773,9.06500910952354,7.80600096679389,10.2143587582018
"GPR158",9.30574171583997,9.06026658939901,8.90971770521768,7.97533633310703,8.42068780700564,6.62764561149741
"DCP1B",8.37358412581227,8.42115293777466,8.31678371072775,8.44449893134492,8.53025180249575,8.9495676466036
"CACNA1C",10.2405087230065,10.5089089395157,10.4773039878705,9.67004357685747,9.89611558912783,10.1028776938796
"KCNA6",9.62999354070297,9.50761537213027,8.93448532338502,8.88298778747015,9.55138717631216,9.60124534253346
"THRB",6.90898517037246,7.10977802219848,7.71512204712023,7.24749340893775,6.97235471318137,6.62764561149741
"NGLY1",9.28576809095162,9.42722525820161,9.41677173101426,9.51787488938437,9.13029141831288,9.63923149811602
"OXSM",7.43152415055498,7.5191112184808,7.71512204712023,7.00119606273514,7.55221058705847,7.73572379093135
"UEVLD",8.95143422706149,9.12690563965097,8.85021110553315,9.0854318005214,8.59753521253932,9.72068592897462
"TMEM86A",7.58817079353714,7.41780607457735,7.44043827095953,7.2006595156671,7.74389108278467,6.29124861845814
"C12orf45",8.02830035881907,8.1516805943671,8.13824378640928,7.97258404126916,7.82728884990171,8.00058918410891
"C12orf23",9.75627196548309,9.82704989172382,9.72639245739729,10.0126667392701,9.73589846212503,10.7759206630986
"BTBD11",8.31878558396344,8.43202834479863,8.2258341973096,9.91059541540207,8.91833789714522,11.006142031428
"UBE3B",9.84988750611198,9.87154009931891,10.0380128221241,9.99457655030324,10.0671784729731,10.1407443572309
"ANK3",13.9673738914192,14.2363754608257,14.0548051357813,13.3359392598372,13.819965785401,12.1399672894566
"IPMK",9.57484072066553,9.56909147678651,9.37920785449591,9.58839047948132,9.57344211691196,8.88772728677559
"RAD9B",5.67698376420325,5.43072800972915,5.45827589049947,5.74594758405598,5.4465120496375,5.59411117987997
"PLBD2",8.19889151572816,7.99880489787101,8.59092090787808,7.62119967607547,7.80242174547315,7.73155801716285
"DLG5",11.396794331395,11.1245650162979,11.4636359763632,11.37840448539,11.7234567896024,10.9262012257516
"SLC2A13",11.3964066808145,11.4264127773779,10.5749079857805,10.2435075274297,10.8835670425087,10.3329063779431
"GXYLT1",8.2583816495782,8.5639081702684,8.41410721881369,8.30308959658247,8.25326000806279,8.95844157919663
"TWF1",10.5600639169244,10.6426582372648,10.5573244855224,10.6897979254189,10.537736141726,11.0943979054474
"DIP2C",11.2780873768208,11.1530955620833,11.2200278822078,10.8615042637717,11.3931541587683,10.1508310410169
"EIF4E",11.5122073321357,11.5956284658165,11.2166717289841,11.1778324578841,11.2606751385959,10.8100974068435
"MAGI1",12.2435452711763,12.2508578340903,12.244323717597,11.9362619388556,12.1880980860166,11.2818339484253
"TEX30",7.36877029660064,7.40670473789636,7.10845497857026,7.43269165182521,7.33029396821466,7.65439943255611
"CSNK1G3",10.5384402431678,10.622098152018,10.6026031441729,10.6167913758071,10.8517123001593,10.4163122426474
"SRFBP1",8.45353685457023,8.75773577960887,8.67831104441804,8.56593979267541,8.38778118877184,8.81921326867187
"AKAP6",12.6070083583989,12.7871845808166,12.816557562701,12.3232621779747,12.5758459296355,11.8323148508872
"NPAS3",10.497091069705,10.5672284219475,11.0201948873673,10.6561023047528,10.775434769686,10.8997656230703
"FAM177A1",10.1587377505891,10.2379584316282,9.59978514004362,9.62195833762687,9.88356385669466,9.425682961114
"MBIP",8.82324580138695,8.8557640951874,8.85021110553315,8.74849627992998,8.99666900720662,8.95667116829504
"MIPOL1",7.54354537093579,7.71120019734812,6.86043252493434,5.49445599134623,6.69250366550329,5.73777627602365
"EXT2",10.712354357291,10.7973693695943,10.600887691049,10.8896854237966,10.8129752753707,11.2359337533349
"TMEM18",9.07301571445666,8.941845427525,9.05732098349954,9.16793645687586,9.06354665946576,9.09344794293081
"ALLC",4.80259831140558,5.13762512309315,4.63910910251109,5.05921631031587,5.34903754503733,5.18746296578136
"KCTD14",5.49214979402744,5.77685464919912,5.63329680407505,5.73093733123111,5.63503194179442,5.69868419475818
"NDUFC2",9.60335337893976,9.71941071805483,9.55616508667981,9.61583326094839,9.63565579242552,9.48824594604118
"ME3",8.59035842953819,8.41019435047483,6.79998829512151,5.99848057344674,7.3151852881193,5.89830401412361
"ADAMTS12",8.87322395600214,8.82107407206567,9.26676454762241,8.71936453333919,8.39489652046429,9.36295236749969
"NUBPL",8.45652462266435,8.55647734205739,8.61838128862913,8.66267147664337,8.42764195508111,9.03928430964639
"NEK7",8.15535599076309,8.30760036652845,8.71055519067675,8.73562172871382,8.28936818020746,9.28331553722213
"FER",11.7928915910069,11.9158138835796,11.6360090490832,11.3623016374252,11.3527617349926,11.325976266784
"VIPAS39",9.28409104649794,9.27587715187871,8.91249082736972,9.24256171611127,9.60028859101088,9.31818317314135
"ANKRD50",11.7486284638646,11.8349254907019,11.9837244220059,11.7625153766626,11.7102549707197,11.5343845760128
"UPF2",9.78618527567107,10.0109436541871,10.0265549809343,9.9219851049172,9.91925701040253,10.3240199514206
"CDC123",10.1037466288028,10.1096296439533,9.97714759865462,10.2587441696899,10.1123389816018,10.2858055204496
"SCLT1",9.86790244703591,9.95095845156763,9.6783787840274,9.82899989099307,9.95728532354888,9.89054393031269
"CCDC3",8.60388803879639,8.73159729162285,9.53114833806895,7.74932133463393,8.09311925753903,7.02596812009268
"C4orf33",8.3512734418971,8.34262154231532,8.00894867808749,8.13882100771673,7.80242174547315,8.02115475679679
"FRMD4A",11.4887610673658,11.5287273747735,11.628030883755,11.4947194044633,11.5147546202964,11.2046257126527
"PTPRO",11.8739254434423,11.8818777105467,12.1258763765816,11.9613075237035,11.9986518770453,13.4383568901787
"EPS8",9.61406862449296,9.71830374867337,9.9585093779505,10.1624127951613,9.80852609901768,10.3457965095902
"ACAD8",9.13015831234546,8.92657279549243,9.03967797918752,9.28731130550859,9.3688473377036,9.53759436431553
"THYN1",8.81629392101001,8.81486442039938,9.06979195486079,9.52723015097142,9.26680829525021,10.106868864268
"VPS26B",11.0471872445905,10.9451433549763,10.6947469686321,10.8236843559332,11.0851406606857,10.427843113701
"NCAPD3",9.13202452871453,9.12356230056988,9.47603173718064,9.61407844575712,9.11890380414535,9.90894971658827
"VTI1A",9.93245195471616,10.0351450061185,9.88849922558815,9.64190220288678,9.89361397146773,9.43078923166896
"QDPR",8.12933374133874,7.99513266426283,8.10456986944914,7.42865150172668,7.93899227619341,7.08677126760168
"FAM160B1",10.4530306643357,10.461419680804,10.3452059712253,10.2826823660997,10.5205492648277,10.029921216672
"ANO4",8.68503938204081,8.71612723703442,8.18960621252554,7.91352177677454,8.48209271024696,7.85914506417443
"TEX9",8.61194499442317,8.87578558812551,9.08707167074037,9.75927305019658,8.99355396371596,10.578560022919
"QTRTD1",8.80463218759551,8.65947540614662,8.85598573220306,8.82948082453817,8.55373814166148,9.12845639658986
"MMAA",8.45353685457023,8.69147535733056,8.54514553185727,8.35460821242429,8.56848622357422,8.41689570901026
"ZNF827",10.1122718787971,10.2662513291417,10.5133165455848,10.3626852915809,10.3147285305777,10.7347386436025
"POU4F2",8.54618583798645,8.57375644370362,7.275578697877,8.82188921388764,8.9731400387027,7.15133162417071
"EDNRA",7.77800158699728,7.70219100840178,7.21295211595265,7.37083261260246,8.22689868447515,7.33981132903799
"NR3C2",9.18691447817032,9.23619073797708,7.97736969900184,8.54762949855517,8.34922393054717,8.94778626948371
"AKR1C2",9.11136180841796,8.90919490513826,8.98804320778354,8.69296404871754,9.16115051557152,6.83346059421358
"DPYSL4",9.70081168425929,9.21278697108768,9.84422044190428,10.1761502269016,10.4348456916999,9.18245374576098
"ADAM8",6.04388889103782,5.83429039028268,6.27629400697231,6.07923636656541,6.3482640446452,5.881557447727
"ITIH2",5.3344412562722,5.34383018699978,5.07933519419276,5.7607533951804,5.49165273270531,5.67858866699434
"KIN",9.09231650683789,9.15337633874126,8.89015460981113,8.78800125772473,8.90679108220131,8.81530944705027
"PIGF",8.42331149666572,8.5136262916019,8.7452070695845,8.65071622892634,8.48209271024696,8.96373977128747
"ANKAR",8.23069435517052,8.49819140515285,8.47925120479722,8.04770717304165,8.33202305094227,7.3724833288726
"INPP1",8.30889367961172,8.29573358513945,8.19418524668406,7.07615506021504,7.70987368248261,6.68213699712675
"MFSD6",10.171484267828,10.1520489365187,9.60321835291775,9.5722127453556,10.1400382955748,8.21198510259766
"RNF144A",10.6104076654509,10.6588978480568,10.9212607591748,10.6539699590537,10.9656229936771,9.61252207666058
"ASAP2",10.5996704553992,10.6072308309714,11.0638080813678,10.6927091772498,10.6237473231817,10.6282699607631
"ADAM17",10.0865433867565,10.1699690625735,10.3328565775037,10.6526890367185,10.1775333222062,11.3964542478609
"FLI1",4.33057497578978,4.33057497578978,4.7660846074949,4.71402308857299,4.33057497578978,5.22140032273235
"WWC2",9.4915751603038,9.554276906165,9.85289735583415,9.84404707657077,9.33726955391749,10.7150058438385
"CENPU",7.0692241342811,7.30262350826576,7.53079143157882,8.76759429417921,7.49102369857769,8.97077379830165
"ACSL1",10.3550774759928,10.2494955180511,9.89970857778246,9.77349090854642,9.85641583328649,8.72454652267087
"SLC25A4",10.6655028159514,10.5486721202098,10.173466866592,10.0617578778728,10.5793094058736,9.37624849007758
"AMN1",9.87348625070665,9.9030552761839,9.58596988757857,9.11304789665579,9.58382697032583,8.388230479572
"BICD1",10.861369265375,11.0460448974097,11.262419408238,10.5067166185141,10.6886592941138,9.30572787836751
"SAV1",7.80180884767914,7.83988823707131,7.97736969900184,8.09399110690924,7.73264244605026,8.8424160794459
"CCDC122",7.25517290337706,7.48790146963411,7.22207310011052,6.88046848910133,6.78493148136335,7.32874891051753
"SERP2",8.13308036283113,8.06683790162421,6.91830170473145,7.53009632512216,8.06359804403511,7.20089795596581
"NBAS",12.1116193756196,12.1879095859999,12.3027296570552,12.222413895876,12.2927053389916,12.281892848641
"ZNF385D",9.89560763419543,10.0986142715548,9.20254636568912,9.55219002884471,9.12745295231057,9.91624672402599
"GUF1",9.6869237617753,9.79695755945879,9.68000528356944,10.0591814587708,9.95967893595286,10.2623810952519
"SLC35F4",6.35123217836489,6.43659925234347,5.93909051704448,6.41013865333125,6.07080875752555,6.25468438971641
"GABRA2",9.93138163315227,10.0737339493309,8.51623232253245,5.66870520190303,7.17689695338959,5.50195500208462
"SACS",13.2761067831376,13.3622596612737,13.6400678602335,13.3436321402863,13.2574083148091,13.0633145558719
"CCDC175",6.45587737080958,6.57669813123392,5.7255112363932,5.56781120866857,5.70876948923922,5.3153992589889
"CENPJ",9.98394739543959,10.0650539926493,9.84856542835633,9.5065677819332,9.65941538284432,9.07398719875292
"FBXO4",6.51723368027146,6.56643692587744,6.25772181162451,6.14439749474012,6.27350364256348,6.34993536391042
"C5orf28",7.71416483505751,7.7246074378157,7.54530215955348,7.59986520168274,7.51318256092913,7.80076358972379
"PARP8",10.9170241563943,11.0696625893602,10.7043647790515,10.6106472947136,10.9707727560294,9.97943845554583
"GFRA1",12.234248438524,12.227135459747,11.9820782036802,11.6745939783376,11.9380587559653,10.1140252456486
"CACUL1",10.6223922400562,10.6795122097946,10.6498256682321,10.7251636909905,10.5478447734803,11.0532212582199
"DST",14.3568474586292,14.5135320408406,14.6194872270088,14.4340222609364,14.3710432161303,14.9602149011298
"BEND6",8.20246030796334,8.18425478613742,8.31258139993345,7.93913481520971,8.12775706975868,8.55923063538039
"TIAL1",9.75989451871222,9.88639867193558,10.3036232530844,9.79842587063871,9.81823219158703,10.0036169054189
"BAG3",6.58725916525107,6.40200899166213,7.21295211595265,7.22427350818905,6.67646014042819,7.61418238061003
"SCHIP1",7.69901571886135,7.67941399406605,8.44896371376296,8.25191386050157,7.69448858845371,8.32086608716149
"LIX1L",9.27567639537996,9.28488224734925,9.59634372653814,9.95423789993942,9.48089996006794,10.484767211828
"NBPF11",6.12819034179057,6.27946357496297,5.7255112363932,5.87256822454692,6.19402372481779,6.59953871009217
"AP1S3",7.24117963765951,7.49838179734488,6.99540769375669,6.51694844538658,6.62713795454819,6.02423069666386
"RABGAP1L",11.7855093970909,11.9039416674799,11.7038978277786,10.7360903783842,11.212997978082,9.9958893975197
"CCDC74B",6.70674692185684,6.50312951392523,6.83657729618024,7.54134455499361,7.09036942125385,8.17580479159128
"TMEM56",8.15166742943762,8.07033023615464,7.98797398522681,7.76534842315017,8.17818759423469,7.09336464344323
"MZT2B",7.60996522475048,7.20954211151148,7.84354444978498,7.70345665799784,8.12490246952845,6.9032122694239
"ASTN1",11.8104562356703,11.7976987429521,11.5155427783133,10.6220369780595,11.4912407570314,9.38548326629805
"FAM168B",11.9684913518422,11.9146068994342,11.9443637169492,12.0046195639151,12.1609765161244,11.9195124053482
"PTPN14",6.89097298392508,7.26613346708606,8.73583916653005,9.26734594324055,7.96799393447305,10.6928771325101
"MGAT5",12.3372023829003,12.3036325248954,12.3939519141749,12.0021074769459,12.3267781941405,11.5526370138502
"TMEM163",9.22936731070843,9.10503377358561,8.59092090787808,8.79422245037405,9.13595160831438,8.31810444853817
"GPATCH11",9.26890908258958,9.32180875805441,9.31991508587784,9.094276369162,9.11747399482615,8.94778626948371
"HSPB8",4.87482195210638,5.00838899562681,4.33057497578978,4.64396487703681,5.17836802896297,4.68467332000649
"GEMIN6",8.3512734418971,8.40744155608265,8.49415830819509,8.3609196104459,8.43686196165172,8.34276945812072
"TMEM178A",8.24806163007159,8.36266177971322,8.20329953523338,8.25417738004072,8.47316002370718,7.44076318907934
"POU4F1",8.9786629802486,8.75341226294318,8.69129571949293,8.4950810177533,8.47763332468454,7.52532030003391
"RNF219",10.5278596227408,10.5592166554215,10.4336383870052,10.3626852915809,10.5620888694213,10.1446322064976
"CYSLTR2",6.65375981739783,7.11665715258327,5.49586482724437,5.02596345433389,5.69081184736494,4.68467332000649
"GRID2",10.3654154181925,10.5480494459396,10.3349221683094,10.1539863418064,10.0167311525693,10.2143587582018
"RIT2",7.30978258738388,7.18363196230543,7.54530215955348,5.35063533644267,6.29531752794964,5.15195654074678
"SETBP1",11.8548658212793,12.1039891106316,12.4846387869354,11.9285215758231,11.970849644324,11.5221863027619
"ARL14EP",9.60469715082881,9.69034948702734,9.81787180706001,9.5558512826385,9.62865146313449,9.53641064098224
"EPG5",10.5942717240216,10.7548333141956,10.8673442708367,10.4962803591952,10.5870694607354,10.4994130977491
"PSTPIP2",6.63196100526831,6.34220771365591,6.71054607635312,7.49193991118779,7.15434627732596,7.29502642405222
"ATP5A1",13.3679353452458,13.2940959350983,13.2293553915996,13.465220683279,13.2973680511994,13.4501038432105
"HAUS1",8.63847945105174,8.62674585515214,8.85310131906389,9.27957986484281,8.8867781799847,9.27907410215649
"C18orf25",9.45478772567961,9.5393084071398,9.51665554875407,9.5383768537147,9.34217297647732,9.51493558777587
"SPC25",5.9531937412958,6.29226341962715,6.62882379950556,7.17178260254888,6.10909595759182,7.60051823044533
"PDK1",8.9786629802486,8.83545975204215,8.85021110553315,7.96706345031109,8.39962051460941,7.84380978523961
"SPON1",8.70776510855364,8.56884075769906,8.44896371376296,9.59374293912155,10.2484147239614,9.02584078795647
"PDE3B",9.14502071247182,9.18419069369384,9.0846158100354,8.70787399673348,8.99666900720662,7.17012707082204
"TCF7L1",6.22223378738274,6.37842206372085,7.068411441721,6.68694592364447,6.13396671442646,7.35624264735902
"TGOLN2",10.0846191821025,10.240273245678,10.2770116390974,9.93679878721377,9.93150304960603,10.1859662255897
"SH2D6",5.43226952355336,5.24729833481842,5.81044805857035,5.02596345433389,5.46935070319513,5.5258120673756
"KCNK13",5.54851785949931,5.34383018699978,5.19204933581343,5.39408088420441,5.37441071259404,6.96956810339794
"UHMK1",10.6223922400562,10.7440003596007,10.4810392461132,10.6454089091672,10.5451914691814,11.056525984845
"ATG10",7.62609313702697,7.77700297935607,7.64962153261386,7.24749340893775,7.43172155984136,7.77672179555769
"POC5",8.40795631508327,8.3455016641455,8.55583946488962,8.49699128698534,8.42764195508111,8.2674613148579
"SPOCK1",10.8432784381723,10.9479780655237,10.5269315484497,10.0604702438635,10.7708998715575,9.33870551759448
"FAM151B",7.63674370940126,7.5191112184808,7.45590604430278,7.4685394090624,7.42237181934048,7.85914506417443
"TADA1",9.97566462271064,10.045772115206,9.8104664384653,9.79997007401675,9.89277913317022,9.7958046135381
"GUCY1A2",11.7397938560337,11.8218506050075,11.7672062600858,11.814219567123,11.6393884810027,12.6026973007661
"CWF19L2",8.7545922182861,9.01406144591473,8.91802107595742,8.92185017615449,8.82851329144132,9.21538642544446
"JMY",9.98704120676161,10.1096296439533,10.0265549809343,9.93750041756751,9.91185913559313,9.76481115212211
"HOMER1",11.2379755101737,11.2335151899067,10.8377914676718,10.4996091864608,10.8478420195942,9.82032275835752
"XRCC4",7.16159439458307,7.50878465907413,7.31865018274309,7.60701256006494,7.41295937702227,7.68921232485547
"ZNF547",8.37674317942589,8.21294986883551,8.02961915669745,7.93913481520971,8.03345294249347,7.74401878388883
"ZNF773",8.76184838695264,8.84970285510227,8.75451427131424,8.58581481145572,8.75679763247672,8.59156999981621
"ZNF776",10.5908872253682,10.636813774249,10.4014780277994,10.3952209648329,10.4496771947224,10.2516065180537
"ZNF256",8.25494991047756,8.2317648173543,8.08002122851554,8.031939315567,8.20815223643278,7.99366750914321
"SUV39H2",8.92367990175689,8.9208034727136,9.05982384137926,9.03644595288523,8.86818499416702,9.07071799425663
"DCLRE1C",7.80652274855105,8.18425478613742,7.90644722971276,8.26544155446111,7.99328654100108,8.52135597552664
"RPP38",7.72915364180026,7.49838179734488,7.55966503163793,7.84589062237744,7.63928417600274,8.29581737308345
"NMT2",9.18331956688118,9.21906527634463,9.0821557501178,9.23344241606941,9.2770877877645,9.27055355955797
"ZSCAN1",4.99520527768772,4.77662214806139,4.33057497578978,4.82464481268825,5.51344929562775,4.94087121374919
"ZNF837",5.26254826080776,5.2124335202594,4.86296472820736,5.43553531135657,5.49165273270531,5.40006335275449
"USP12",10.028671036989,10.1707783455002,9.78651027341612,9.69349753386228,10.0243735999832,9.38548326629805
"ARL5B-AS1",6.16034128042322,6.39026961629101,6.62882379950556,6.07923636656541,6.513522034208,6.47030047129559
"CCDC50",11.6954209402551,11.8052734442308,11.7014988664737,11.67753571731,11.7194618504488,11.259424930978
"CAMK4",11.2607287614472,11.4226816510327,10.9778675562659,10.2721539959892,10.5881009870793,9.57496892079501
"TRIM36",10.4433041848346,10.4999217878218,10.6238758991673,10.1023664460633,10.6060342834421,8.84433284264935
"ZFP36L2",7.19106458252092,6.88558122958182,8.51623232253245,7.63174729750591,6.89222287773343,7.91155206941919
"PAN3",9.88237558582624,10.033366180025,9.916360836488,9.95354437119301,9.90442309677623,10.382473363678
"PLEKHH2",6.96163830026338,7.00968649119216,6.61470214021762,7.86681670060835,7.1139774433399,9.23157444661217
"PFKM",11.916721763791,11.7779225423153,11.782797717454,11.9264033399072,11.8017836375553,12.0111361237083
"TMEM123",9.57209556688697,9.59465596989111,10.130111014679,10.9676390073927,9.5682214833847,12.0644263493831
"GRIA4",11.7727229812575,11.8544441734862,11.7755933533826,11.3311486010839,11.5255620634024,10.9144106595209
"IGSF10",6.48076738158518,6.42517175702489,6.18054720532947,5.54997731954909,5.61575483702208,5.50195500208462
"SPEF2",8.82786177418644,8.93040618926337,8.43743883491317,9.93469184473851,8.63203623817222,10.9640882212284
"SPARCL1",10.9664384610831,11.0318645466709,9.91083143124534,12.4708159187796,12.3584035129784,13.3551818457792
"DSPP",5.43226952355336,5.05426032044833,4.63910910251109,4.71402308857299,4.95674843757777,4.58127373257168
"DMP1",4.93817568778476,4.58878259651035,4.7660846074949,4.64396487703681,4.56883750728876,4.33057497578978
"MBNL1",10.2956077501917,10.434045437827,10.3214426332021,10.5052979315966,10.1080299164005,10.9610054447099
"CAPSL",5.14109345202186,5.13762512309315,5.53204272811162,7.77170888304149,5.55563637036578,8.31256513380369
"NADK2",10.3129682304367,10.3748805835137,10.387614535839,10.6380918465218,10.169284954328,11.5035419558857
"GPD1L",10.2542681673086,10.1740109423869,9.98769080486723,9.34136054605124,9.75256174054367,8.67799524464094
"GJA1",7.30307208814694,7.3498397812423,9.22501566579773,9.74731673644206,8.75863485136611,11.2864150176478
"DDX4",5.40082433975998,5.43072800972915,5.29031095099465,5.23135019106063,5.34903754503733,5.03357482878391
"CLEC4F",4.33057497578978,4.69525161239808,6.03261425473495,4.33057497578978,4.33057497578978,4.58127373257168
"SLC30A6",9.39700695066868,9.5493046674244,9.59116614399892,9.56587201560043,9.30372735856032,9.91624672402599
"PELO",9.2586980905036,9.15009400748187,9.28398714281601,9.10806605285834,9.25645487464005,9.00885774659924
"RASGRP3",6.89097298392508,6.31748106638303,5.91449335713677,5.0909007841773,5.11210946503177,5.47749470033185
"SAR1B",10.3780381322364,10.3543695296002,10.1169659359782,10.2788124308723,10.2160812950464,10.4643831270366
"CATSPER3",5.18373077138573,5.05426032044833,5.33538540566403,5.0909007841773,5.03903521958369,5.37273133131448
"FAM21B",8.85072182485831,8.92657279549243,8.23029881608044,5.05921631031587,4.95674843757777,5.11466593771837
"GPR180",9.26551345947806,9.46468349436928,9.32408356162738,8.89894763770872,9.04861791045008,9.42184134219123
"TCTEX1D1",6.32368052195683,6.32990443424444,5.41912560421338,8.64211539283331,6.8990831194017,10.1028776938796
"WDR78",9.12079075209408,9.15991862707476,9.09928848577034,10.539429202506,9.42538570108963,11.5793026702425
"FARP1",11.6616252442448,11.7356252363684,11.9149850474915,11.4880323397026,11.6480686826398,11.2504350783602
"IFIT5",10.379608230773,10.4973437096393,10.3214426332021,10.3952209648329,10.537736141726,10.0996767832693
"SLC16A12",4.60390596466056,4.33057497578978,4.33057497578978,4.33057497578978,4.66714835127326,5.28523604052962
"PANK1",9.59391171840989,9.44741324418512,9.02438124038737,9.24936347813048,9.55138717631216,8.67584299192599
"PRDM8",6.8354600493058,7.04627361157714,8.06007361605457,7.89036096942176,7.18803634019307,7.53494230908478
"BMP3",7.31646100731947,7.4122663862888,6.23887088147353,6.72119283924033,6.9593212858361,6.08250174298976
"HNRNPDL",12.8692779133023,12.8035781335027,12.6078150323686,12.7384624507082,12.8030220122489,12.5787654398454
"HHEX",4.7165496130104,4.58878259651035,5.33538540566403,4.91404266993799,4.66714835127326,4.94087121374919
"UTRN",9.76591194530011,9.68695823952501,11.1313138213017,10.6132836780447,10.2306880997908,11.0798555263499
"GRM1",10.2413725456906,10.2654939106239,8.97749001891469,9.38627352123666,8.6057280384882,9.39465920021297
"PTPRK",11.7908283817455,11.8466177329181,11.7034982778312,11.3404592960393,11.3996307629486,10.9893808940439
"GGPS1",10.0206419893371,10.1699690625735,10.1181659079106,10.0331608138399,10.1173500007096,10.0689083503123
"CNTNAP4",7.22704432932557,7.13709168804272,4.33057497578978,8.46416537967084,9.48755290494356,6.84138999912851
"ZNF117",11.0847248770084,11.2171594607689,11.3405585267364,10.4943747166162,10.4800021362732,10.5199100819113
"RAB3C",13.395739744451,13.4667497735427,12.9629439362782,12.3101890760847,13.0591375997006,10.433574157166
"IFLTD1",5.14109345202186,5.55970553524277,5.41912560421338,5.39408088420441,4.86095996838829,5.71840792780094
"MARVELD2",5.43226952355336,5.34383018699978,5.49586482724437,5.28112095084593,5.37441071259404,5.25394328805817
"RAD17",9.91955534263886,10.0172571959725,9.81787180706001,9.96253432291533,9.95328711594382,10.2143587582018
"MED21",9.59796572309659,9.69147813161039,9.58943614005612,9.74089924236478,9.72280359984373,9.61364491087708
"PLOD2",8.40486543042777,8.4535346358434,7.90644722971276,8.61071852248022,8.12204215059239,9.60914831416535
"STK32B",9.0356151437135,9.02843713817398,9.02694202014253,8.63866057645434,8.54524208458489,9.24468510733243
"NRSN1",8.37358412581227,8.31936955677578,8.25679769619421,7.19110043870618,7.52194936736348,6.39501592218696
"JAKMIP1",8.49480930567828,8.24108025118725,6.52664985962964,6.93351947928908,8.14476585961214,5.42659714675519
"ZIC1",10.8714465192843,10.7286962152742,7.4247982507733,12.4215351054698,10.2147460368116,12.7918970227156
"GPR125",9.81896720899558,9.84135538520762,10.456585318028,10.8458974408971,10.2549252275212,11.433146534553
"CPB1",4.7165496130104,4.58878259651035,4.63910910251109,4.91404266993799,4.66714835127326,5.45239055899795
"SREK1IP1",10.0759283377074,10.1113168714833,10.003362427712,9.82065648447731,9.76630212180143,9.85680937982031
"LGI2",11.6470351037168,11.2584676016449,10.5810119106856,9.45357673051805,9.72936590485013,8.24436467501735
"CWC27",9.00334769545298,9.01586628446346,8.74831617567287,9.05727523268453,9.04260276007627,9.09987679915929
"MR1",4.80259831140558,4.77662214806139,4.7660846074949,5.58533341826546,4.56883750728876,7.22503328181531
"SRP19",8.22017182526003,8.19707933462963,8.01932138505468,8.21520161482096,8.23750160145687,8.32911917638599
"CENPH",6.73756065626201,7.20310972633089,7.29296706676106,8.08128434587954,7.17689695338959,8.30700429615734
"CDYL",9.42314318413121,9.33776114432522,9.93009225816982,10.3045992238649,10.07750036543,10.3949298238814
"CARHSP1",9.5246093720587,9.40262010323139,9.84276919745057,10.2440747280582,10.1421471317339,9.83098000030945
"BANK1",4.60390596466056,4.90491546544878,4.7660846074949,4.87127988604197,4.80549449477315,4.58127373257168
"TXNDC11",8.56013643971704,8.42115293777466,8.4297037653274,8.30745435225579,8.39726046490169,8.58928406404957
"DAB2",6.20704769793219,6.51389521262857,6.399200953035,8.08638063615661,7.09036942125385,9.92982984058117
"BCL2L11",7.95814552402036,8.02784701667875,8.45278483601261,8.94718683741315,8.24540251057767,9.89977620174672
"ANAPC1",10.0999413868658,10.2208686166409,10.2088144647543,10.1997340232602,10.0266584560666,10.3457965095902
"CAST",9.21535503002207,9.24544673015779,9.19117879616763,9.69100279186113,8.89013307157339,10.530050354353
"SCOC",11.7095321743401,11.6644550590282,11.3860854707648,11.174861321421,11.3322872043368,11.2687153230349
"CLGN",8.86201692588972,8.81278855898003,8.85310131906389,8.62126064586778,8.72519991723393,8.47256108260949
"CETN3",8.5063864392058,8.53898756336514,8.34174173769797,8.70457402807259,8.61184210728188,8.91533821890828
"SMARCA5",11.9301741537407,11.9862152313247,12.1542211831238,12.2133208681034,12.0142741631961,12.2405438243762
"SYCP2L",6.75771729922596,6.77569217432756,6.65662472716031,6.21628853422501,6.61873678184173,5.63720988468804
"BMP6",5.72424503540458,5.28072429172865,4.94418431550225,7.17178260254888,5.51344929562775,9.47223916918279
"RGPD3",5.72424503540458,5.81547244195914,5.66493901424027,5.28112095084593,5.42310223496893,5.42659714675519
"RASSF3",5.54851785949931,5.28072429172865,5.53204272811162,6.28425515241289,5.29596108369109,7.26046915862092
"HNRNPU",12.4694941849761,12.5826212205511,12.5454248129342,12.0930463198137,12.0686735497291,12.1951664427645
"RANBP2",12.7569095958478,12.8543161795428,12.8562784243617,12.5224476058808,12.5761058531432,12.6746206259334
"AHCTF1",11.2231878191698,11.2863592795119,11.1705823827706,11.209536726896,11.0626842529764,11.3423144186203
"MERTK",5.9531937412958,5.95795537545197,7.22207310011052,6.63747569525174,6.63548630992359,7.71477135620991
"TMEM87B",8.30558112606882,8.3541074292864,8.24801918127465,7.87569155547162,8.0181379847393,8.21495919100212
"PTPRR",9.10946858250594,9.00681935856758,8.26986526502253,7.64568945218677,8.12204215059239,6.17818765351574
"NR4A2",7.27590283438528,7.25995789712136,7.66959197425824,6.90430184754237,7.53499811285736,6.87265238011493
"CCDC148",7.673401304741,7.79404665123918,7.86674150542615,8.26319580501232,7.87575397768233,8.77366590609715
"PLA2R1",6.62092605244302,6.85270764240235,5.56693702969189,5.98648331822425,5.94799804642505,6.94780536040062
"RBMS1",9.83965426779424,9.87154009931891,9.80749360409514,9.68098040722293,9.35193001099003,10.7587773574532
"SCN3A",13.4362781605008,13.5613295859515,13.2016143644081,12.7675460317655,13.2835872733461,11.1476622115721
"CD96",4.93817568778476,5.05426032044833,5.3782345210694,7.40827444694496,5.26812364332126,8.40913463080184
"SLC25A27",9.08847700654475,9.02306307653173,8.25679769619421,7.85489669964497,8.8867781799847,7.52048453789093
"GPR110",4.60390596466056,4.58878259651035,4.33057497578978,4.33057497578978,4.33057497578978,4.33057497578978
"FAM49B",11.4840257356072,11.4668305876368,11.2400024567844,11.1116322328723,11.2977138167411,10.6398835648731
"ASAP1",9.59796572309659,9.72933536261523,10.03293168752,9.40770891967464,9.45849889150967,9.59557370360195
"TRAPPC8",10.7881944854756,10.8114467428833,10.8098496197518,10.7910687527339,10.8235240828923,10.7424541901281
"FAM81B",6.29551855050175,6.22692081198388,6.6427968877454,8.12155403783591,6.09646749403237,9.31542462635113
"LINC00467",6.4305009759227,6.36646410882688,6.29459653090917,6.39289578642982,6.05777184720114,7.13865823321848
"INO80C",7.33630691398512,7.53953995283721,7.3438698231556,7.11215977246549,7.32527586400282,6.64605828080328
"LPCAT1",10.6283473870943,10.393025008838,10.2333843313711,10.6835396699818,10.8213327678655,10.2061972050008
"PLEKHG4B",7.80180884767914,7.80249233411158,9.69938140990519,9.2391487450897,7.67109281969654,10.6928771325101
"NMRAL1",6.91790282534075,6.71259577484945,5.69565584988958,6.46873913714878,6.9059090040073,5.881557447727
"UBALD1",6.39147731265288,5.99099191043792,6.09823090651264,6.12306193840807,6.55838671547071,5.67858866699434
"TMEM251",7.037008143838,7.08893281579373,7.15693190923556,7.17663732237503,7.23708728805804,7.14500941893176
"ING1",7.9238963428382,7.89617111940036,8.08989141677383,8.2788425118065,8.45512589955359,8.17274800639151
"TEX29",5.14109345202186,5.2124335202594,5.45827589049947,5.39408088420441,5.39908280147121,5.3153992589889
"ADPRHL1",6.41762377436216,6.39026961629101,6.41583398350578,6.70074998087008,6.66022149182736,5.9629602809734
"CMTM7",5.36825224778896,5.05426032044833,6.0767532850492,6.15492760336544,5.20943279770974,5.8297852851543
"FBXL2",10.6910167931999,10.7286962152742,10.43748832202,10.0212965261319,10.4105601333415,9.79778148772892
"UBP1",9.84534836760789,9.96222216078835,9.92186911187054,9.70178228472223,9.88943493630357,9.65240280437155
"RMND5A",10.6217290366178,10.7098916098869,11.0613154681058,11.0947535321268,11.0016781954937,11.2818339484253
"CD8A",6.72736783383392,6.57669813123392,6.34796986470843,6.46052802040793,6.59320902990356,5.77550668699715
"RPIA",7.77319182083642,7.74667471801027,8.14299016679706,7.90198851257261,7.80242174547315,8.05145731144394
"TUBGCP5",9.36405206060116,9.38178972471936,9.03204994338449,9.48752310362095,9.50623773955027,9.64033371733956
"PTPRD",13.010593035042,13.0890814083371,13.1714527993687,12.7476891905062,12.8776722318107,12.5585144167697
"LURAP1L",6.16034128042322,6.35439345161833,6.3126379774091,6.1653683000969,6.58458917618073,6.11061427847656
"CNKSR3",7.54354537093579,7.91962668990232,7.60881388150519,7.98901858476308,7.43637318374401,9.20796761643656
"GTF2E1",8.51214014062044,8.52382468248111,8.46796826016975,8.80658460272577,8.59135974874333,8.88772728677559
"CFDP1",10.1008936393341,10.1363911713119,9.47603173718064,10.1844485066899,10.4210183493019,9.9153366156797
"ZDHHC7",9.68056654897455,9.49732454187945,9.31991508587784,9.69681715217331,9.53221042460333,9.724848072014
"FAM92B",4.80259831140558,4.84495094307666,5.56693702969189,5.49445599134623,5.11210946503177,6.11061427847656
"C7orf31",6.62092605244302,6.58688018095247,6.94077887024594,6.70759898081338,6.43837371911831,6.71726694632154
"JAZF1",10.1179275007492,10.1130021268075,9.68487379556799,9.83879841220696,10.0236111758414,9.81837658300377
"CMIP",10.2081779320357,10.3065721533417,10.6769459909733,9.86411475529682,10.2418746907461,9.39857391585116
"SPHKAP",10.2972701635883,10.3692514395134,9.20932406146196,6.01035734573399,7.42237181934048,5.11466593771837
"KCNJ16",5.93418371095413,5.99099191043792,5.7255112363932,5.70027502758029,5.69081184736494,6.3150496424646
"PID1",9.5274464300432,9.46468349436928,9.13295382899122,8.32262701286369,8.64798943308011,6.20421240927874
"TRIP12",12.4572809843256,12.5599495496956,12.9147446956144,12.6648811051946,12.5904586740975,12.9879782528609
"FBXO36",8.20602021151211,8.35696456156378,8.15713539366096,8.30527363848017,7.76244270237009,8.75544240551484
"CEBPG",10.7905567320929,10.7043138594906,10.3726113877503,10.6981002465559,10.9069014225923,10.1799169371202
"KCTD15",9.54575235510021,9.43128555671802,9.45718069784818,9.90988056275714,9.97395774099833,9.37889304598039
"ZNF599",8.4743216125901,8.5339510607216,8.53437126979068,8.17752163690822,8.29191279490082,7.98671204508769
"LGI4",5.43226952355336,5.05426032044833,6.05488661074004,5.25661469107151,5.74380775294986,4.33057497578978
"DDAH1",11.2814502031011,11.3602146178315,11.5232607431372,11.1969970938346,11.1011244032158,11.8013806688167
"SREK1",11.3447019759422,11.424718007112,11.2791405016021,11.2971235512833,11.1685258320313,11.8023651589774
"CHD1",11.2388406713509,11.2889699736836,11.1803783112155,11.2642347019222,11.1455896646312,11.3931906535984
"ANKFN1",7.29632919015158,7.39551484013009,6.65662472716031,6.15492760336544,6.81438320244227,8.10699632633491
"DGKE",9.93885724820835,9.97710482637841,8.96418868834313,9.17271562195365,9.88356385669466,8.57549143590271
"HS2ST1",10.0276698481159,10.114685414534,10.0903106704478,10.3558792333017,10.0067350126202,10.8348479605472
"MSI2",11.3531162627369,11.5621032734085,11.8733204972644,11.4966243146093,11.337509811998,11.6861020183452
"CACNA2D1",12.8970816847193,13.0169048631904,12.1762724201417,12.1458899653096,12.610899355743,10.8110760603908
"ZUFSP",9.62470476824404,9.63393413057806,9.50568946027502,9.26175051487158,9.5848613504353,8.81530944705027
"HS3ST3A1",5.72424503540458,5.60690679268508,6.84855731667408,5.47521948736164,5.8583162996779,5.69868419475818
"GDPD1",9.72201498000354,9.84946665205254,9.60321835291775,9.40059917819418,9.79339600994523,8.55689254420254
"NUS1",9.79091430910271,9.88146281382322,9.80003457926382,9.5374512490086,9.56088066703856,9.51132507964023
"SEMA3D",9.47697273765789,9.55675660479095,8.1239092480457,9.45455781226793,8.43686196165172,11.3487308261377
"PPP2R5E",10.5489438027075,10.6303573912122,10.8801298220697,10.4409577092054,10.5307786573196,10.0257109157588
"GRAP",4.7165496130104,5.13762512309315,4.94418431550225,5.35063533644267,5.26812364332126,5.11466593771837
"AK5",9.7719043510415,9.66299336912098,8.74209121903283,8.33977251533237,9.0694750500515,7.6366663069708
"C17orf103",7.16159439458307,7.30262350826576,7.38491811861045,7.67995506057944,7.99328654100108,7.36167716427533
"CABYR",8.39866358208397,8.45086393308574,7.38491811861045,7.70012307850175,8.44830416991838,7.09992669845435
"IMPACT",9.89670484138313,9.86154860055921,9.99031460181907,9.90558398595749,9.72374290356388,10.4411802903712
"ANKRD29",7.0692241342811,7.10977802219848,6.89544820275353,5.73093733123111,6.33784955861795,5.25394328805817
"C6orf57",8.37674317942589,8.21924907137084,8.24360963406932,7.93348273280204,7.97753136679775,8.10699632633491
"CHST9",6.70674692185684,6.90172495385375,6.95188035432216,6.60835857260747,6.66836552419538,7.77672179555769
"THY1",9.75142768602946,9.42586927764961,8.56292471789015,9.91772451084622,9.72936590485013,9.81056549485236
"DNAAF1",6.16034128042322,6.09988234759329,6.00991838444328,7.85190101178858,6.48584680311777,8.99684916410627
"TBCEL",10.1814209294664,10.2027827346216,10.191818965242,10.212542544881,10.3165968984713,10.3253906635352
"JPH3",9.06912428892789,8.76419675287601,8.51987851266151,8.64211539283331,9.34705975790669,6.39501592218696
"ANKH",9.44881355421259,9.55179293197308,9.43036774814187,9.05727523268453,9.54395985411915,7.4811886036557
"FAM105B",8.78339954100118,8.8190071682998,9.10171944999658,9.15712495262734,8.98730356245099,9.47718330387215
"UBASH3B",11.4541655721964,11.3591502369323,10.9403775942731,10.0860069198609,10.6668568460458,9.54349843488996
"ROBO3",10.3701618936684,9.84541672457744,10.5023312333533,11.0069297795059,10.4399969537192,8.80746984176902
"TBRG1",10.5391428654581,10.5604521355579,10.285580907915,10.1509649191759,10.349820058025,9.86531732550384
"NRGN",7.34286011609801,7.09591621670021,6.54174004934149,6.81268653696954,7.33029396821466,6.15160304901779
"FAM134B",9.69198941551626,9.69823149785198,9.05982384137926,9.03775665632753,9.48533866915245,8.8424160794459
"CDH12",9.42618708337986,9.50633303168787,8.86746584518105,9.17152231771162,9.31873155029677,7.45097907944464
"TOMM70A",11.7549923315897,11.7669958335972,11.4626918822106,11.3708948784811,11.6127766635212,10.6376786478861
"ABI3BP",5.29925920898593,5.28072429172865,5.29031095099465,5.15028716110163,5.46935070319513,5.54910236469605
"ANGPT1",8.32860959222088,8.23798184467487,7.84354444978498,9.10056079538092,8.13628678806055,10.6393326515694
"PITPNC1",10.7449987848222,10.7220872556379,10.1711563422798,10.3432291791413,10.4811131277206,9.42440355969753
"CC2D1B",9.25013325340414,8.92465225905957,9.00892007671385,9.16434163911888,9.44716634051888,8.89329206113673
"CERS3",4.60390596466056,4.58878259651035,4.33057497578978,5.49445599134623,5.53476861827663,5.61588662529712
"PRKCA",10.9197243417726,11.0048946960519,10.5879563371494,10.0578915205333,10.4777775823987,10.4033910886096
"LRRK1",5.0958257135656,4.77662214806139,5.33538540566403,5.17826991240815,5.20943279770974,4.94087121374919
"CEP112",8.52072763612895,8.66639283668562,8.43357651933152,9.16673918171736,8.33202305094227,9.91077743446972
"ABCA9",6.86349994425119,7.02443831744491,5.98677983682015,6.20627032032873,6.05777184720114,5.69868419475818
"ABCA6",6.74767673763211,6.97969885755654,6.11933501176659,5.83193623690723,5.87375914045291,5.07532107295397
"ABCA10",7.3493827656466,7.49838179734488,6.8122948523233,6.15492760336544,6.46706506058221,5.71840792780094
"ABCA5",10.8963358662032,10.8823155526438,10.0631532878899,9.50940289037947,10.3443357493421,8.85578004687186
"ENPP3",5.62750733317344,5.55970553524277,5.96317797384801,5.71571562153576,5.20943279770974,5.881557447727
"C4orf19",6.95300237665677,7.03175530872374,6.27629400697231,7.27033258636037,6.96585350046218,6.40604308854489
"UCHL1",13.7039802834012,13.5803306671919,13.4105156124934,13.4926804416091,13.9202655460058,13.0082779593306
"MIA3",11.5517340051488,11.6607163009601,11.2903585625525,11.343373146228,11.4501390787215,11.564871645547
"DISP1",8.84845211348478,9.05325399149441,8.9906694493425,9.12172483349431,8.8073719263142,10.0746257813278
"TNIK",12.2229251314006,12.3524067159146,11.9744813094221,11.8850091071635,12.1479216838121,12.0705683118519
"TDH",5.3344412562722,5.60690679268508,5.0153475618871,5.28112095084593,5.29596108369109,4.68467332000649
"FAM167A",8.92583397425425,8.77490088306464,8.11427230764804,8.75966762211942,8.12775706975868,9.23595794799869
"NEIL2",8.32534240882815,8.09110660840326,8.00894867808749,8.57319896887432,8.63803948388853,8.76761705596929
"PGM5",5.46268370782665,5.62971160557788,6.78756865288512,5.56781120866857,5.63503194179442,6.21702304029175
"WNT3A",4.33057497578978,4.33057497578978,4.33057497578978,5.25661469107151,4.33057497578978,5.73777627602365
"OBSCN",9.45478772567961,9.11011071624947,8.37435639784723,8.6829373718257,9.31499513546089,8.1511653914015
"LONRF1",10.2576876102284,10.1796506059332,10.1049109635847,9.78445307626045,10.1470557871619,9.28754451339333
"TRIM11",8.50060955712267,8.45086393308574,8.24801918127465,8.50270687142641,8.74572469772659,8.37234968959896
"ENAH",12.0805888713826,12.250475207782,12.4170418101086,12.7038422629826,12.3948127056692,12.8692153507469
"CCSAP",10.7272283391002,10.7910683835549,10.5196862124488,10.3073155559274,10.5813828399266,9.67731615248355
"SH3RF1",9.76711242144086,9.70047560481704,9.63207500609705,9.76955555289396,9.72186368347251,9.98465379998899
"GBP5",4.33057497578978,4.33057497578978,4.33057497578978,5.54997731954909,4.33057497578978,6.20421240927874
"BUB3",10.5724724042606,10.6143862746922,10.713918877755,11.0274992169016,10.7125038556173,11.2384820317109
"GPR26",7.74889523544411,7.58935303296618,6.399200953035,5.3280834021818,6.80708020734672,4.33057497578978
"CCDC173",6.66452682316319,6.67516177549202,6.49593802186075,7.03918568086747,6.04459192115025,8.10057341242466
"MMP21",4.87482195210638,5.31286008562374,4.94418431550225,4.71402308857299,4.74232802187034,4.94087121374919
"FAM69A",8.87322395600214,8.89356954853587,8.54871904204772,8.50270687142641,8.7382950326843,9.20051037087257
"ATP5G3",10.7619511717771,10.5709112021367,10.5242188113183,10.6075654106671,10.722402197299,10.4921087471442
"CNTNAP3B",8.23418472593573,8.2161029397298,7.97736969900184,8.19412899676964,8.01505514946301,8.45508278664294
"MAGED4",5.40082433975998,5.34383018699978,5.29031095099465,5.25661469107151,5.49165273270531,5.22140032273235
"SRSF12",9.65873979686973,9.72272653330518,9.57901226323129,9.64448334234428,9.68278954116121,9.20647925499943
"PDLIM3",8.71026813043122,8.38802243974816,9.02694202014253,8.30090221630662,8.14476585961214,8.01774770225266
"SORBS2",11.4843905442735,11.7108071474934,11.7888367685607,11.0212267938469,11.1674911528215,11.5995498121211
"TCEB1",9.36722331489961,9.41907015852302,9.3508884167659,9.44372898179605,9.40912337299681,9.42951436027299
"CEP170P1",7.02883500481642,7.13031363970509,7.01666422632071,6.91606405592489,7.13142268535155,6.3150496424646
"TMSB4Y",8.03232150805896,8.17131409702859,7.97203780474367,8.031939315567,8.23220997116397,7.75637096599122
"CXADR",12.9967232051047,13.0549789930547,12.5598431943907,12.6693210890535,12.8739771981771,12.0362500547601
"BTG3",7.80180884767914,7.7727098763533,8.38639790174872,8.69462837543844,8.03345294249347,9.48579491314048
"C21orf91",8.29225369556463,8.34837600371051,8.77904263540914,9.35403596005894,9.0797913109447,9.72276850315806
"CHODL",7.30307208814694,7.20310972633089,7.58093875215175,9.02062364169454,7.69448858845371,8.27317766751525
"TMPRSS15",5.70087603390657,5.55970553524277,4.94418431550225,6.24586930570413,6.19402372481779,4.98896808752624
"NCAM2",11.3455054545139,11.44258205907,10.6995638908853,10.075209052202,10.2697887591507,8.84433284264935
"L3MBTL4",6.59857684600822,6.62684248559454,6.21973164683618,5.17826991240815,5.79433681434327,4.98896808752624
"PDE1C",8.91503119280458,9.07245697872117,9.24053805560563,9.92269398118554,8.74387088125423,11.9720792331669
"RABGEF1",6.64290506183329,6.94904069284673,6.20029399103025,6.30301855394286,6.3482640446452,6.65516992011782
"MRPL39",8.56013643971704,8.66869125972853,8.67831104441804,8.52159593582743,8.52161505215278,8.58699448060545
"JAM2",9.33842741892492,9.36490572466085,9.26025258226211,11.0089332391831,9.61149782838727,11.6756634907756
"ATP5J",9.31233848597499,9.33053196164497,9.10656909142671,9.44866127260218,9.51168746862854,9.52571313162221
"GABPA",9.5775806536473,9.60427673538432,9.52392016920357,10.0611142046249,9.78442119033637,10.3178355714521
"ADAMTS1",6.52916670743809,6.22692081198388,8.06007361605457,7.33668941949539,7.12563200576146,9.36562143148929
"ADAMTS5",7.83448214704925,7.97662816360005,7.41691240853898,7.15219202138481,7.76612407715919,6.20421240927874
"TSEN2",8.91068724939637,9.07072180600046,8.87032160339421,9.04559589584557,8.88845660449804,9.18698918377656
"SLFN13",4.93817568778476,4.95891832408665,4.86296472820736,5.6525587184268,5.07654591073903,6.9032122694239
"WNT7A",8.40795631508327,8.23487670991194,8.92901816256516,8.28106385062671,8.88845660449804,7.72318954874732
"XPC",9.31398296671504,9.25769619590342,9.63039346040393,9.97830356169549,9.54289567521329,10.6126382338009
"CCDC174",9.0961457883771,9.03200872378282,8.95076317415032,9.00462534486354,9.00597386034892,9.02584078795647
"FGD5",6.2372372059446,6.15796744435664,5.7255112363932,6.34874784099573,6.62713795454819,6.88801804929274
"FLCN",9.45627740472928,9.26074234505838,9.31991508587784,9.46725143348671,9.45623950330908,9.68694879299415
"DPH3",10.0346636124938,9.98264645003719,9.77438118950172,9.59017684304039,9.61453981834653,9.53404027231434
"OXNAD1",8.85525052266829,8.84767674792207,9.08952334658304,8.72426104368107,8.69481210717466,8.66503306417162
"PLCL2",10.8307080503348,10.9009653590137,10.5722840887652,10.5231656614355,10.8902726173298,9.14097848614983
"CXXC1",8.69012071758765,8.31055174989564,8.49044603867034,9.13892330036073,9.17770794981611,8.55220489792328
"SKA1",5.9531937412958,5.83429039028268,6.61470214021762,7.00119606273514,6.17035088062347,7.57744660476791
"PPP4R1",11.5412522496316,11.6115075454415,11.5874644746506,11.8345062554307,11.6289028218086,12.000881083796
"APCDD1",8.52642419646877,8.51618269687899,8.69129571949293,10.00799844426,8.94277315184952,10.9089361814548
"PIEZO2",8.3576834732361,8.50335485026256,7.95592129618506,9.19167514527474,7.73264244605026,10.3745503226345
"CCDC144B",5.81299943796065,5.67386991742712,5.56693702969189,5.20526093226038,5.03903521958369,4.83010453277739
"MPPE1",8.56567891271529,8.5639081702684,8.46796826016975,8.36511180722146,8.6057280384882,8.39872068668933
"CCDC144CP",9.63920243543899,9.80740535239521,9.77438118950172,8.77704892531192,9.0665139084981,7.77672179555769
"USP43",5.36825224778896,5.37374005388151,5.53204272811162,6.99014613646108,5.49165273270531,7.55871379354643
"RAB6B",12.0616450520544,12.0298991110644,11.8123727869706,11.3096386057426,11.8490122335599,10.6816841406337
"EME1",6.19167384472197,6.11466471136286,6.6427968877454,6.97900650440671,6.5226185101805,7.28932599176162
"EPHB1",10.5710989438843,10.7445439441126,11.0946076666706,10.4895995641637,10.5891317761575,9.87658369192511
"ACSS1",6.14437114006863,5.85279833732561,5.96317797384801,8.19176830058879,6.73951207025976,8.7635702929894
"ANKRD40",9.48575194320407,9.47520932457406,9.30100614252949,9.64963179121211,9.57031200752777,9.76783981885991
"ZNF18",8.69770916277194,8.61487346962936,8.57699109984022,8.63693004494885,8.63803948388853,8.98820979985356
"CA10",9.66261567984884,9.58618477519925,7.97736969900184,9.48368376482266,10.1938898324582,6.20421240927874
"VOPP1",10.5475477401839,10.4758968546978,10.2770116390974,10.8721826858919,11.2229923418808,10.5512913601972
"APOOL",7.21276396249247,7.4122663862888,7.7715894574761,7.14725081659193,6.8503189605295,7.11295807452319
"DKK2",5.46268370782665,5.40267998277688,5.49586482724437,8.12403356891573,5.74380775294986,10.1897341829691
"CYP2U1",8.86426533335222,8.73379375907277,8.6684948890638,8.47195701967692,8.56848622357422,8.61423127441146
"RSPH10B",5.18373077138573,5.34383018699978,4.63910910251109,5.61949520913034,5.11210946503177,6.17818765351574
"FBXL18",7.36233757036877,7.05347576660264,7.21295211595265,7.06043229251081,7.33029396821466,6.81746123354231
"CNTNAP5",11.5891892080393,11.6624430857414,11.1642082065961,10.3558792333017,10.9632399648572,8.27602730068936
"PROM2",6.93556526942794,6.43659925234347,6.399200953035,6.30301855394286,6.66022149182736,5.9629602809734
"AK9",9.21711404294371,9.36773350774306,8.79716793330851,8.97071280607936,9.05908427896942,9.02584078795647
"KLF10",8.03232150805896,8.09796538318799,7.86097764282631,8.70457402807259,8.59547967626854,9.40247801895384
"PTPRN2",11.1278637222117,10.8145564764648,10.8053878429584,9.95285050861993,10.535598950076,8.87465841980021
"AZIN1",12.7770006771032,12.7898200998883,12.4792807201946,12.6063234026438,12.8640062968781,12.0652467901297
"ATP6V1C1",11.3455054545139,11.3591502369323,11.0418502652569,10.8644579404233,11.0689778160313,10.6315976870657
"TMEM55A",9.48283148272384,9.40949714200264,9.39117632047299,8.60718720155449,9.13029141831288,8.09412146387491
"OTUD6B",8.99926288615758,9.02664801427606,8.88168823501977,8.80350402162126,8.79489427307196,9.1456463191189
"CDK19",9.91631307968877,9.97525287431333,10.0804943461064,10.3605945391495,10.2614064670359,10.2766230903285
"GTF3C6",9.00334769545298,9.05676456344544,9.21831162784639,9.38627352123666,9.12175916757172,9.54231955495077
"MARCKS",13.744823537157,13.7647780029349,13.7847609835825,13.8563462475806,13.9666528345608,13.3229584477795
"TTC39B",9.42161881862774,9.44339822117206,9.4872250638378,8.77704892531192,9.16530776686839,8.85957561010754
"AGPAT5",10.7437802412802,10.7165565609378,10.6456716740754,11.053937706079,10.7608726196522,11.2522375365503
"MMS19",10.1895002958792,10.1479449298718,10.250993970176,10.5564249677821,10.3994379983046,10.7673744807949
"PI4K2A",8.62527354312051,8.47734963347558,8.26552265982298,8.81119312613597,8.7308267358132,8.76761705596929
"MARVELD1",6.91790282534075,6.59698438339265,7.50874119576164,7.1814751206461,7.17129355743574,8.06141674089896
"ZFYVE27",10.1132160244699,9.81674404516997,9.75753524751874,9.73283697648545,10.2053644450738,9.20200491408147
"GOLGA7B",8.87990647035073,8.65484519824644,7.5525018847791,7.7200078598636,8.73269745384022,5.7938961322474
"TRMT44",8.54898683365936,8.41019435047483,8.80912566916236,8.51595529628347,8.55161884047265,8.41172633116895
"SLC25A28",8.05225889084432,8.1516805943671,8.0347402825363,8.01866490352035,8.26107457242537,8.1229283008828
"HSPA13",12.1203304748252,12.1600675899025,11.7150405325192,11.7371603060026,11.8788176721519,11.6466303808781
"USP25",10.8180271444489,10.94892173239,10.8246233073157,10.5790785613451,10.5870694607354,10.6120768121414
"GRAMD3",5.14109345202186,5.67386991742712,5.45827589049947,7.66976224547184,6.07080875752555,9.48946990026244
"ZCCHC10",8.79523417180489,8.91307485178166,8.87885499257802,8.81731492179533,8.89013307157339,8.7635702929894
"C16orf87",9.47550432035256,9.52797907386995,9.29039286680889,9.3811224815892,9.44374911456541,9.26770213530466
"MOV10",6.86349994425119,6.84436345213363,7.44043827095953,7.86086919678128,7.10222383794015,9.32505650633143
"RHOC",8.46248153882753,8.16806052790184,9.04726577808308,9.64448334234428,8.66768478986377,10.9207713996634
"PPM1J",5.54851785949931,5.55970553524277,5.66493901424027,5.4150421589993,5.46935070319513,6.16496703674859
"DBI",9.66390532749005,9.79590860243539,9.75599398865199,9.75450242153851,9.99199944384328,9.30015741663468
"SLC16A1",9.51177300923692,9.57399600582811,10.440369043212,10.4771096601097,9.69529399454911,11.1638400478613
"HEATR3",9.33357161491262,9.42857996329731,9.11621961141978,8.94439359993888,9.15558876676261,8.90619337077487
"TRIM74",5.36825224778896,5.24729833481842,5.13786241172375,5.17826991240815,5.11210946503177,5.25394328805817
"NIFK",9.21887090889578,9.2713533931228,9.45147693762016,9.51693601294656,9.29237070313745,9.81740250894982
"OXA1L",9.4915751603038,9.44607614639958,9.44957065374681,9.40770891967464,9.52683793040165,9.61252207666058
"SLC7A7",5.14109345202186,4.95891832408665,4.86296472820736,4.95373220111794,4.66714835127326,5.42659714675519
"LARP1",11.8888836614049,11.9681783013496,11.8478762854697,11.6512691777939,11.8731172067162,11.4174895142016
"CNOT8",10.313789729394,10.3748805835137,10.1952341294058,10.4129841003739,10.4336984636324,10.1768827486132
"GRIA1",12.4087132153724,12.5725548710559,12.587605340762,12.447124880437,11.9747980198564,13.7325844154808
"LRGUK",7.72915364180026,7.85619776121262,7.87819958590748,8.67621380842172,7.70604305136319,9.61812751773036
"SETD9",6.48076738158518,6.85270764240235,7.00607707526862,6.7346503210604,6.87839785072055,6.78488350934427
"MIER3",10.2161091567086,10.3153812582243,10.3099376209945,10.4732447482786,10.2990639292882,10.4399153841905
"NUP205",10.988725927943,10.9737065614045,11.0700208346721,11.2538540294984,10.9786597389671,11.2493525213784
"ZKSCAN2",10.746824671992,10.7374613151896,10.5914160510611,10.6918779904752,10.9802319736717,10.186720605223
"C9orf85",8.05225889084432,8.42931722170164,8.37838149196812,7.99987055854279,7.88592779193738,7.7967848029881
"PIK3AP1",6.14437114006863,6.14370258404416,5.98677983682015,6.95645192050632,5.65395698090973,8.42717884553343
"RBM45",8.59578559098937,8.71612723703442,8.95345832344914,8.51971818676835,8.65787088801784,8.57779943472958
"C10orf12",9.36563856073283,9.50633303168787,9.85577809121424,9.36972491764464,9.27324157434782,9.17638417640136
"TTN",9.78025207852034,9.57888389500345,10.7178811484069,10.8507461944603,7.79883347609376,12.2255760624634
"PDIA4",10.3741053903518,10.2224306333704,10.600887691049,11.5748915043002,10.7970059801325,12.2758807258361
"KDM8",6.72736783383392,6.81901835644222,6.71054607635312,7.15219202138481,7.15434627732596,7.26046915862092
"OTOA",5.40082433975998,5.55970553524277,5.63329680407505,5.3280834021818,5.34903754503733,5.25394328805817
"KCTD18",7.673401304741,7.79827577472242,8.10942933195419,8.18228632444168,7.94224401134541,8.56622213080097
"FAM126B",10.6250420082878,10.7314410354125,10.8921018799277,10.119779239554,10.4632337321427,10.0070381019114
"ALS2CR12",6.33753079965724,6.59698438339265,6.6004284650849,5.97436269294477,6.03126530424217,6.75149995617342
"TMEM237",9.99525905547243,9.99000229833245,10.1630402236757,10.0423215584353,9.90276542120911,10.0835647543077
"FZD7",8.06408889101343,7.98034834265512,9.55084080548476,8.95414628407805,8.7308267358132,9.34141986251288
"SPAG17",7.13148432506259,7.17707819150479,5.60065691610817,7.95874222971631,6.5226185101805,9.01907161514508
"DEPTOR",6.85421751109717,6.99477456520651,7.10845497857026,7.40827444694496,7.32527586400282,7.75226551809383
"FMN2",9.39545465336253,9.77263625565238,10.3625218616087,9.45553822620548,9.60844940216606,8.95667116829504
"RNF20",10.6104076654509,10.6525397909364,10.3318226714653,10.8904101154915,10.8865045681228,10.9144106595209
"PPARGC1B",7.9749660378048,8.01702544944932,7.29296706676106,6.97900650440671,6.8573932640096,6.65516992011782
"ELMO1",9.20652757588376,9.24544673015779,9.50568946027502,8.81425728404438,9.49417526294008,8.20900481354466
"SLC26A2",9.07495748714055,9.15173610892029,8.8646044017896,9.17390793758876,9.15976209216697,9.26341438135149
"LSM11",11.4099128487632,11.449266132873,10.9471440943526,10.6496957863247,11.4934443334557,9.25623962257505
"MED7",9.26551345947806,9.2713533931228,8.95076317415032,9.08035324209271,9.22228255718215,8.85387849985259
"RRAGA",10.2037527716036,10.0849403254977,9.83549097516161,10.1406444613703,10.2832272862691,10.0932535628766
"SLC24A2",8.94295135294703,9.00136376179609,8.36627211087885,7.24288030421585,8.02121416697394,5.86456156907527
"ACPL2",10.9633010217503,11.0202394724026,10.7468684560263,10.7797701676097,10.8700616391138,10.7968201766641
"ADCY8",8.19889151572816,8.4641679579657,5.2426758087291,8.11658201929419,7.55221058705847,8.29581737308345
"RASA2",10.149563605298,10.2067337917037,10.2054313535062,9.70178228472223,9.85812764785629,9.50528738305195
"RMND1",8.99926288615758,9.28637763563983,9.43615555057683,9.12048846997021,9.0827252779682,8.92985005369329
"SLA",7.13148432506259,7.08191392230372,6.38235023120535,6.03376044615837,6.60177306867266,4.94087121374919
"TMBIM4",7.73411488001588,7.83578143291402,7.68275068519138,7.90198851257261,7.76979592090996,8.35359674201096
"VBP1",10.8364354475978,10.8877390245429,10.8016591231432,10.9840272638985,10.8160599885502,10.7097678158457
"RAB39B",9.92816589176384,9.83626256461779,9.7804584912872,9.24483254291013,9.74147432400551,8.59156999981621
"CLIC2",6.67520758794867,6.85270764240235,6.6004284650849,5.88579523582229,6.33784955861795,5.91480976668293
"AFF2",12.2715044255564,12.4213347491311,12.0742741139272,11.9637194783683,12.5306958010099,10.5264795705098
"MICU3",10.2593942955875,10.3818862525832,9.88709190737751,9.58839047948132,9.89861287266088,8.96901851449384
"GRIP1",10.9347526719196,10.9611335487209,10.5251236241174,10.6259586969186,10.8326914231254,10.0433121394199
"VPS37A",10.0044484823128,10.026228845131,9.998157460385,9.92905822888359,10.002871811214,9.87190007002565
"KIF5A",12.4247680706633,12.4025160675399,12.0348003191258,11.8483712705986,12.4126784200509,11.1301250756139
"TMEM185A",7.673401304741,7.76840374055197,7.48634011036382,7.20541450763482,7.34524114011646,7.60964233684129
"PSD3",11.292325560153,11.3213933120747,11.7201848194088,11.7479957075514,11.4840557975153,11.7563685018807
"C9orf41",8.84390190897892,8.93804245124898,8.89857141295084,8.65414218569472,8.75863485136611,8.5117289367599
"MCU",9.0961457883771,9.13024122869852,8.83567220572049,9.0219488354814,8.95723743288725,8.85006784160044
"ELMSAN1",8.54898683365936,8.45886115771458,8.61156529937367,8.48741438657549,8.32707031228796,8.73698473943939
"TTC18",7.94539845021997,7.82753203113606,7.25797082264261,9.04429231904614,7.46851027478775,10.4053366578763
"GNA14",5.89520136979655,5.71625300812078,5.07933519419276,5.49445599134623,5.65395698090973,5.37273133131448
"FAM161B",9.55273161675383,9.51017663343436,9.32408356162738,9.32964257461733,9.69720816186653,9.39857391585116
"GNAQ",12.4241977489781,12.5740845977576,12.2596240612481,12.0466690576198,12.4307568297971,11.4426492629269
"WIF1",4.7165496130104,4.77662214806139,4.7660846074949,5.3049269085433,4.80549449477315,6.02423069666386
"GPR61",8.52926401365878,8.42387953790099,7.89521540952253,7.26124177581943,8.30204624176601,6.37267378303614
"MMP16",11.1783438562397,11.3246686246998,11.6123666774293,11.4494600911001,11.5344176509973,11.9948651382878
"ADK",8.94295135294703,9.00136376179609,8.75760331881909,8.72588951096918,8.53883685259872,9.10308048732536
"KCNMA1",10.4891134541659,10.6536978880829,9.96385921926657,9.39345416284459,9.87851239859264,8.39348518624799
"DCK",10.1477217503584,10.1561412944237,9.87861902033256,9.83428429388061,10.0508075534693,9.39596528816414
"ADAMTS3",9.93885724820835,10.0754636871145,9.9585093779505,10.441452339329,9.99589185212642,11.16995561965
"DPY19L4",9.1189098997837,9.20963751925532,9.57901226323129,9.68349254613721,9.41378852041681,10.3457965095902
"NDUFAF6",8.41411815025139,8.57865534434949,8.56292471789015,8.32046931273056,8.49097008170469,8.7077928690121
"DRAM2",8.38931017155583,8.58353757450613,8.5839729087344,8.62126064586778,8.53455075113621,9.08375047459271
"C8orf37",7.80180884767914,7.7727098763533,7.80802279742507,8.37968859912342,7.74389108278467,9.22864467878167
"C15orf26",5.85484684019812,5.81547244195914,5.53204272811162,5.94973919615279,6.13396671442646,6.77661481002274
"ADAMTSL3",6.26671530794524,6.08491777140764,5.66493901424027,5.28112095084593,6.03126530424217,4.83010453277739
"ART3",4.80259831140558,5.24729833481842,5.2426758087291,6.81268653696954,5.07654591073903,8.29019094304986
"WHAMM",7.25517290337706,7.47203311609823,7.84937931103585,7.73311098382377,7.68283904712796,7.87431663323032
"N6AMT1",9.471090065067,9.47520932457406,9.5632336565914,9.12048846997021,9.3531450048145,8.935254450448
"RWDD2B",8.71276679716077,8.66409072801546,8.30836671377887,6.70759898081338,7.5734348367007,6.3150496424646
"USP16",10.1966441441589,10.2865526719278,9.98506222361633,10.2457749924533,10.1159200572859,10.4014428909097
"CCT8",11.7718266622004,11.7797798345655,11.7502843559631,11.7686373294702,11.7379335302096,11.6959358990855
"BACH1",11.9650972486637,12.0742461039035,11.9615074780564,12.0592902401614,12.4810364392582,10.9084790356629
"TSPAN7",10.5482459403739,10.5764177990726,10.1360466596132,10.0179834881055,10.6252555094636,9.53995889698491
"TIAM1",10.3701618936684,10.3429269419413,10.5582087707922,10.9486289930058,10.9970261399046,11.0618800695414
"SCAF4",8.74729920912343,8.97005160344851,9.20254636568912,8.62998697861772,8.75495806080203,8.43992984962074
"RPGR",7.52069154069623,7.60879611156309,8.14772082508125,8.97345543269955,7.6432996066977,10.294929845911
"CDK20",9.15606763868563,8.8896365274247,8.73270290508688,8.95553414058716,9.1260316168917,9.15339255120316
"PCGF6",8.10664516815297,8.00612109597467,7.72786621708424,7.91352177677454,7.70987368248261,7.88558998999751
"ANKRD9",6.22223378738274,6.0388771203416,6.29459653090917,6.19617072220197,6.17035088062347,6.44923337026561
"SFR1",6.41762377436216,6.53516475243763,6.74960856768488,7.19110043870618,6.58458917618073,7.24286392443478
"SORCS3",9.89780121400756,9.88935209405871,9.82376882759716,8.67621380842172,9.28602252592834,6.96235222053922
"SFXN2",7.73905881029305,7.83988823707131,7.7715894574761,7.76215746439214,7.25306074925114,8.03470212691223
"C14orf2",10.0913426925188,10.0315851563303,9.74826287174624,10.1123423504523,10.2013250009376,9.86531732550384
"FGF18",5.0958257135656,5.6520241287847,5.56693702969189,5.71571562153576,5.76091096778062,5.5258120673756
"PCDH1",10.427452267456,10.461419680804,10.5827511546811,9.29171070157577,10.2147460368116,8.01090906400809
"SH3RF2",4.60390596466056,4.77662214806139,4.86296472820736,4.55239249687834,4.66714835127326,5.18746296578136
"GDF6",5.18373077138573,4.95891832408665,5.53204272811162,5.45558649408591,5.84266003333913,6.68213699712675
"UQCRB",11.4369286506374,11.4100601994962,11.14196904401,11.0555539401366,11.1900843969474,11.0478348765401
"MTERFD1",8.35448204461937,8.22864613726104,8.20329953523338,8.47195701967692,8.33202305094227,8.49227875959925
"PTDSS1",10.9105230128214,10.8818214970266,10.600887691049,10.5403530311984,10.7617870741227,10.5228999234558
"PPP2R2B",11.4894882022511,11.5290429009625,11.2217030351449,10.9290124415235,11.3642462947865,11.2384820317109
"RPL30",12.0402177222496,11.9567309811499,12.3747585669809,12.5774789238874,12.3224466440261,12.6436459171771
"KCNS2",9.38454146792885,9.20014760361899,8.98277629335664,8.0581230460648,8.78591485054971,6.67320839276355
"FAM122C",6.19167384472197,6.35439345161833,5.78285907365734,6.14439749474012,6.2287072513673,6.5513242749642
"SUPV3L1",9.30077422707913,9.33776114432522,8.95345832344914,9.16673918171736,9.15976209216697,9.09505785200406
"FAM122B",7.47384006337657,7.52424624116357,7.64962153261386,7.52254730534119,7.04190649928189,7.6455606716121
"EEF1A1",16.7183613798736,16.7468797640765,16.961769129725,17.4434854819693,17.1372226938993,17.6600364279341
"FBXO43",5.49214979402744,5.17594971784969,5.41912560421338,5.28112095084593,5.37441071259404,5.97857887220761
"HKDC1",4.80259831140558,4.69525161239808,5.33538540566403,5.15028716110163,5.14598214718274,6.06819675099262
"HK1",12.0126619936228,11.874199089009,11.4141933187458,11.4634067707955,11.9252614109232,11.4564743320348
"TYSND1",8.19172708519929,7.92736006298722,7.91203005704628,7.9780833169771,7.95195488704681,8.56854507780522
"PHF6",10.8957874100951,10.9732428433929,11.3835935409805,11.207793541011,11.1640368521591,11.1012145072361
"CD109",6.48076738158518,6.60701201275565,6.57141063641404,7.54134455499361,6.67646014042819,9.1300276298855
"LRFN2",7.16902082071916,7.2286626536223,6.25772181162451,6.85007747191337,7.495483467887,5.571858798105
"UBE2L6",9.66390532749005,9.69485877101641,9.44957065374681,9.75211117196943,10.0380287305505,8.64756606686462
"ZDHHC5",10.0416236119212,9.90208078602438,9.80898078778316,9.7774155473168,9.98418295473031,9.8539622010527
"MED19",8.56291035292436,8.52128187610374,8.36221278826824,8.78175300944217,8.79489427307196,8.45256839691374
"ZFAND3",9.46666224003285,9.48955788338247,9.77133290123044,9.76085975679018,9.81294606407946,10.0932535628766
"NPTN",10.9234961292776,10.99167625654,10.7003651495041,10.6997549911491,10.8902726173298,10.7809242755381
"KAT6B",10.7970330317731,10.9284955801166,11.0718794546175,10.7316487529271,10.8103259744397,10.6617492953671
"SAMD8",11.4232937334438,11.4854849876051,11.4078307974119,11.1414640655259,11.0730355377131,11.2871185080341
"RAB11FIP1",7.037008143838,6.97969885755654,7.04794528740955,9.22080829341615,7.36003032060166,10.7834195874245
"UNC5D",11.0540853298383,11.0700963276883,10.1145629917274,9.77506204680653,10.5568296679797,7.01904347123356
"GLYATL2",5.85484684019812,5.85279833732561,5.69565584988958,6.10134683232378,5.76091096778062,6.56110919235617
"UTP14A",8.34160426329624,8.44282183317067,8.37435639784723,8.65414218569472,8.59753521253932,8.7077928690121
"AIFM1",8.55457246948722,8.44550755057841,8.31678371072775,8.48741438657549,8.54737082130233,8.70357373679164
"MAPK13",7.11618018037421,6.91767973622659,6.55665892062138,6.09034204967627,6.87839785072055,5.25394328805817
"BAG4",10.1541579748165,10.2783162273879,9.89691440146145,9.96391242968979,10.0627320813799,9.65567690395344
"TBC1D31",8.59035842953819,8.75341226294318,8.64198552070115,8.93316606974582,8.85794096092759,8.79760980043067
"WDYHV1",7.84825812045836,8.09454011614963,7.96131375730328,7.92211078054445,7.83781430859603,7.73987735564204
"ATAD2",8.21664703408512,8.16153107573027,8.77904263540914,9.64791768478496,8.31461296790953,10.3157682032421
"FBXO32",6.79714772954774,6.81901835644222,6.51138402021999,7.56357526806495,6.48584680311777,8.35089758749689
"NSMCE2",7.98745233420534,8.2161029397298,7.95050833517773,8.24737604559895,8.08726367540621,8.4348430554223
"ZNF689",8.53209821877575,8.48780839229266,8.35814192546247,8.75648466552255,8.86988525723704,8.38295642421106
"PRR14",7.41919597398627,7.33818434225533,7.55966503163793,7.53009632512216,7.99641677579841,7.13227778960985
"FBRS",8.15535599076309,7.84398320320908,8.36221278826824,8.25643732290653,8.43225937392801,8.14493855589429
"FRRS1",5.54851785949931,5.75702651981449,5.3782345210694,6.46052802040793,6.10909595759182,6.74302312567997
"PHKG2",8.37989528015012,8.17456027369429,8.05504282183853,8.40840453166656,8.42764195508111,8.38295642421106
"HIAT1",10.8093167040528,10.7385532167882,10.4763686596708,10.5745762202336,10.6131456263077,10.5848682772389
"SASS6",7.72915364180026,8.03143602779667,7.98268170929863,7.58907586411754,7.6190341013449,7.55399145505369
"ZIC3",8.98280663449547,8.95130909473487,8.27419472702668,10.1210150000359,9.02897599550607,10.1600796064063
"MALSU1",7.97914030923466,7.86024605995143,7.80802279742507,7.7200078598636,7.83431448138079,8.16045503996907
"VPS8",11.458628491566,11.5456677939072,11.4097914869128,11.1760505104814,11.3943338880717,11.0557005127332
"GALK2",9.2047555698784,9.24236800755149,9.28184555216452,9.07653252401615,9.13595160831438,9.17942216068995
"LHFPL4",9.04357016000457,8.81070969432837,8.41018140881965,8.08128434587954,9.02287797049956,6.44923337026561
"B3GNT7",5.0958257135656,5.24729833481842,5.3782345210694,5.15028716110163,5.42310223496893,5.3153992589889
"MPV17L",7.56044579433542,7.56963839252502,5.78285907365734,5.87256822454692,6.87839785072055,6.11061427847656
"BUB1B",7.71416483505751,7.63272951889504,8.18960621252554,9.13647892555779,7.79883347609376,9.4919146930977
"PDE6D",9.56382858057774,9.45939159292652,9.35903667418322,9.47790550031843,9.48089996006794,9.43841485245337
"EIF4A2",13.6391929272919,13.6318431542898,13.4317767965309,13.5526753312674,13.7520545995414,13.5260388010311
"BRPF1",9.08076712991475,8.85172611001252,9.00112672005549,9.19754913987009,9.21962000682122,8.97077379830165
"RPUSD3",9.26551345947806,8.97191248858325,8.83274669203781,9.0854318005214,9.21026210316021,8.8951422091692
"SST",5.57553933579376,5.62971160557788,5.45827589049947,4.71402308857299,5.32290848716218,4.33057497578978
"TATDN2",8.40486543042777,8.31643631995126,8.38639790174872,8.38382629045204,8.57267226240335,7.91522255745225
"GHRL",5.0958257135656,5.24729833481842,5.19204933581343,5.20526093226038,4.66714835127326,4.98896808752624
"SEC13",10.3113238271518,10.052813581658,10.4220265259559,10.5591622621873,10.4314012658825,10.5922880864765
"EXOG",8.85072182485831,8.97748073945348,8.72008892138754,8.54578554824596,8.85107081666072,8.57779943472958
"NTAN1",8.81861495336706,8.80445499341524,8.58048625117165,8.56229638345275,8.83896847052867,8.42204650244722
"NMNAT2",11.1194325043658,11.254275111876,10.9369824033538,10.9555707483262,11.1958470054036,10.7958317988801
"ZFYVE9",11.0947951182547,11.0946062753878,10.9288011893898,10.7953313755024,11.0117064714551,10.4884426512315
"ATP2B2",10.1687623417293,9.99000229833245,9.14006648893158,8.01599512300708,8.98416814546324,6.77661481002274
"SLC6A1",10.5363303200574,10.3579267971053,9.08952334658304,9.32857256058965,9.70674104283633,9.90437025692039
"SMG1",12.1217381421833,12.2476022711413,12.6026819635017,12.0578395725451,12.1444203505138,11.9455897366033
"FCHO2",9.40319946182807,9.53554185395783,9.70098438789616,9.41377517198598,9.51277494470214,9.42440355969753
"RBPMS",5.40082433975998,5.60690679268508,6.11933501176659,6.65179842733786,5.49165273270531,7.82049194481516
"TIMP4",6.35123217836489,6.41364234346673,7.49384682798959,4.95373220111794,5.51344929562775,5.03357482878391
"SYN2",8.41718915815296,8.59082991094729,7.20377091105087,6.89243729035956,7.79883347609376,5.59411117987997
"NRG1",10.1226236305861,10.3146492181154,9.75599398865199,9.42583155542229,9.70864007468734,7.96209693964475
"C1orf27",9.46370277656609,9.69147813161039,9.75753524751874,9.34876809068336,9.30874614909493,9.5564028406261
"CPT2",7.56603455452022,7.7727098763533,7.97736969900184,8.4950810177533,7.80957118629394,9.17486277607657
"NECAP2",8.76425898750754,8.5639081702684,8.90415536165726,9.37595295084046,8.92325828344737,9.9521877493592
"LRP8",11.2440207698547,11.2874787270531,11.3579268978971,10.7202806867921,11.2029338843191,10.0705442170303
"PAXIP1",8.97658666733327,9.09993885359379,8.67504644412205,8.85796865252686,8.83200680950523,8.96020981308936
"STEAP2",7.3493827656466,7.48790146963411,8.08989141677383,6.41867436581111,6.95275775737551,6.27917803362026
"SSBP3",9.8270474964369,10.0404683528969,9.98769080486723,10.3699791452764,10.5145936510346,10.4046884263976
"HTR5A",5.9531937412958,5.62971160557788,5.0153475618871,4.71402308857299,5.17836802896297,4.33057497578978
"CLDN12",9.74534934734069,9.67102602612255,9.69777664677244,9.53188509670835,9.66235797248496,9.43968187315736
"MMP14",6.41762377436216,6.19979772223188,5.13786241172375,9.22771337610427,7.85518527529004,10.3033013604969
"FZD1",7.64731463068176,7.54460119313592,8.29564766292227,8.39411852373744,8.05761978181695,8.84433284264935
"GATAD1",9.31398296671504,9.23773754230105,9.5038536350343,9.5065677819332,9.32121711763132,10.0240233463816
"CLEC18A",5.40082433975998,5.2124335202594,5.78285907365734,5.25661469107151,5.42310223496893,5.50195500208462
"DHRS4",6.19167384472197,6.00716920758814,6.21973164683618,6.12306193840807,6.04459192115025,6.36135507851925
"C1orf158",5.74711795931809,5.88893120691801,5.83737023149546,7.35386512212328,6.00415649635366,7.57278667125649
"ARMC12",6.2520628250378,5.99099191043792,5.7255112363932,5.68460767469218,5.91887334582027,5.69868419475818
"DDX19B",9.04158552640238,8.99405729168664,8.56292471789015,8.84903335193215,9.0958545881911,8.67368750799541
"ST3GAL2",9.15790057669722,9.04620704156347,9.03713979246116,9.27847197614137,9.50076731445007,8.96550150626289
"FUK",7.56044579433542,7.20954211151148,7.36864289908543,7.95316761118244,8.01196563195928,7.86675109047803
"IL34",5.40082433975998,5.24729833481842,5.75456202992873,5.35063533644267,5.03903521958369,5.75680447202851
"DHRS1",7.45586048096702,7.19664743352791,7.14737131843771,7.74932133463393,7.71750400309801,7.98322153745751
"CACNA1D",8.9556569712532,9.22843168569077,8.98541216167722,8.0266443740023,8.92979271367827,6.80127051198349
"ARSE",5.9531937412958,5.62971160557788,6.23887088147353,6.09034204967627,5.7264309006772,6.57082196690698
"KIT",10.971652408808,10.9718507942044,10.2043018834589,10.284337735571,10.3492117194117,9.9080349878411
"HYDIN",9.08269847586965,9.38458457869817,9.72481751038521,10.9388540651812,9.28602252592834,12.4036571468041
"AASDH",9.31562557135797,9.37477876640336,9.3570039283551,9.48176025103329,9.18181771500638,9.7112769198216
"ZNF19",7.29632919015158,7.35563129640412,7.40100650295854,7.77170888304149,7.37950932416922,8.15736519835445
"CACNA2D3",9.22936731070843,9.23928268629442,8.15243586610618,7.65949546353462,8.68324881614461,7.2487570893267
"RNF111",10.0739899035233,10.2043644569208,10.2322765553301,9.8350376294337,10.0950249037855,9.71337312630108
"CCNB2",7.16902082071916,7.26613346708606,7.90644722971276,8.67284018235232,7.43637318374401,9.00885774659924
"FAM81A",7.34286011609801,7.38423491701478,7.08857834537339,7.59627790978649,7.36980368498061,7.46112122694523
"MYO1E",8.31549587315435,8.59567095972145,8.92901816256516,9.41276590271724,8.06657780568588,9.82226630928965
"APPL1",11.0202669696126,11.0327549144615,11.0285133191761,10.9465399350351,10.9620469724212,11.0778241059808
"MUM1L1",7.77800158699728,7.92736006298722,6.11933501176659,7.59268147982136,7.9711801799876,6.80127051198349
"AFAP1L1",4.7165496130104,4.84495094307666,4.86296472820736,4.77291247508709,4.86095996838829,4.94087121374919
"TSC22D3",10.0495369684471,9.87948372819375,9.77590291920157,9.48656422788139,10.0671784729731,8.59385229957226
"DSCR3",9.73679637096289,9.70271622243005,9.77894156671365,9.71001967654531,9.70674104283633,9.68374506224799
"DYRK1A",11.9088615108189,11.9249541098991,11.8424428425452,11.9155872858956,11.9100831700168,11.7075436487821
"KCNJ6",10.406041624479,10.7783832250735,10.122955833122,9.84703775404901,10.1209186667759,8.8269892391492
"ERG",4.33057497578978,4.33057497578978,4.63910910251109,4.71402308857299,4.33057497578978,5.07532107295397
"ETS2",9.01957190137446,8.90919490513826,8.41018140881965,8.5439392243761,9.19949232418683,7.26628849061589
"TSPAN18",9.67033630852472,9.61264252636492,9.71850045297244,9.32857256058965,9.88440404790284,8.67152878308542
"LCA5L",5.29925920898593,5.51016048524524,5.49586482724437,5.70027502758029,4.95674843757777,6.84138999912851
"SLC35B2",9.24496978420086,9.00136376179609,9.29039286680889,9.78912574268393,9.49637596709566,10.0786958229421
"TMEM164",9.80967678093453,9.74463911025343,9.90110363737725,9.73364523582274,10.0136627931648,9.38416763273161
"MX1",5.57553933579376,6.02312871455732,5.86366298223323,5.4150421589993,5.55563637036578,5.42659714675519
"CREB3L1",5.54851785949931,5.81547244195914,5.33538540566403,5.43553531135657,5.39908280147121,5.15195654074678
"C2CD2",7.96658061404491,7.66092470637922,8.50891201053144,7.05515127625664,7.56073865313527,7.06680005950331
"TAB3",9.92816589176384,10.2294388434311,9.78651027341612,9.55950325524051,9.71526704719357,9.36695411060571
"SLC38A10",8.31219858346385,8.02064177406534,8.61838128862913,9.13647892555779,8.80559602478546,9.4192745582391
"C9orf43",5.3344412562722,5.7368316223205,5.78285907365734,5.71571562153576,5.59610890044655,6.26699080821412
"ZNF618",10.6603454078454,10.7857964525053,11.0619390253535,10.733669369398,10.8827266494647,10.3205874598097
"DGKI",12.2309912108475,12.2114942328354,12.0717996985429,11.0900297392947,11.6099867341331,10.1852114510523
"C9orf91",8.87322395600214,8.96445445598059,8.67504644412205,8.2854962081516,8.97155766849428,7.92617754941335
"SVOPL",5.49214979402744,5.17594971784969,5.07933519419276,5.05921631031587,4.86095996838829,4.68467332000649
"SNX22",6.30967770216152,6.34220771365591,5.81044805857035,5.74594758405598,6.29531752794964,5.45239055899795
"UBN2",11.0521178121966,11.3362543192771,11.4631640065212,10.7867934949147,10.9536682827041,10.6288251152969
"BRAF",11.4164276392714,11.5746902849283,11.3875785649779,10.9755149516618,11.2282944896185,10.6552243136385
"SLC34A2",4.33057497578978,4.58878259651035,5.13786241172375,5.66870520190303,5.03903521958369,6.02423069666386
"PSMG3",8.33512167246894,8.31349705932105,8.20783497667597,7.90488060656855,8.36622061183977,7.51563211554337
"CABP1",6.07831789081791,6.02312871455732,5.69565584988958,6.06802763232559,6.55838671547071,5.71840792780094
"WDR19",10.2628016180267,10.245660070295,10.0405466893855,10.7778131585701,10.4128907446768,11.1395047405284
"SLC37A3",10.6545211932632,10.7467162357709,10.4622654488262,10.3642513689931,10.5855207865364,10.0516187394379
"AP3S2",9.18151873839169,9.19378605294295,8.93721112787581,8.99386008831463,9.13736318391428,9.00543694179581
"FMNL2",11.2573172222359,11.4179189445605,11.7421374773539,11.3586404977388,11.4421756485144,11.1445600407456
"GAREML",8.72023681804644,8.49560269277639,9.27970077105899,8.51407014182555,8.5851575916591,8.07458872633557
"SPPL3",10.2981006521231,10.1756245270488,10.250993970176,10.1684016808963,10.5896468945513,9.9334304915642
"DPYSL5",13.4400443877103,13.3224045399568,13.3139708959611,13.1402536797299,13.6089962850452,12.5981693538551
"DRC1",6.76768353188172,6.69400971602305,6.86043252493434,9.458475470235,7.54363062364894,10.9171401264381
"RAB28",9.04357016000457,9.05325399149441,9.00372920050377,9.11180405183644,8.96043205415915,9.45855463613502
"FAM213B",8.98899981603422,8.65252448181681,8.28281454063482,8.91187517858139,9.0973060322158,8.37766287611289
"TNFRSF14",5.04742567774093,4.90491546544878,4.86296472820736,4.95373220111794,4.80549449477315,4.33057497578978
"PANK4",8.62792446314032,8.41842113902547,8.66191329916477,8.84004215191076,9.12887288519351,8.502036828472
"MEGF11",7.9749660378048,8.06683790162421,8.36627211087885,7.88451135220615,7.83080600963922,7.83607962613993
"C12orf43",8.6951841343469,8.77276642812238,8.40624481148365,8.68962959673818,8.74942516834951,8.62096045895252
"PEX10",8.32206775092487,8.04570240743399,8.49044603867034,8.83250627494466,8.53455075113621,9.18093875143825
"RER1",9.91955534263886,9.69260589288135,9.78952666147922,10.1179236105577,10.0840970555312,10.2723652425412
"RADIL",7.6314284560604,7.27840315363716,7.64962153261386,7.29725485245688,8.04860514168567,6.13809210754304
"SKI",8.54898683365936,8.41568412165511,8.94264728331416,8.86832344350265,8.67548789320358,9.0139737471853
"WIPI2",10.0913426925188,9.94150432456766,9.92049401511232,10.3347337341994,10.3982622416164,10.3505166092427
"LDLRAP1",5.5207400332063,5.34383018699978,5.7255112363932,6.25557621208894,5.23931319139556,6.91074633659562
"AGAP1",11.8188697576341,11.7795146534558,12.1309365194569,11.3698559958084,11.8028945568395,10.7150058438385
"KRTCAP3",5.40082433975998,5.13762512309315,4.94418431550225,5.37262261357025,5.20943279770974,5.03357482878391
"PAFAH2",7.26902704649298,7.19015494350677,7.3355137098602,7.7811964148368,7.16566744120956,8.38559587944258
"EXTL1",6.41762377436216,6.25346714605822,6.11933501176659,6.26520864888704,6.3991018748316,6.29124861845814
"BRE",8.43244623192903,8.70944585771889,8.59783542490088,8.75966762211942,8.48431721191964,8.91897993279777
"WDR66",7.44374501965757,7.79404665123918,7.15693190923556,6.88046848910133,7.25306074925114,7.09336464344323
"MRPL17",8.63584797194149,8.54650931110655,8.78510984397774,8.81578691619792,8.75311613028216,8.98473947019248
"DUSP2",6.04388889103782,6.05442078166421,5.98677983682015,5.60255728389094,6.37900788898933,4.83010453277739
"GRHL3",4.60390596466056,4.58878259651035,4.33057497578978,5.28112095084593,4.95674843757777,5.25394328805817
"UBXN11",7.90645762791727,7.4122663862888,7.80802279742507,8.99790650815583,8.33695871293833,9.59784503910095
"NLRP14",5.72424503540458,5.67386991742712,5.19204933581343,5.28112095084593,5.51344929562775,5.40006335275449
"PTPDC1",9.46518326838979,9.5480589216231,9.30100614252949,9.16673918171736,9.32741232844961,8.57779943472958
"GALNT14",7.15412798548242,7.19664743352791,5.0153475618871,5.94973919615279,7.28963530626763,5.40006335275449
"NCK1",8.73996898181716,8.72939745994245,8.57348741302646,8.81272602185428,8.73643159593757,8.88027391822712
"RHPN1",7.16902082071916,6.76685754580122,6.86043252493434,7.7200078598636,7.79883347609376,7.48616102253718
"TPRG1L",8.90414662451716,8.75989266782807,8.73583916653005,8.71116639951409,9.03353260862948,8.56156492192857
"LRRC43",5.72424503540458,5.90657782030436,5.91449335713677,6.22622682849031,5.88899535302041,6.94047352051505
"AAED1",6.51723368027146,6.54567163620786,6.55665892062138,6.40154607385148,6.33784955861795,6.96235222053922
"XDH",7.09290167116183,7.30861351157057,6.0767532850492,6.5090360851835,7.01702036134237,4.98896808752624
"XKR8",5.79147317606317,5.75702651981449,5.45827589049947,6.35770001541804,5.46935070319513,7.19479807814737
"CNNM4",9.21887090889578,9.02843713817398,9.05982384137926,8.55131030298727,8.92162002498518,8.18493610461721
"EYA3",9.32544204007221,9.50761537213027,9.33651706677462,9.27957986484281,9.33604108477369,9.47471335786829
"DZIP1L",6.91790282534075,6.73092761276427,7.29296706676106,7.8578860856929,6.70835702131992,9.44221257564011
"TMSB15A",9.98394739543959,10.0055099518892,10.0780297859441,10.4833681336065,10.4971270576949,9.17333976575705
"FANCC",8.76906808702757,8.55647734205739,8.79716793330851,8.92751925551438,8.77869068524332,8.92623580383093
"MRAS",11.1255266562487,11.0469265576592,10.7668949067625,10.4895995641637,10.8624089069201,9.7217275922757
"WASF2",8.48313792825853,8.61487346962936,8.92353013357852,9.36972491764464,8.69481210717466,10.3994920576618
"ABHD3",7.83908899707503,7.73347562606748,8.52351545556864,7.32802183081119,7.50436083085122,7.388537870084
"ESYT3",7.75378797125387,7.37286346670873,7.49384682798959,6.13377621276322,6.7774670989655,5.47749470033185
"FAIM",7.037008143838,7.10977802219848,5.3782345210694,6.14439749474012,6.8503189605295,6.71726694632154
"FAM46B",4.93817568778476,4.33057497578978,4.7660846074949,6.30301855394286,5.23931319139556,7.28932599176162
"CLSTN2",12.0027644570623,11.9616481024006,11.3890701153605,10.4454032845622,10.9286433769028,10.1305866095548
"COLEC12",5.22411723473243,5.37374005388151,4.94418431550225,9.59463308566578,6.37900788898933,11.1115779851933
"RNF207",7.11618018037421,7.09591621670021,6.78756865288512,6.65179842733786,7.24243215644684,6.3267847648848
"CUL4B",11.1756354756942,11.2878516832636,11.0927781213782,10.7980374091544,11.0792841957805,10.6160021819751
"GPR153",9.90217838422387,9.51655993350031,9.35292980781512,9.78054758135248,10.2581694888237,8.27887126887831
"SLC13A3",8.22017182526003,8.32229679462841,7.92313041789343,7.56724655127282,7.59434452332097,7.50587681726166
"GPRASP2",11.2717608691798,11.2195073782674,10.6874912859027,10.5250336614574,10.9652260955137,10.2702315945105
"AUTS2",11.2772454438912,11.5749959173649,11.6637955923088,11.2850501652973,11.103651020414,11.0540481499628
"SHROOM4",7.0451330407818,6.95676981986346,6.78756865288512,7.95595764860272,7.39872123984883,8.74316368628158
"HIST1H2BD",9.47843965950462,9.21592954677477,10.3726113877503,10.7596829810632,10.1202056398743,10.0827544067942
"CDC25C",5.62750733317344,5.77685464919912,6.44847108684433,7.2006595156671,6.04459192115025,7.43562724486477
"HIST1H4H",9.20120499973756,8.6100968777848,9.78348755889255,10.265464671626,9.22228255718215,9.94060492323376
"MITD1",8.24114001093791,8.23487670991194,8.4297037653274,8.32262701286369,8.28170706968008,8.13868445275546
"EIF5B",9.2722967153584,9.46600343739296,9.65706550122315,8.99115613641441,9.11747399482615,9.24613450377861
"RIBC1",6.111792441977,6.12926986364968,6.27629400697231,7.54879380865966,6.33784955861795,8.8519744336651
"TMSB15B",8.83704947571897,8.83341345067355,8.81802911615754,8.9925087478252,8.89013307157339,8.8015619401551
"C2orf62",5.14109345202186,5.09718127405855,5.45827589049947,6.7279384444836,5.55563637036578,8.05810465205392
"CNOT11",8.84162139295442,8.63852083669891,8.77294969540263,9.08162456332603,8.94921969054632,9.26198228739529
"KCNB1",9.63657732296281,9.84744311078833,8.82687773711074,8.86241555771656,9.77266974060534,7.53494230908478
"TSPAN33",7.1390734122226,7.17049332813552,6.87220484073834,8.0736056172147,7.55221058705847,8.7956296465034
"NRG2",7.52643984619218,7.25995789712136,7.30158068721242,6.96212547747526,7.29478283853804,5.571858798105
"AHCYL2",9.82819813404936,10.1222359830338,9.88990517109231,10.001303117829,9.84610203064948,10.3923163380842
"B4GALT5",10.8289853868782,10.8376681921968,10.3452059712253,10.5147295889812,10.8217712972893,10.0916432763797
"SPATA2",7.65257060002704,7.59910803920834,7.60881388150519,7.58183688290282,7.69448858845371,7.47619854413473
"FAM86C1",6.19167384472197,5.99099191043792,6.05488661074004,6.26520864888704,6.13396671442646,6.85711112771071
"CPA5",4.80259831140558,4.84495094307666,5.13786241172375,4.82464481268825,4.80549449477315,4.58127373257168
"TSR2",8.59578559098937,8.60530433401648,8.30836671377887,8.87420714580602,8.91997989764563,8.96901851449384
"PPP1R9A",12.3474659383429,12.4828907578113,12.085356760318,11.7395752160845,12.1326285780128,11.1004142240391
"ZC3H18",8.61194499442317,8.49560269277639,8.57699109984022,8.87420714580602,9.05460801352987,8.64976109989153
"ZFAND2B",8.19889151572816,7.95410068733368,8.17578040881632,8.40840453166656,8.5851575916591,7.92981055186659
"GDPD5",8.82093224279276,8.46945518303297,8.45278483601261,8.68461335455474,9.05610165013017,7.90048343971049
"DYNC1I1",9.77787194337001,9.75762848792092,8.55938646576936,7.92496229926872,9.27580685802167,5.75680447202851
"PFKFB1",5.9903111609895,5.99099191043792,6.03261425473495,6.366589959339,6.12159469522682,5.77550668699715
"TMED4",10.0336665781709,9.86555351524102,9.86581556428188,10.3849714901581,9.99355766857667,10.9034408460919
"PPP1R15B",11.0257916277742,10.9648703248936,11.0085972834862,11.043224899752,11.0342076011684,11.0847192945201
"COPG2",9.06522230888423,9.05851664206322,8.9561484306793,9.21849921852673,9.12318472731536,9.42440355969753
"C11orf30",9.99525905547243,10.1504087354228,10.1711563422798,9.91487710236835,9.99355766857667,9.86248692000157
"AGPAT6",11.0050912762031,10.8320527671976,10.7926706686568,10.8925820084896,11.0800175555619,10.562377022082
"PKD1L1",6.00844026539826,5.87100821421757,6.16047993900056,5.81805978469791,6.18224393265002,6.11061427847656
"ZSCAN12",9.42466593791179,9.51528553437334,9.14006648893158,9.14136353010717,9.47421614400509,8.87840452188125
"TAGLN2",7.32310766257761,7.02443831744491,8.2258341973096,8.47195701967692,8.74757612469874,9.67516679273869
"ELK4",9.29078753500937,9.49474030586583,9.44575050020637,9.25950623978589,9.02440490211399,9.65676661931812
"SLC45A3",6.74767673763211,6.48132831963925,5.86366298223323,6.81268653696954,6.41888706613282,6.48070743372353
"DUSP23",5.22411723473243,5.31286008562374,4.33057497578978,5.3049269085433,5.29596108369109,5.61588662529712
"RNF166",7.31646100731947,6.94904069284673,7.31865018274309,7.38342468393395,7.50436083085122,7.15133162417071
"NBL1",6.49303627369584,6.11466471136286,6.20029399103025,5.98648331822425,6.44800815064414,6.12443048056718
"F11R",6.111792441977,6.15796744435664,6.03261425473495,6.56344602671809,6.05777184720114,7.67191294711084
"USF1",10.6016897807615,10.4205011986126,10.5368348214293,10.8559497642002,10.824399677571,10.8314758683342
"SPATA2L",7.3751736125526,7.02443831744491,7.12804990920464,7.17663732237503,7.27407779684721,6.39501592218696
"NIT1",9.05738645449597,8.92657279549243,9.02181589353066,9.36555788066099,9.30749309061344,9.56571578856142
"DEDD",9.13760869997324,8.94942133757454,8.8617372504545,9.20339925941116,9.25255306398883,9.19751662073347
"ZNF276",8.79758944493229,8.31055174989564,8.37435639784723,8.79577354861191,9.0797913109447,8.24727223557794
"NPM2",7.62073759712291,7.27228180361364,6.83657729618024,6.13377621276322,6.8990831194017,5.50195500208462
"EDA",6.90898517037246,6.91767973622659,6.11933501176659,5.80400878913798,6.04459192115025,5.11466593771837
"FGF17",6.65375981739783,6.35439345161833,6.6004284650849,5.66870520190303,5.94799804642505,5.34453517938545
"VWA5B1",6.52916670743809,6.30493497245368,5.53204272811162,6.04529202176455,6.12159469522682,6.5513242749642
"PINK1",10.757127930399,10.5806862188816,10.3130844661732,10.6411092518075,10.9035909629506,10.540119824989
"B4GALT3",9.21006505668413,8.94374315041009,8.83274669203781,9.05856710290398,9.25255306398883,9.03761072438037
"DMTN",8.84162139295442,8.72498766237102,8.49786099064325,7.99987055854279,9.0694750500515,6.3267847648848
"ADAMTS4",5.5207400332063,5.53524434648493,5.69565584988958,5.96211569431352,5.90403138225395,6.33841262084272
"FAM160B2",8.04431735647471,7.65158864104377,8.18960621252554,8.19412899676964,8.33695871293833,7.88558998999751
"NDUFS2",10.5538194064697,10.4150476822599,10.1036999039303,10.4468821027817,10.348603124051,10.4749199963691
"SLC5A11",5.3344412562722,5.09718127405855,5.0153475618871,4.77291247508709,4.80549449477315,4.58127373257168
"APOA2",5.62750733317344,5.58358169504195,5.33538540566403,5.49445599134623,5.55563637036578,5.11466593771837
"TOMM40L",9.72695897567853,9.59224070680725,9.31991508587784,9.39549921562476,9.80852609901768,8.83665040334435
"CCAR2",10.9533205342816,10.7204302729735,10.6622163428218,11.2987621204687,11.2745161639082,11.3902470924494
"WNT9B",5.6525384434395,5.31286008562374,6.0767532850492,5.56781120866857,5.67254547946021,5.71840792780094
"CACHD1",11.3843375495783,11.5359670736864,11.5904928224072,11.4501974981931,11.408415894087,11.7484726286349
"CDC42SE2",10.5157736550224,10.5745846019193,10.1861089872186,10.4938979122544,10.3935496049905,10.6115151718485
"RAPGEF6",10.7073620797073,10.779444593227,10.4958842772498,9.77663147410939,10.2207449851869,8.9495676466036
"EPB41",11.1778928124756,11.1958544342841,11.4388864564704,11.4885110165557,11.6251393955278,9.97595104719394
"MIS18A",7.02061302111871,7.25375484327826,7.26680255576584,7.66634825729697,7.1139774433399,7.66318329412718
"ALG8",8.54337936186997,8.43743525109495,8.76068573776764,9.11925104321865,8.67159164285877,9.49069281535939
"FBXW5",9.2722967153584,8.75124561482829,9.43422886625994,9.3550872252819,9.49417526294008,8.75544240551484
"C21orf59",7.77800158699728,7.78128312950899,7.57388309620775,8.18703517703851,7.88254460270348,8.70145951293704
"SYNJ1",10.6725642727716,10.7591438160478,10.6364905522819,9.91416437051536,10.3697526006365,9.32368446206031
"PAXBP1",10.8853269229096,11.0125874892432,11.1193816339825,11.0035844837841,11.0604564230061,11.0659851152201
"IFNAR2",7.32310766257761,7.44518124642502,7.47879312224272,7.75575392497685,7.67501907268824,7.78879360873929
"MRPL10",8.60657871996245,8.55399182076828,8.63191691685501,9.16913273682366,9.08857532332467,9.16263332505713
"IFNGR2",9.46666224003285,9.35211152887064,9.26892867330728,9.2391487450897,9.65055138538122,8.93345524101333
"GART",10.497091069705,10.5305045106689,10.5350392772262,10.6692529423328,10.6111173895896,10.8605995998898
"SON",12.4423371326851,12.5000523076151,13.1304288645156,12.7364488051783,12.5010236380647,13.1390084946351
"DONSON",8.04431735647471,8.16806052790184,7.98797398522681,8.68125943046127,8.1076539584255,9.13785816448196
"SV2A",12.181679119201,12.0485062921235,11.4805248598351,11.3804692397735,12.0427650447434,10.3752122412728
"STC1",7.88435423161158,7.7246074378157,6.77503369616368,7.3792398886982,6.68450597902808,7.45605930274817
"TNNI1",5.18373077138573,5.13762512309315,5.33538540566403,4.87127988604197,4.66714835127326,5.65810362455486
"CSRP1",8.74485995418759,8.50077545201846,8.68156823853044,7.67656560704024,8.19460977828675,9.17028890144541
"KCNE2",5.0958257135656,5.55970553524277,5.07933519419276,4.91404266993799,5.03903521958369,4.76371589021208
"ATP5G1",9.75385186122933,9.55054933692076,9.19573660328902,9.31674962422192,9.57656544038975,9.29456531891408
"RCAN1",10.6551694909091,10.4699919299442,10.3441808849708,10.0688193809001,10.4474053299666,9.97070406444695
"UBE2Z",10.6130795239955,10.6473168149683,10.2866484946307,10.4275381596973,10.6804615020765,10.5733781212211
"C1orf51",6.67520758794867,6.41364234346673,5.49586482724437,5.39408088420441,5.94799804642505,6.12443048056718
"SNF8",9.45478772567961,9.37898943601488,9.47977251912826,9.70343353442857,9.49417526294008,9.78189004368097
"CCDC24",7.4067585371548,7.13031363970509,6.67031052339294,7.77170888304149,7.61085210505094,8.28454230082659
"RUNX1",5.0958257135656,4.95891832408665,4.86296472820736,4.71402308857299,4.74232802187034,5.15195654074678
"IGF2BP1",8.89976961734573,8.85777884144894,10.3318226714653,10.3379253942048,9.67406860447779,9.71232540421774
"CBR1",8.04431735647471,7.93121104702694,7.41691240853898,7.92780811553132,8.19732855478766,8.75747869292391
"CBR3",5.22411723473243,5.17594971784969,4.7660846074949,4.99090412180236,5.11210946503177,5.34453517938545
"C2orf81",5.97189916146181,5.83429039028268,6.11933501176659,6.95075475096743,6.09646749403237,7.51563211554337
"TUBBP5",5.72424503540458,5.40267998277688,4.33057497578978,4.71402308857299,5.23931319139556,4.58127373257168
"GJD2",6.44325127059483,6.02312871455732,5.07933519419276,5.0909007841773,5.55563637036578,4.58127373257168
"ACTC1",5.14109345202186,4.95891832408665,5.0153475618871,4.91404266993799,4.91093888395682,4.33057497578978
"MORC3",10.9711318613412,11.0211370427648,11.0034127087507,11.0251914963442,11.0906095851653,10.6024990533612
"CHAF1B",7.75378797125387,7.74228866356456,7.54530215955348,7.93631157952285,7.57764163262191,8.07130711424953
"HLCS",9.69198941551626,9.85047735832617,9.5632336565914,9.73526039578545,9.67504020799658,10.0795084542657
"SCUBE1",10.0797974045686,10.0208525584367,9.77742304381021,9.8559727326731,10.8076717982724,7.19479807814737
"ARHGAP27",7.08505419616435,7.03175530872374,6.95188035432216,6.35770001541804,7.03572703226692,6.02423069666386
"ADPGK",9.26721227218681,9.05851664206322,9.21831162784639,9.3790568956645,9.18181771500638,9.5528949053045
"PTMS",10.1660352673252,9.96222216078835,10.2166776573238,10.5458836101829,10.73828543768,10.2121374577257
"ADIPOR1",10.2248707615813,10.1536872738222,9.99162471162337,10.1485432139515,10.1843710986603,10.382473363678
"CYB5R1",8.74241654982002,8.62200867997997,8.23918644785755,8.64556191386529,8.38063033373842,9.15955965529231
"PSMD4",10.7987942600717,10.6959065785418,10.8098496197518,11.1484480157472,11.0269997207797,11.0883563882514
"ATP13A2",10.716708469866,10.2200869732543,10.1849642730636,10.1023664460633,10.6934598478027,9.30850504803641
"M1AP",4.99520527768772,4.90491546544878,4.86296472820736,5.15028716110163,4.66714835127326,4.98896808752624
"PSMB4",10.8708885151011,10.6857527207362,10.8573210014982,11.1828693872545,11.0989552032825,11.2507957502226
"IRX6",8.79758944493229,8.60530433401648,7.4247982507733,7.40827444694496,8.54737082130233,6.24225613351204
"BTG2",8.22719544304341,7.95410068733368,9.06481653161499,9.55950325524051,8.7308267358132,10.5163140707951
"HK2",6.95300237665677,6.19979772223188,7.1377443071229,7.40827444694496,6.73179084413284,8.66286127681148
"C1R",5.79147317606317,5.43072800972915,5.13786241172375,6.5326312524326,5.7264309006772,6.68213699712675
"CELF3",10.7504695264539,10.2364131551266,10.3421285237396,9.96528922024337,10.9548682223339,7.91155206941919
"ALDH4A1",7.55483479848096,7.10977802219848,7.75301579166825,7.67656560704024,7.47755893523241,7.67191294711084
"STARD9",9.12079075209408,9.28936376059437,9.73736915309396,10.1467242619125,9.59721633000756,10.6698642277291
"THEM4",8.49190035684375,8.55399182076828,8.0347402825363,7.23825186811295,8.09895091182468,6.05371984338478
"TCHH",5.54851785949931,5.51016048524524,5.41912560421338,5.28112095084593,5.26812364332126,5.07532107295397
"UBR1",11.4240546193726,11.5771335332458,11.428286314672,11.1538902264642,11.3738470865159,11.0622911002238
"AMFR",11.2332078261303,11.0924728663222,11.2635040572562,11.4489682768709,11.2770766498896,11.7712777707788
"MED8",9.00130674097162,8.96632259343604,8.82981521066513,9.10306690025399,9.17083215375322,8.935254450448
"RSPRY1",10.7733421376185,10.8057280923744,10.8238882058872,10.7243510041423,10.7415339156065,10.5012334193507
"CCDC17",6.2372372059446,6.24026434647469,6.49593802186075,6.1757212913575,6.01778816310778,6.22970329815221
"GPBP1L1",10.6223922400562,10.6385696013042,10.713918877755,10.9437498095141,10.6901011387103,11.2057423486956
"NAE1",10.3080293841051,10.3422087564065,10.3276796182323,10.3626852915809,10.2214099969489,10.3844473407236
"TMEM69",8.5063864392058,8.51106532078206,8.28281454063482,8.65755998564566,8.62600777782423,8.67368750799541
"CCDC135",5.85484684019812,5.77685464919912,6.03261425473495,7.52254730534119,6.10909595759182,9.01737433260328
"ACE",5.22411723473243,4.90491546544878,5.3782345210694,4.87127988604197,5.29596108369109,4.94087121374919
"TEPP",5.54851785949931,5.45795213323723,5.13786241172375,4.99090412180236,5.32290848716218,5.22140032273235
"UROC1",4.87482195210638,4.84495094307666,4.63910910251109,4.64396487703681,4.80549449477315,4.58127373257168
"EFCAB14",9.60603967058103,9.49990414998577,9.95179403420881,9.93328550357162,9.68085611141078,10.4556475221403
"CHCHD6",8.88876843717865,8.72939745994245,8.63863716092216,8.6351974244968,9.11747399482615,8.06141674089896
"CTBP1",10.5559039156393,10.1405281502954,10.5974506512451,10.7608723561897,10.9323030733342,10.2730757575294
"LRRC36",5.6525384434395,5.94108086001497,5.56693702969189,4.87127988604197,5.29596108369109,4.76371589021208
"ANKRD18CP",5.49214979402744,5.53524434648493,5.07933519419276,4.71402308857299,4.66714835127326,4.33057497578978
"TPPP3",6.22223378738274,6.27946357496297,7.3355137098602,8.09399110690924,6.56717883825407,9.36295236749969
"ZDHHC1",6.90000882976452,6.56643692587744,6.65662472716031,7.50349580743111,6.61873678184173,8.05810465205392
"ATP6V0D1",11.2453128931164,11.0224823519389,11.0008134163796,11.2670275130007,11.2431031336383,11.1410621053749
"ZFYVE28",6.26671530794524,5.94108086001497,6.11933501176659,6.45226469243349,6.54062432223393,5.84730736939238
"RLTPR",7.21992247057651,6.70333499340347,6.4803071669202,6.65890241898307,7.3501882512894,5.34453517938545
"C16orf86",5.22411723473243,5.24729833481842,5.41912560421338,5.789777878405,5.65395698090973,5.69868419475818
"FAM131B",10.8775703597348,10.7847397499672,10.3705991221451,11.0458292590729,11.3789216355803,9.724848072014
"RGS12",9.93672531129211,9.65491568150077,10.0619066226184,10.2240887356481,10.3733472828764,10.0130057282253
"PSKH1",8.23069435517052,8.07381404238375,8.50891201053144,8.58760805312461,8.10185782762859,8.93165377732011
"ZYX",8.86426533335222,8.61725581686959,8.82098471473035,9.3015604644663,8.87666626836688,8.80746984176902
"ABR",11.1431941143779,10.999439680925,10.8113338167749,11.2314366578369,11.3365895482401,11.3631476389673
"LYPD5",5.6018543074561,5.6520241287847,5.75456202992873,5.3049269085433,5.4465120496375,4.33057497578978
"CCDC117",9.21359386486504,9.21121310657414,9.34474682174218,9.67510166164688,9.61149782838727,9.69439658053551
"ZNF230",8.03633134806057,8.17131409702859,7.75301579166825,8.19648579991439,8.04860514168567,8.15736519835445
"CCDC107",7.8436809557428,7.50878465907413,7.47120541838317,7.86978114618273,7.85863412995419,7.6366663069708
"ZNF222",8.04829365157979,8.01339992660753,7.81996234402189,7.86086919678128,7.93246643504887,7.57744660476791
"NPR2",6.68580357978683,6.48132831963925,6.68385737112564,6.8252651653982,6.82164699980973,7.59593397339744
"ZNF890P",5.3344412562722,5.31286008562374,5.53204272811162,5.02596345433389,4.95674843757777,4.98896808752624
"ZNF221",8.73013678680276,8.81693728728556,8.95883351473242,8.57861934786081,8.88509779344054,8.31256513380369
"ZNF233",7.66822231500951,7.87232222785439,7.17585758764933,7.83075245367106,7.87915334433172,7.47619854413473
"ZNF235",8.63321165952193,8.95507719042488,8.73896859456404,8.65243022935743,8.68131251477216,9.04429341443123
"GNE",10.4781632750673,10.4279662673913,10.2333843313711,10.1017406541631,10.4181208890751,9.58873813311229
"ARHGAP35",12.9192420670248,12.8646031749161,12.9133633742077,12.7054902120553,12.976090034024,12.3056938786135
"CALM3",13.1396398804827,13.0043651294151,12.2533596161985,12.6245118683302,13.2032441558231,11.6977888456337
"DFFA",10.2847550935937,10.16672738074,10.0841833047062,10.4394728000846,10.4181208890751,10.4437067791169
"CCDC28B",8.51500835691647,8.27472691615526,8.54156309644457,8.75966762211942,9.02745391118211,8.09735108405167
"IQCC",7.30307208814694,7.05347576660264,7.1377443071229,7.71341057016687,7.65924825659466,7.79279483069123
"TMEM234",8.27880096134596,8.24108025118725,7.90644722971276,8.45633115326406,8.41136279154798,8.62988390478554
"BSDC1",11.2902405031716,11.1324777202035,11.1229716655465,11.1538902264642,11.421494082031,10.8993055610447
"ZBTB8A",8.88876843717865,9.11853268139743,8.69129571949293,8.96658903364838,9.24340750001182,8.23853175849234
"ATAD3B",9.35449617756728,9.21121310657414,9.65044363484232,9.46043031049378,9.3676455262382,9.24032814132615
"SSU72",9.64051320033425,9.59465596989111,9.44766184351431,9.8122644971344,9.91597375253919,9.98378588516715
"UBE2J2",8.6951841343469,8.38522666370381,8.49786099064325,8.73076386324414,8.8476233901428,8.55689254420254
"ZNF362",8.39866358208397,8.28076036019112,8.29989991996498,8.33336699321054,8.65195018122067,8.01433248455026
"FNDC5",8.63057049591439,8.3541074292864,9.14478880607621,8.38795206275874,8.8476233901428,6.96235222053922
"CPAMD8",6.65375981739783,6.29226341962715,5.96317797384801,8.88735807625832,7.17129355743574,8.79958722914079
"NR2F6",7.70408345195101,7.32643096545362,7.3438698231556,7.70012307850175,7.80242174547315,7.60051823044533
"ANKLE1",6.07831789081791,5.7368316223205,5.60065691610817,5.91179944389842,6.2844576999073,5.54910236469605
"CCDC58",7.52643984619218,7.41780607457735,7.5161296999261,7.71341057016687,7.38433704713278,7.8514981122475
"VMA21",11.8633055350297,11.9421152074471,11.5961000858975,11.8645034112612,11.8218696708115,11.9611009931837
"KALRN",12.9858139809331,13.0600095735539,13.2764530596311,12.721561628536,12.8928802014084,11.8476559197033
"CILP2",4.93817568778476,4.95891832408665,6.27629400697231,5.23135019106063,5.07654591073903,4.94087121374919
"FAM86C2P",6.07831789081791,5.92395793531019,5.78285907365734,6.30301855394286,5.77775078358577,6.87265238011493
"ABCG1",8.6146206254352,8.42931722170164,8.41410721881369,8.6996098123949,8.82501125983981,7.78879360873929
"RSPH1",6.09517066737624,6.2134331229608,6.33042650449943,8.04509127508831,6.54062432223393,9.25335967667131
"SLC37A1",9.3400423881218,9.07419006118042,8.79416288500709,8.69129779065372,9.70958865295953,7.14500941893176
"PDE9A",9.14871245149926,9.18097797195962,9.32200083226283,9.06757785674507,9.35071399112692,9.18547895858067
"WDR4",7.35587515452893,7.3613989484648,7.275578697877,7.46460118607582,7.52631239207789,7.44076318907934
"NDUFV3",9.76951037791271,9.81570939580568,9.46852090139005,9.63672601098936,9.75348185295997,9.78288840909747
"PKNOX1",8.92367990175689,8.96258388846603,9.0846158100354,8.80812242009165,8.84416767436889,8.52135597552664
"CBS",9.60200835257288,9.12356230056988,9.63710790039441,9.38009005897819,9.69816429285505,8.89883537704503
"U2AF1",9.35129673907481,9.44741324418512,9.71691685228939,9.32106011468672,9.40444306462711,9.79975565402278
"HSF2BP",6.55271216369173,6.31748106638303,6.61470214021762,6.11225279239186,6.44800815064414,6.22970329815221
"RRP1B",10.3677906088266,10.2647360940377,10.2244982007111,10.2303999495446,10.3215674099098,9.82904817212677
"PDXK",10.5299819660324,10.3436447699637,10.562622082284,9.93820170657389,10.3858585702454,9.95396149070988
"G6PD",8.27880096134596,7.95031121423043,8.32097371919403,8.58581481145572,8.76413245157079,8.19400943751383
"CSTB",7.96236931453113,7.81506738043907,8.15713539366096,8.06071517241143,8.17543212017706,8.15736519835445
"RRP1",8.64895738851833,8.42931722170164,8.43357651933152,8.56957397218127,8.66572736922091,8.45004958824174
"AGPAT3",9.84534836760789,9.75870566977397,9.76980633583299,9.96253432291533,9.86495464787306,10.3798371839172
"TRAPPC10",10.7727448506606,10.6635043478101,10.4641538648953,10.5965046071168,10.689620683985,10.6221491152729
"C21orf33",9.83737031418991,9.64911805360417,9.94909911268884,10.017319965856,10.022848348265,9.98725441359475
"C21orf2",7.05321028673673,6.73092761276427,6.78756865288512,7.42865150172668,7.27407779684721,6.96235222053922
"ZNF66",7.23412992501544,7.45059282337976,7.65630972635039,7.3105237476609,7.12563200576146,7.21903860434312
"LRRC3",7.24117963765951,7.3498397812423,6.61470214021762,7.07615506021504,7.34027647530114,6.29124861845814
"FAM207A",6.33753079965724,6.0388771203416,6.399200953035,6.37541862210786,6.513522034208,6.43857020096946
"RALGDS",11.4489413218464,11.0804671115427,11.308863614626,11.2979430685353,11.7666860984098,10.2232098967844
"SPATC1L",5.43226952355336,5.37374005388151,4.63910910251109,4.71402308857299,4.99924798284876,4.68467332000649
"LSS",11.3350251625329,11.1419985428989,10.744539715819,11.1917154054872,11.5797140119625,10.318524036048
"VAV2",9.39545465336253,9.15009400748187,9.57726759434378,9.38318510895374,9.66627210088805,9.13159714940931
"MCM3AP",10.7887854099389,10.7059894507276,10.7821128472376,10.9307748064832,11.0224287472132,11.0883563882514
"C21orf58",6.58725916525107,6.42517175702489,6.99540769375669,7.64568945218677,6.91945913830706,7.51076291506911
"PCNT",10.4372858876174,10.3050987228893,10.335953855197,10.4230370816554,10.7368909899702,10.0541014150712
"DIP2A",10.1660352673252,10.0055099518892,10.3431550694885,10.2154377722032,10.3394432357877,10.1821883955719
"S100B",9.59526432117463,9.59706719079912,9.13295382899122,8.16794432804148,8.6598390428613,8.67152878308542
"PRMT2",11.9469474900049,11.8000537714215,11.804570035313,11.9849082846116,12.0373005066971,12.0621677284865
"ZNF208",5.83411797820783,5.53524434648493,5.33538540566403,6.26520864888704,6.38909414439227,5.81198514857821
"ADAMTS13",7.44374501965757,6.82751949701701,7.14737131843771,7.15219202138481,7.25834479353564,6.70857049326097
"CACFD1",9.40319946182807,8.85979076743473,9.33651706677462,9.61232149068236,9.81294606407946,8.97951822356867
"SLC2A6",7.9749660378048,7.54460119313592,7.47879312224272,7.76853221849115,8.41369974159203,7.046535392754
"ZNF761",8.48898549385237,8.70721180545217,8.5839729087344,8.57138761546195,8.35410074742384,8.56854507780522
"C9orf116",6.39147731265288,6.35439345161833,6.76238112537073,7.84287586624285,6.53165229568474,8.58240432373413
"ZNF714",10.5243154283952,10.6623541014822,10.382630810224,10.8622432501816,10.3673511579109,11.330419486361
"GPSM1",9.81200500836727,9.21592954677477,9.6783787840274,9.55950325524051,10.1720396566514,7.71054342470368
"C19orf47",7.75378797125387,7.72015244174919,7.73419557219369,7.67995506057944,8.09603806330343,7.06680005950331
"C9orf117",5.0958257135656,4.77662214806139,5.07933519419276,7.07093402566131,5.37441071259404,7.51076291506911
"TOR2A",7.83448214704925,7.39551484013009,7.72150846225944,7.85190101178858,8.12204215059239,7.42529865342838
"ST6GALNAC6",9.57621133851287,9.36348974802331,9.08952334658304,9.68766973636913,9.53649404024446,9.724848072014
"SHKBP1",6.86349994425119,6.5245731111976,7.08857834537339,7.65260930612902,7.3501882512894,6.6642196588643
"RDH13",8.27880096134596,8.14176170676316,7.70870670740222,7.68333641555569,7.95517718205707,7.74814814760953
"ZER1",9.68945881462963,9.37758724701535,9.56675497820097,9.68432895347536,9.95488772997467,9.67085843112171
"ZDHHC12",5.72424503540458,5.71625300812078,5.63329680407505,6.33065288233021,6.14621490998224,6.27917803362026
"PKN3",5.43226952355336,5.00838899562681,5.60065691610817,6.33065288233021,5.34903754503733,6.38389343266527
"SPTBN4",8.79994086351907,8.57620798498917,8.23029881608044,7.15219202138481,8.30708618189687,6.30320502760512
"BRSK1",10.9627774510699,10.5940195951205,10.6102975322036,10.4567023254236,11.1058131754155,8.96373977128747
"COX6B2",5.40082433975998,5.2124335202594,4.86296472820736,4.91404266993799,5.32290848716218,4.33057497578978
"PPAPDC3",6.4305009759227,6.37842206372085,6.46448655819503,6.19617072220197,6.26245350803355,5.65810362455486
"TAOK1",13.1996335761222,13.3444430518369,13.1570808476039,12.9726327776781,13.1121694284892,12.851252171375
"MED27",7.99159023100463,7.83578143291402,7.89521540952253,8.0581230460648,8.19732855478766,8.11339046848387
"DEDD2",8.48313792825853,8.19707933462963,8.47550008213014,8.55864369724703,8.82501125983981,8.3014217663428
"SIK3",10.6979547268598,10.666949592844,10.5260278695908,9.81684800119864,10.1022643887306,9.58759571164396
"MPZL3",6.59857684600822,6.68461897403412,6.05488661074004,5.51331587387945,6.24005731496927,4.76371589021208
"NEK8",5.81299943796065,6.11466471136286,6.03261425473495,6.29367165290976,6.12159469522682,6.78488350934427
"TLCD1",5.3344412562722,5.51016048524524,5.63329680407505,5.83193623690723,5.42310223496893,6.3150496424646
"PCSK7",9.79915296176499,9.77476752114462,9.69133966292024,9.60791970662169,9.73682927192465,9.34412910034339
"SAFB",9.86341977688096,9.87948372819375,9.74360421503915,9.85374417537508,10.2093926040892,10.0754407093799
"CHTOP",10.5745301454258,10.4772057831707,10.3995056702747,10.4972322370196,10.6658801565616,10.2935298560482
"ZBTB7B",5.6525384434395,5.58358169504195,6.05488661074004,6.48500758652161,6.2287072513673,7.05332344381605
"FLAD1",9.28576809095162,8.96258388846603,9.23168862503101,9.38009005897819,9.42423017634706,9.06908060194216
"SHC1",8.04829365157979,7.6748142741682,7.95050833517773,9.05727523268453,8.44602302521782,9.95750243917388
"VPS11",9.78500058872643,9.75331169097067,9.63710790039441,9.74571504013572,9.95328711594382,9.81252223922528
"NLRX1",6.30967770216152,6.11466471136286,6.05488661074004,6.96777562639213,6.04459192115025,8.14493855589429
"ADAR",12.5224987832916,12.5576317341621,12.4649730589671,12.7090885512528,12.7640824925834,12.6255435171006
"IL6R",5.14109345202186,5.13762512309315,6.00991838444328,7.12730784464336,5.29596108369109,8.59385229957226
"UBE2Q1",10.2064094972629,10.1892675732784,9.75907485980954,10.1985639502811,10.4302512932843,10.2638116415628
"CHRNB2",10.3936627152386,10.3270436387737,10.0316586006782,9.72635452987511,10.3203263873812,8.10057341242466
"CRTC2",7.48569998499647,7.45059282337976,7.0271704621372,7.3750425574174,7.4639640124845,7.31198940754958
"ANO10",9.21887090889578,9.33342799158471,9.5038536350343,9.06243576746389,9.06354665946576,9.09987679915929
"FDPS",11.6220538901988,11.5932163680105,10.7956730483771,11.4920960389529,11.6316564411555,10.9941281476365
"RUSC1",8.90195978674521,8.6755645332039,7.88956606158594,8.17034468079859,8.95403569860274,7.46616498671517
"GBAP1",7.673401304741,7.97662816360005,7.91203005704628,7.89036096942176,8.03953315681097,7.99713254947996
"FAM189B",6.99564779673892,6.94126765350759,7.35217632584177,7.02843816393424,7.40822937159216,6.87265238011493
"PAQR6",7.22704432932557,7.04627361157714,7.59494511401459,6.33973246271108,7.23708728805804,6.38389343266527
"PMF1",8.10664516815297,8.08421470978172,8.05504282183853,8.65071622892634,8.31461296790953,8.7956296465034
"SLC25A44",9.95474705603664,9.93675390682458,9.65044363484232,9.44964570712947,9.70483950507067,9.36695411060571
"LMNA",8.65676595333436,8.57620798498917,9.1305751083305,9.69764586322221,9.1967872408092,10.0332806264328
"NBEAL2",8.14796931794989,7.63272951889504,7.60881388150519,7.72657456869005,8.00265669129451,7.18251737320531
"CCDC12",8.45950617542595,8.02064177406534,8.19418524668406,8.6996098123949,8.57476071043855,8.60067749860521
"PTH1R",5.29925920898593,5.00838899562681,4.86296472820736,5.49445599134623,5.17836802896297,5.42659714675519
"UBQLN4",10.0903841086263,10.0036941569249,10.1849642730636,10.0364391947649,10.2458022692296,9.48946990026244
"PPP1R35",6.40461685682177,6.05442078166421,6.34796986470843,6.48500758652161,6.66836552419538,6.13809210754304
"GPATCH4",7.42537359648511,7.23497821999131,7.14737131843771,7.48418291916187,7.61494902704567,7.99366750914321
"STAG3L2",7.52643984619218,7.54460119313592,7.48634011036382,7.30169183947393,7.44100945016814,7.64998695820449
"LRRC71",4.33057497578978,4.33057497578978,4.33057497578978,5.99848057344674,4.56883750728876,6.39501592218696
"AZGP1",5.40082433975998,5.53524434648493,5.29031095099465,4.87127988604197,5.26812364332126,5.03357482878391
"FGFR4",6.04388889103782,5.43072800972915,5.33538540566403,5.51331587387945,5.57607598002124,5.15195654074678
"NACC1",8.43850386345387,8.13177344649862,8.29564766292227,8.81119312613597,8.71008638910114,8.90619337077487
"IER2",6.93556526942794,6.81046349923715,7.4247982507733,7.2793645171567,7.49992914835553,7.53494230908478
"ZNF394",8.93013246163848,8.85374652070242,8.7295597801929,8.8594524835002,9.14440036658452,8.7493161660563
"CPSF4",9.06912428892789,8.88371674545056,8.8617372504545,9.2695780393129,9.43689024287358,9.29316389409111
"LY6E",6.79714772954774,6.41364234346673,5.69565584988958,5.3049269085433,6.32734927396785,5.03357482878391
"VPS28",9.64835284738618,9.12188771346692,9.76980633583299,9.71493960390413,9.97474687607924,9.23741615377881
"TONSL",6.56432869610102,6.37842206372085,7.15693190923556,7.57456057707826,7.09036942125385,7.23100224333004
"MUM1",9.77668040010728,9.60427673538432,9.94233968385781,9.95493109518047,10.206036586893,9.58186997637936
"RECQL4",6.94431161196086,6.53516475243763,7.18522450335871,7.66292601026178,7.37466490983108,7.21301798050329
"LRRC14",8.45353685457023,8.27170062503493,8.55938646576936,8.65755998564566,8.87327976153987,8.40653823339341
"ZNF333",9.74534934734069,9.75331169097067,9.58075482190222,9.75051479841728,9.84523920640029,9.67085843112171
"COL26A1",8.31549587315435,7.94270187356128,8.14299016679706,9.74651611081057,9.12175916757172,10.6880907686226
"PPP1R16A",7.6314284560604,7.10977802219848,7.76542522490381,8.47389833002732,8.30204624176601,8.54985531764925
"ORAI2",10.2178657420802,10.0702682352697,9.82082333332167,10.2349726342369,10.3228073652872,10.3397050187808
"ALKBH4",8.12557726315472,7.98775968103525,8.06508672927444,8.11159262389103,8.23750160145687,7.93343430385265
"SH2B2",7.0771618631557,6.66563710439642,6.90692282347899,6.72119283924033,7.16001841268955,5.93108273336772
"C5orf45",9.00538575784659,8.70721180545217,8.95076317415032,9.03250666152457,9.19407706382981,8.97252694224018
"SQSTM1",10.4552659507996,10.3429269419413,10.6120018357435,10.6484110605771,10.7645269639682,11.0598231574109
"MGAT4B",10.0564257017888,9.68128836406723,9.88990517109231,9.8962305662551,10.02817968409,9.89701272397551
"RPL8",11.6006762563021,11.2311899806247,11.6584458582134,12.0804007892907,12.0391871692666,12.1386037335292
"MAML1",9.70958026907028,9.66758894053491,10.03293168752,9.67173157869066,9.6554825588174,9.49069281535939
"LRWD1",8.54056738369723,8.01702544944932,8.41802230083098,8.49316819996182,8.74201466907865,7.9901940216119
"FBXL13",7.86642075436646,8.11834614368255,7.92864829383441,8.23137932875426,8.04860514168567,8.75747869292391
"NAPEPLD",8.01616840558309,8.31936955677578,8.51257683775418,8.26544155446111,8.15039073554109,8.81335355191056
"PSMC2",10.3936627152386,10.4367390871716,10.2962213722168,10.4571915855292,10.2497191784944,10.5465980991819
"CELF5",10.7486482505919,10.6344693413878,10.2993982605041,9.94868030476822,10.8072289603355,7.76861647121532
"MFSD12",8.66194816560455,8.26258314695662,8.37435639784723,8.90901242107945,8.72895357797466,8.8840054332622
"TUBA3FP",7.62073759712291,7.45059282337976,7.24013763794434,8.26094652409205,8.12490246952845,8.32086608716149
"YDJC",6.59857684600822,6.2134331229608,6.51138402021999,6.45226469243349,6.67646014042819,6.24225613351204
"CCDC116",5.5207400332063,5.40267998277688,5.0153475618871,5.37262261357025,5.07654591073903,5.3153992589889
"DVL3",9.82589593948548,9.66873554692127,9.90110363737725,10.0285585194588,10.2093926040892,9.86059689042862
"AP2M1",12.5361111105941,12.4071579809985,12.2742258556092,12.4731153940282,12.5850446565104,12.3726754436402
"ABCF3",9.71953660687733,9.36348974802331,9.36713908353966,9.72147348640096,9.87682463747538,9.63591977237974
"PCYT1A",9.64704919809523,9.74137338949285,9.57026771386293,9.56132577579692,9.4797881422926,9.88404597470252
"FBXO27",7.23412992501544,7.2286626536223,6.38235023120535,5.77536139914715,6.53165229568474,5.91480976668293
"DMKN",5.3344412562722,5.31286008562374,4.7660846074949,4.95373220111794,4.86095996838829,4.88837907797739
"U2AF1L4",6.67520758794867,6.35439345161833,6.21973164683618,6.46052802040793,6.75482273122502,5.77550668699715
"BDH1",8.22017182526003,8.12842844023932,7.28429996695587,6.96777562639213,7.76979592090996,6.67320839276355
"NPHS1",5.67698376420325,5.6520241287847,5.63329680407505,5.71571562153576,5.53476861827663,5.40006335275449
"THAP8",6.90000882976452,6.74901254157243,6.69726825935597,6.68694592364447,6.84320759903549,6.5513242749642
"ZNF382",9.95790410663788,9.96315684248687,9.91359878523495,9.20573266569056,9.65941538284432,8.50931204445061
"DUSP14",7.99983014660569,7.71568339177883,8.37031995901842,8.70622496032076,7.9291922595515,9.62816268150748
"LRRC56",5.74711795931809,5.60690679268508,5.86366298223323,6.02211641227821,5.74380775294986,5.89830401412361
"PLXDC1",7.50912406189651,7.33232000194245,6.55665892062138,7.9917393367228,7.39394288903325,8.45256839691374
"PGAP3",7.71416483505751,7.55967679243628,7.67618662531909,7.96152137609717,7.88592779193738,7.69778336659097
"GRIN2C",5.85484684019812,5.60690679268508,5.91449335713677,5.3049269085433,5.42310223496893,5.11466593771837
"FDXR",6.51723368027146,6.19979772223188,7.70226217510557,7.18629611924666,6.89222287773343,7.13227778960985
"SAP30BP",10.0495369684471,9.87849316542695,9.99424136471786,10.1557961608379,10.2652812731588,10.3625835356477
"ACOX1",11.282709244567,11.3376960102599,11.429736383367,11.3180118346188,11.3165049637709,11.5686376219596
"PRPSAP1",9.33681063638317,9.33342799158471,9.50568946027502,9.44076147936983,9.71148393831231,9.61476687073142
"CYGB",7.3878931108795,7.06776813917055,6.34796986470843,6.11225279239186,7.58183592387922,5.69868419475818
"SRSF2",10.6290075547729,10.546803290279,10.6473347077511,10.8969160078706,10.8409357734345,10.7978078776096
"ZNF577",9.67418116518536,9.87452409280452,9.43807966095142,9.4387797422221,9.89110800459685,8.8424160794459
"TMEM143",6.51723368027146,6.59698438339265,6.3126379774091,6.61569797312695,6.76996117782249,5.99399275429218
"ALDH16A1",6.12819034179057,5.95795537545197,6.4803071669202,6.79359655144538,6.8573932640096,6.53153329507253
"ITGA5",5.87520277529963,6.06976574579927,5.45827589049947,7.65605657597473,6.92618409152662,8.58010372668895
"ZNF385A",5.54851785949931,6.06976574579927,6.51138402021999,6.56344602671809,5.77775078358577,6.80127051198349
"MPP3",9.38297566832328,9.18419069369384,8.76376155666782,8.90183048750372,9.49197119142874,7.87808435944297
"NAGS",5.22411723473243,4.90491546544878,4.7660846074949,5.60255728389094,5.26812364332126,5.45239055899795
"LSM12",8.29225369556463,8.31643631995126,7.88956606158594,8.4124602172064,8.28170706968008,8.29581737308345
"EMC10",10.1169864364168,9.72713578540578,9.36915758254545,10.5194223869147,10.523248252833,10.5240941266587
"JOSD2",5.26254826080776,5.17594971784969,5.33538540566403,5.56781120866857,5.69081184736494,5.50195500208462
"SHANK1",7.71917874513055,7.79827577472242,7.41691240853898,7.2793645171567,7.68283904712796,6.17818765351574
"FAM171A2",9.60603967058103,8.97377096881457,9.25589484940974,9.45749705428178,10.1073104850834,8.06801793626152
"DBF4B",7.26902704649298,7.33818434225533,7.35217632584177,7.5187575698143,7.40348336308433,7.78879360873929
"PLCD3",6.39147731265288,6.44792678694728,7.47879312224272,7.39590461736391,7.09036942125385,7.60964233684129
"FMNL3",8.57120005488272,8.68694737031617,8.81506742590681,8.96245340169289,8.70437755580809,8.77165245129644
"RACGAP1",9.08655340724694,9.18579436923497,9.46097069480703,9.86411475529682,9.07537911120753,10.0908374581654
"LARP4",10.5236055431158,10.5635362133045,10.6230309862429,10.3395185790003,10.3418915675171,10.6243778840326
"GRASP",6.02629639048941,6.05442078166421,6.44847108684433,6.02211641227821,5.90403138225395,5.5258120673756
"RAVER1",6.02629639048941,5.69527237656877,6.65662472716031,6.40154607385148,6.2844576999073,6.3267847648848
"SYCE2",4.93817568778476,5.37374005388151,5.3782345210694,5.53181738139766,5.20943279770974,5.54910236469605
"SPC24",7.0771618631557,6.83596763058775,7.96131375730328,8.72099855909407,7.4456304628159,9.13473106210508
"LEMD2",9.65355568162809,9.45274925692986,9.66036505737012,9.71248173990032,9.81735251562873,9.87377534546999
"ALOX15",4.87482195210638,4.77662214806139,4.7660846074949,4.77291247508709,4.66714835127326,4.58127373257168
"ADCY10P1",6.93556526942794,7.15722908848611,7.28429996695587,7.67656560704024,7.18247781860919,7.53972878558198
"ZNF653",6.8354600493058,6.78446930270084,6.77503369616368,6.99568221814795,7.24243215644684,6.50127544507696
"MED11",7.27590283438528,6.98725741936592,7.4247982507733,7.73636791987748,7.67501907268824,7.90048343971049
"CXCL16",4.7165496130104,4.58878259651035,4.63910910251109,4.77291247508709,4.80549449477315,4.83010453277739
"ASGR2",4.7165496130104,4.84495094307666,4.33057497578978,6.31229699252743,5.14598214718274,6.79310186108496
"SENP3",7.87092537703759,7.6748142741682,7.44043827095953,7.9917393367228,8.1163042636743,7.96563953632003
"FGF11",6.2520628250378,6.29226341962715,6.11933501176659,6.40154607385148,6.67646014042819,6.48070743372353
"EIF4A1",6.9787484957864,6.90972567126368,7.41691240853898,7.1814751206461,7.18247781860919,7.31759826822496
"RPL26",8.70776510855364,8.55647734205739,8.95076317415032,8.90614395165815,8.84934813706314,9.18245374576098
"POLR3K",6.70674692185684,6.67516177549202,6.54174004934149,6.74132882678262,6.91270089209392,6.85711112771071
"SNRNP25",8.79051201102661,8.59808537311085,8.41410721881369,8.916158654783,8.7382950326843,8.8424160794459
"WDR90",7.0692241342811,6.55609522107361,7.03759706541257,7.97533633310703,7.72887297181842,7.75226551809383
"JMJD8",8.27541791952294,7.79827577472242,8.11427230764804,9.01397929669736,8.64401772608186,9.06415721364255
"CCDC78",5.93418371095413,5.24729833481842,5.41912560421338,5.43553531135657,5.97641267591333,4.76371589021208
"SPSB3",8.05225889084432,7.6748142741682,8.21235607275838,8.56593979267541,8.86988525723704,7.7967848029881
"C16orf59",6.48076738158518,6.00716920758814,6.6004284650849,7.06043229251081,7.01072782128493,6.37267378303614
"CCNF",8.50926617579326,8.24108025118725,8.75451427131424,9.10431831770219,8.98573670842184,8.64756606686462
"TBC1D24",10.2204966141617,10.058072202895,9.89130974656769,9.78054758135248,10.2510224539891,8.87278170129689
"AMDHD2",7.50330448909053,6.88558122958182,7.07853172863903,7.30169183947393,7.48654974865175,7.08014625782913
"NTN3",5.3344412562722,5.17594971784969,5.63329680407505,5.05921631031587,5.4465120496375,4.58127373257168
"PAQR4",9.28409104649794,8.8678104264034,8.61156529937367,9.17747896923863,9.41145783567346,8.08112939298979
"FLYWCH2",7.81590385069063,7.48263188491263,8.02447956926086,7.89618662345396,8.1076539584255,7.14500941893176
"ZNF75A",9.68438424124266,9.85350523164609,9.57377190540356,9.74571504013572,9.70198248532203,9.51493558777587
"ADCY9",9.11136180841796,9.06026658939901,9.17048814048953,8.9992527888271,9.12175916757172,8.375008746827
"SHANK2",10.1669448653634,10.2138185248118,10.1618770396252,9.22771337610427,9.92906215058924,8.02455368757363
"CLPB",10.3414458246118,10.31318402206,10.2597187924064,10.1173045364416,10.3864516468101,9.26054876739282
"NEU3",8.54618583798645,8.61963421594228,8.24801918127465,8.25191386050157,8.45512589955359,8.25306968253427
"CYB561A3",8.94719904553425,8.72719425366383,8.78510984397774,8.90326974739828,8.97945216551297,8.49472451004464
"PPP1R32",6.2372372059446,5.92395793531019,6.03261425473495,6.12306193840807,5.91887334582027,6.17818765351574
"ASRGL1",9.35449617756728,9.23928268629442,8.72325281888699,9.01796958571533,9.5203643767477,8.54514457943036
"GNG3",10.5363303200574,10.3636002352663,9.77285785131387,9.99120145968327,10.4849948714545,8.52375267080254
"UBXN1",9.11136180841796,8.75989266782807,9.00372920050377,9.85448741073413,9.70864007468734,9.76985539973502
"C11orf48",7.99983014660569,7.93888189586916,7.78383813845146,7.99445490304425,7.89267011812078,8.22679405530618
"TTC9C",8.49190035684375,8.3455016641455,8.31258139993345,8.81884130430585,8.73643159593757,8.6993421716549
"TAF6L",8.17365727026333,7.81088806238494,8.14299016679706,8.46611726391436,8.44144981385615,8.41172633116895
"NXF1",9.54715091501571,9.30715160493222,9.51300945375746,9.59641173055092,9.73589846212503,9.93163129033095
"STX5",8.85525052266829,8.67327709623374,8.71691803825858,9.23572766287708,9.0456134792976,9.38153275427456
"SLC25A45",4.80259831140558,4.69525161239808,5.07933519419276,4.77291247508709,4.80549449477315,5.07532107295397
"RPL29",10.988211506867,10.6018408537698,11.4465470186941,11.6703810605931,11.4504226754832,11.5257672184146
"ITIH3",5.0958257135656,5.13762512309315,4.63910910251109,5.0909007841773,5.14598214718274,5.93108273336772
"DCP1A",10.1559916311766,10.1138440163331,10.1384140922193,10.079665031558,10.1343996058772,9.97332994309557
"SYVN1",7.94112393594457,7.8803163866039,8.09969380630289,7.82465172168349,8.01196563195928,7.91522255745225
"ZFPL1",8.05225889084432,7.52936261263497,8.10456986944914,8.33977251533237,8.38778118877184,8.34276945812072
"RPS6KA4",7.11618018037421,6.49227442759739,6.6004284650849,7.01215778318072,7.3501882512894,6.85711112771071
"LRP5",7.48569998499647,7.36714293893297,8.91525861075377,8.55864369724703,8.60163747250555,8.22679405530618
"TPCN2",7.53216479117351,7.30262350826576,7.3438698231556,7.39590461736391,7.60262243590723,7.17633604835938
"FGF19",4.93817568778476,4.84495094307666,5.91449335713677,5.56781120866857,5.4465120496375,4.33057497578978
"CMPK1",11.2564630752607,11.2234121014186,11.1301250344752,11.0523196590176,11.0481414701651,11.2049980207191
"BEND5",8.45950617542595,8.54900782042151,8.82687773711074,8.567758033203,8.93142169149292,7.30070367541957
"ELAVL4",11.1940421878449,11.2978852235226,8.92901816256516,10.8338921390165,11.3439352721149,7.9549851965899
"COA7",9.49737493088277,9.48174912088029,9.1281924489942,8.90901242107945,9.31124899917331,7.88932800041491
"ZYG11B",12.2899864233007,12.342926481921,12.0143287420377,11.832622342344,12.0433291621794,11.3510875898164
"C1orf123",8.97658666733327,8.91307485178166,8.98804320778354,9.04429231904614,9.06503104899544,9.16263332505713
"MAGOH",7.62073759712291,7.48790146963411,7.66959197425824,7.88157749475574,7.73264244605026,8.08764021415036
"ACOT11",5.14109345202186,5.28072429172865,5.0153475618871,4.99090412180236,4.91093888395682,5.42659714675519
"PARS2",7.13148432506259,7.18363196230543,7.5161296999261,7.29280372056405,7.36980368498061,7.44588042081582
"USP24",12.331941745428,12.3844952222501,12.3121944858197,12.059773472048,12.1906466138032,11.9849270100971
"PPAP2B",10.3301221850498,10.3371714173081,11.0600675443478,10.5858058277815,10.5699418854732,10.7923671331108
"NOL9",10.0095285208815,10.1421796238659,9.98769080486723,10.0139977659134,10.0350054151386,10.1707951486016
"PRKAA2",10.2813993148481,10.3422087564065,9.916360836488,9.83579057143946,9.95328711594382,9.76177610705622
"KLHL21",8.04829365157979,7.83578143291402,8.38239530543292,8.16794432804148,8.31461296790953,8.3318596655217
"ZSWIM5",9.9891000650144,9.92816350356843,9.86581556428188,10.02328070045,10.3870444795574,8.47751598523127
"GMEB1",9.52034328109943,9.51783320618789,9.30522964299305,9.58032431988036,9.51711665792737,9.44347626133203
"SLC45A1",7.0612404615827,6.90972567126368,6.78756865288512,6.78071837564872,7.27928293246356,6.17818765351574
"SEPN1",9.14131947832749,8.99405729168664,9.68325278521114,9.37491681403765,9.10165159979203,9.42696122700476
"AK4",8.21664703408512,8.11834614368255,8.37031995901842,8.24510172719448,7.96480054455903,8.10699632633491
"JAK1",11.7908283817455,11.8190149280645,11.4856461594324,11.7401783124818,11.8172591928082,11.742329874993
"RAVER2",9.13015831234546,9.20173360768444,9.60664340420261,9.24596661439745,9.08565327398806,10.0615238922423
"LZIC",10.0455857198262,10.0369216400313,9.76980633583299,10.1997340232602,10.2207449851869,10.0908374581654
"KNCN",5.04742567774093,5.2124335202594,5.07933519419276,5.15028716110163,4.66714835127326,5.69868419475818
"FBLIM1",8.66453227349511,8.41842113902547,8.32931711803172,8.119070193026,8.67548789320358,7.45097907944464
"SLC25A34",5.91485715615986,5.81547244195914,5.60065691610817,6.30301855394286,6.46706506058221,5.47749470033185
"AKR7A3",5.9903111609895,6.00716920758814,5.88936033417274,5.68460767469218,5.79433681434327,5.77550668699715
"DRAXIN",11.0774885595883,11.0565894189629,10.839247203049,11.8506071477225,11.7428041893448,10.8334037434133
"PDPN",7.7875724749967,7.84398320320908,9.49648684740581,10.1654103475523,8.75863485136611,10.5512913601972
"DHRS3",6.65375981739783,6.76685754580122,7.88389418139776,8.30963174811785,7.6552779251961,8.45759277300808
"MATN1",4.99520527768772,5.00838899562681,5.13786241172375,4.95373220111794,4.99924798284876,4.68467332000649
"LAPTM5",4.33057497578978,4.77662214806139,4.94418431550225,4.71402308857299,4.80549449477315,5.11466593771837
"SDC3",12.4297014369276,12.3124574734903,12.047763889901,11.8136466496245,12.3951073771494,11.3163595169356
"PEF1",9.5925578445948,9.46203997398007,9.27540159928229,9.78990304964992,9.81735251562873,9.89331982601632
"SYNC",6.44325127059483,6.49227442759739,7.56679197810507,8.31830835495262,7.13142268535155,10.0795084542657
"RBBP4",12.4302695874265,12.4392397789169,12.6279560748411,12.7408751212109,12.5948266176231,12.7176542979018
"KIAA1522",7.10846414954516,7.02443831744491,7.3355137098602,7.1814751206461,7.16001841268955,7.87431663323032
"TSSK3",5.3344412562722,5.60690679268508,5.19204933581343,5.47521948736164,5.57607598002124,5.77550668699715
"UBXN10",7.32972286304845,7.29056586476305,7.03759706541257,7.74285942399799,7.5734348367007,8.82310651357793
"CAMK2N1",9.98807100344887,9.9443470789281,8.72325281888699,8.85350794601829,9.92498477795631,7.01208376966761
"ALPL",5.74711795931809,5.55970553524277,6.0767532850492,6.46052802040793,6.2287072513673,5.47749470033185
"WNT4",7.58817079353714,7.45598363703094,6.88387612917015,7.25667404173319,7.52194936736348,5.97857887220761
"SCNN1D",6.46838189693335,5.81547244195914,5.96317797384801,6.48500758652161,6.71621387992826,6.13809210754304
"MXRA8",5.22411723473243,5.09718127405855,4.63910910251109,6.24586930570413,5.61575483702208,6.84138999912851
"C1orf86",7.8298603072803,7.52936261263497,7.78992305097672,7.99987055854279,8.1163042636743,7.77267492272428
"MEGF6",6.64290506183329,6.22692081198388,6.16047993900056,7.0338224137936,6.72402496561255,6.94780536040062
"DIRAS3",6.59857684600822,6.60701201275565,5.29031095099465,6.04529202176455,6.3991018748316,6.65516992011782
"NFIA",9.44281449952478,9.69935398818343,10.1815246675377,11.3843327066075,9.89110800459685,12.9438271480083
"OMA1",7.0451330407818,7.46135385014444,7.77772701745442,7.57456057707826,7.199087088906,7.51076291506911
"MYSM1",9.77429435405303,9.9224079942474,9.82670831451534,9.19285186357795,9.14720563218502,9.55757025678605
"TM2D1",9.0768966425727,9.14350679959379,9.07969147656313,9.01397929669736,8.82150067294164,9.59215997227397
"USP1",9.52602859947427,9.5393084071398,9.72796568502479,10.1612120270692,9.65153897107057,10.3612477417643
"FUBP1",12.1832529328677,12.2024231364484,12.2067577883802,12.2401455795261,12.2207166243782,12.2224534595159
"NEXN",5.67698376420325,5.67386991742712,5.56693702969189,6.03376044615837,5.34903754503733,7.27785479706656
"DNAJB4",8.92583397425425,9.0444398969378,9.09441420071506,8.72426104368107,8.91669401918567,9.17486277607657
"ELTD1",4.93817568778476,4.84495094307666,4.33057497578978,4.95373220111794,4.86095996838829,5.03357482878391
"LRRIQ3",5.76951971169128,6.12926986364968,5.98677983682015,5.56781120866857,5.87375914045291,6.33841262084272
"TYW3",7.0771618631557,7.03175530872374,7.66959197425824,8.25643732290653,7.64730366489002,8.83665040334435
"SNX7",7.79233381817689,7.61841818114771,8.02961915669745,8.04247056979435,7.76979592090996,8.99512543803271
"B3GALT2",11.1597344269428,11.2081235394609,10.8179938679322,10.0410164391835,10.5678519254248,8.56622213080097
"NTNG1",11.5359826724314,11.4864601475732,10.7147122031833,10.3537785823681,11.0559904138442,8.64756606686462
"FAM102B",10.5813681551161,10.6789435493897,10.1525376293268,10.0390565422696,10.1575183953916,9.77788965154638
"HENMT1",7.27590283438528,7.34402419881522,5.3782345210694,7.01760602430721,7.59018729455927,6.87265238011493
"AKNAD1",5.36825224778896,5.71625300812078,6.92958651312438,5.39408088420441,5.49165273270531,5.37273133131448
"C1orf52",9.62205308417768,9.54556419363794,9.43422886625994,9.37284230119462,9.5598289188447,8.56389541627863
"WDR63",6.49303627369584,6.51389521262857,7.22207310011052,8.70787399673348,7.0723947844243,10.0181012478846
"ATXN7L2",8.15166742943762,7.97289824292198,8.01414446739986,8.24737604559895,8.34922393054717,7.3991396335566
"ZNF326",10.4905672160222,10.665227999075,10.4317095583104,10.2217868823887,10.2755634706887,10.4699710584402
"HFM1",9.25698919480648,9.40949714200264,9.22501566579773,9.12665969185088,9.10742534906414,9.03928430964639
"BRINP3",9.67418116518536,9.80114576961206,8.23474953725857,9.02855655245795,9.90027532791446,6.67320839276355
"GFI1",4.60390596466056,4.90491546544878,4.94418431550225,5.0909007841773,4.74232802187034,5.15195654074678
"KCNT2",9.90108533718409,9.86755180730395,9.80451462501076,9.75211117196943,9.64262623659658,10.290023923109
"AGL",10.7492555981183,10.7450873238314,10.6339764330716,10.4493434348517,10.5009659926291,10.6822191146042
"VCAM1",8.932276895801,9.02843713817398,9.33238448296789,9.03775665632753,10.2134095408995,9.47471335786829
"EXTL2",9.7392452627055,9.83524183748198,9.89130974656769,9.75688970990883,9.6535121140947,9.90345261650259
"SLC30A7",9.87013856495545,10.0163569525436,9.92872498735089,9.83954939263372,9.75071975144658,9.84920436896213
"ZNF281",10.3382195624777,10.3797881231983,10.4394094420656,10.3751665454872,10.4632337321427,10.0590539768512
"ARPC5",10.936886850947,10.8533768615767,10.8187319788427,10.9155476293035,11.1671460947592,10.8587077584227
"CADM3",11.8916367615358,11.7956021519026,10.5696554091758,11.4100807475952,11.7383981116641,12.4156085816142
"NLRP3",5.46268370782665,5.77685464919912,5.3782345210694,5.17826991240815,5.34903754503733,4.98896808752624
"ZNF496",9.80383970423511,9.79485888139665,10.0939746287104,9.94379976988838,9.90525122021816,9.71442008718058
"TRIM58",5.43226952355336,5.55970553524277,5.07933519419276,5.20526093226038,5.93352705716022,4.88837907797739
"KCNJ9",9.03760802588162,8.66639283668562,8.19418524668406,7.49965437493521,8.32210037747267,6.11061427847656
"IGSF8",9.09231650683789,8.63617355566335,8.92627676657856,8.6979512528077,9.11747399482615,7.79279483069123
"DDR2",8.12181087574416,8.38242541971237,7.56679197810507,8.34826887110313,8.2842653339578,9.69863523967168
"PEA15",12.7260841791577,12.6952888814398,12.7579289397339,13.2361483492072,13.01476377788,13.351655486307
"PEX19",9.62735158112343,9.66184218248747,9.57726759434378,9.99794375742819,9.57239950256421,10.4556475221403
"NCSTN",9.37038760070894,9.39154807483666,9.90388971251469,9.9721535174316,9.5598289188447,10.8886834300742
"VANGL2",10.0894248869545,10.2999298274311,10.508749497142,10.7332654725072,10.6146649341684,11.0353274577401
"OLFML2B",6.91790282534075,6.79318972059234,6.94077887024594,8.70457402807259,7.6231073976722,9.93702217090335
"FCRLB",5.3344412562722,5.24729833481842,5.29031095099465,5.05921631031587,5.65395698090973,4.94087121374919
"SLC9C2",7.02061302111871,7.40670473789636,7.03759706541257,6.54812888578483,6.57591271561808,7.6366663069708
"KLHDC9",6.81643943712401,6.94126765350759,6.6004284650849,7.46065189899311,7.04190649928189,7.67625765763734
"C1orf74",7.02883500481642,6.86924378332948,6.69726825935597,6.7346503210604,7.05418286515398,6.74302312567997
"FLVCR1",9.91739464452544,10.0091346947868,9.80898078778316,9.65219913352979,9.80053584171069,9.25623962257505
"FAM71A",5.0958257135656,5.05426032044833,5.56693702969189,5.3280834021818,4.95674843757777,5.45239055899795
"ATF3",7.28274489527678,7.039033598319,7.36043382064508,8.98165206825277,7.7916296063901,9.70180607199407
"RBM15",9.79797889088255,9.68921995774576,10.0111348106684,9.94519589538864,9.88440404790284,10.2232098967844
"AXDND1",5.40082433975998,5.48441204341114,5.45827589049947,5.45558649408591,5.39908280147121,5.40006335275449
"IER5",7.96658061404491,7.72015244174919,8.52714319831692,9.30591659991689,8.21621654865124,9.5761213947702
"SNED1",5.0958257135656,4.95891832408665,4.94418431550225,5.68460767469218,5.11210946503177,5.61588662529712
"BPNT1",8.45950617542595,8.65252448181681,8.78207944247593,8.79422245037405,8.72143642010569,9.04262565015169
"SPATA17",7.21992247057651,7.27228180361364,7.31014150476043,8.40840453166656,7.11981699628916,9.81740250894982
"C1orf115",6.22223378738274,6.34220771365591,6.03261425473495,6.1757212913575,6.15834206985003,5.91480976668293
"BROX",9.84307342641135,10.0018760719361,9.998157460385,10.3165129967385,9.95888150668698,10.6763234585043
"ACP6",6.90898517037246,6.97209839855342,7.66959197425824,7.88451135220615,7.10811313039174,8.58010372668895
"KIF26B",11.1980514387921,11.183480077795,11.1091610859859,10.4606117664086,11.0163114956281,8.78768162709428
"TFB2M",7.87092537703759,7.67019955312673,7.62254778683394,7.59986520168274,7.75875174609447,7.70630283433365
"CNST",10.3470744724477,10.3508034650548,10.2488044907141,10.0100009934975,10.2346462260029,9.77086213405071
"PPP1R21",9.86678308581502,9.92048437293571,10.2651451186497,9.36137875031349,9.73589846212503,9.4919146930977
"KLHDC8A",9.33357161491262,9.17614540245084,9.27755278995927,9.34453987534675,8.97787672927678,9.45855463613502
"PKDCC",7.94966016818804,7.7246074378157,8.38639790174872,8.23825698874332,7.95195488704681,7.3231847078883
"B3GALNT2",8.24806163007159,8.2777468188277,8.29989991996498,8.52159593582743,8.06657780568588,9.0325782539531
"MAPKAPK2",9.12828967253227,8.90140345591132,9.29464757019393,9.62021097109997,9.19814041799852,9.88590552450466
"CAPN2",10.6375623484743,10.4830813036704,10.8105919091729,11.0884516977139,10.8709094417342,11.4751156812474
"MRPL55",7.81590385069063,7.54964432540627,7.71512204712023,7.99445490304425,8.00886940284763,7.92253524850315
"C1orf145",6.33753079965724,6.47028950760066,5.91449335713677,6.04529202176455,6.2844576999073,5.3153992589889
"WDR26",11.1047955428456,11.2045722788291,11.5086983479538,10.9098404136576,10.8687890000851,10.9289084928171
"REL",7.86642075436646,7.82338929223941,7.82589467947357,7.32366780413866,7.33029396821466,7.33981132903799
"PUS10",7.19106458252092,7.27228180361364,7.47879312224272,7.23825186811295,7.16566744120956,7.65879818227602
"PEX13",10.1254339837175,10.185268296022,10.348276864976,10.1962209518909,10.0782348233374,10.1577730209124
"KIAA1841",10.1723904358183,10.4367390871716,10.3995056702747,10.0059931093679,10.03424859457,9.96719543567987
"TRIM17",5.29925920898593,5.00838899562681,4.33057497578978,4.91404266993799,5.07654591073903,5.34453517938545
"RFTN2",8.85525052266829,8.8557640951874,9.32408356162738,9.24028730143564,8.53025180249575,9.59557370360195
"DISC1",7.55483479848096,7.62320475048297,7.23113467566778,7.92211078054445,7.45482713624656,7.62321892806516
"LRRTM1",7.36233757036877,7.20954211151148,7.36864289908543,7.60344340280255,7.86550683231139,7.07348929612911
"MEMO1",7.72417497187913,7.8803163866039,7.75923408296481,7.46065189899311,7.4639640124845,7.53972878558198
"DPY30",8.89317901711718,8.89553203123552,8.98277629335664,9.14014393248497,9.01214382024341,9.43078923166896
"TYW5",8.67738350087334,8.73379375907277,8.90693922358983,8.64383968776464,8.53883685259872,8.90802699991486
"C2orf47",7.8436809557428,7.74667471801027,7.83768552609725,7.75575392497685,7.72887297181842,7.84380978523961
"KCNF1",6.39147731265288,6.08491777140764,6.6004284650849,5.93722994218226,6.41888706613282,5.03357482878391
"PQLC3",6.06122660456922,6.15796744435664,5.96317797384801,6.72119283924033,5.88899535302041,7.36709066927881
"ARL5A",10.3406399355401,10.4293194105675,10.6213396739918,10.5240999638949,10.3357629262095,10.8042114996308
"FAM84A",10.0276698481159,10.0475357087501,9.87861902033256,9.04298755987526,9.93393982233857,7.42529865342838
"KCNJ3",9.44131082347357,9.29828515325572,8.3334706512509,7.98356144345384,8.9951123288234,6.27917803362026
"NEUROD1",6.95300237665677,6.81901835644222,7.07853172863903,6.98458762895756,6.86443091536721,6.16496703674859
"CLHC1",8.31549587315435,8.56637658396346,8.79416288500709,8.94858142400585,8.38301792117354,9.68374506224799
"PRORSD1P",5.29925920898593,5.45795213323723,5.29031095099465,4.91404266993799,5.29596108369109,5.15195654074678
"FRZB",6.39147731265288,6.37842206372085,5.83737023149546,9.86853654890615,7.80242174547315,12.3430448201837
"DUSP19",7.85736845283788,7.94270187356128,7.78383813845146,8.04770717304165,7.99014941412436,8.24145119078836
"CCDC104",9.5624461256505,9.59344884446917,9.26025258226211,9.78367282350272,9.67988842283842,10.2385698406065
"NUP35",8.7594337343783,8.8718035384235,8.97218424115071,8.79111522129111,8.77143000974603,8.71409841552894
"CCDC138",8.59849149349291,8.52128187610374,8.85021110553315,9.13525517934365,8.72519991723393,9.45730411647042
"C2orf48",4.60390596466056,4.90491546544878,5.29031095099465,5.28112095084593,4.91093888395682,4.83010453277739
"ZSWIM2",5.43226952355336,5.31286008562374,5.3782345210694,4.95373220111794,5.07654591073903,5.67858866699434
"FBXO41",9.99320898101777,9.9252886215045,9.63878163274787,8.74207342933317,9.76721350597355,7.10645774094267
"ALMS1P",7.09290167116183,6.96445555233574,7.01666422632071,6.59355663474754,7.05418286515398,6.5513242749642
"ACTG2",4.93817568778476,4.77662214806139,4.94418431550225,7.3323623405347,5.29596108369109,8.53804933581426
"C2orf44",9.31726630418808,9.33920263565217,9.50752294882917,9.34559809371799,9.54395985411915,9.01227043477643
"SMC6",10.0064826464351,10.1683491327057,10.0890872788677,9.94170304300717,10.0312173329096,9.84729682981121
"VSNL1",8.78577427874634,8.89553203123552,8.26552265982298,6.366589959339,8.15319488826001,5.34453517938545
"CCDC74A",7.50912406189651,6.99477456520651,7.20377091105087,9.101814393448,7.91932429112947,9.48579491314048
"H3F3A",12.0042915818351,11.9440094553438,12.3929611202262,12.7725660944889,12.6334292828865,12.6953045605438
"ANKRD30BL",7.88435423161158,8.18103058476055,8.56292471789015,6.65890241898307,7.51318256092913,6.38389343266527
"ADCK3",7.9749660378048,7.91962668990232,8.0347402825363,8.15102796989229,8.29698848856491,8.09735108405167
"SLC16A14",11.0352846609933,11.0583393693446,10.5431016797299,10.8308751349335,11.080384095681,10.6437340768873
"EN1",5.22411723473243,5.31286008562374,6.71054607635312,5.45558649408591,6.03126530424217,5.22140032273235
"ZNF2",8.05225889084432,8.17456027369429,8.12870343458196,8.13882100771673,8.07251872154137,8.15736519835445
"SGCB",10.5193388776493,10.5146569592403,10.7003651495041,10.3987911394513,10.3976740035886,10.6896879888145
"SPATA18",6.44325127059483,6.2134331229608,7.41691240853898,7.39175697258473,6.73951207025976,9.06086556910967
"NOSTRIN",5.46268370782665,5.71625300812078,5.33538540566403,4.99090412180236,4.95674843757777,4.76371589021208
"CCDC140",4.80259831140558,5.05426032044833,5.0153475618871,5.23135019106063,4.80549449477315,4.83010453277739
"SGPP2",6.36478816236259,6.25346714605822,6.38235023120535,6.30301855394286,6.10909595759182,6.40604308854489
"INHBB",6.93556526942794,6.76685754580122,7.50874119576164,9.31782845723895,7.68673289023078,10.4681108194075
"BBS5",7.0451330407818,7.14383672489722,7.068411441721,7.42459969106249,7.38433704713278,7.76454637346845
"SMARCAD1",11.9091332681739,12.0103709905992,11.8839381469319,11.8485577261064,11.9463266179772,11.4055532256663
"PDLIM5",10.0406313811735,10.0100394582291,10.990369151816,11.2930189666937,10.3109845165307,11.9679173373905
"OTUD7B",8.52072763612895,8.63382242970392,8.70416402517429,9.00059781047696,8.88173111580712,9.73726285624238
"STPG2",6.17610689899361,5.97458977678836,5.91449335713677,5.7607533951804,5.79433681434327,6.03906618111504
"RPRD2",9.99628300044947,10.3614753108858,10.3421285237396,9.82748649607671,9.96127247232054,9.64692938471075
"ANKRD23",6.9787484957864,6.89367700381847,7.03759706541257,6.68694592364447,6.8503189605295,6.36135507851925
"CTSS",6.06122660456922,6.12926986364968,5.98677983682015,5.789777878405,5.99036612397887,5.571858798105
"MSX1",5.49214979402744,5.31286008562374,5.60065691610817,7.47638291567302,5.59610890044655,8.63875221389143
"PACRGL",8.47726641310471,8.68694737031617,8.63191691685501,8.6996098123949,8.43456251568314,9.16263332505713
"BNIPL",5.43226952355336,5.62971160557788,5.33538540566403,5.58533341826546,5.32290848716218,5.65810362455486
"C1QTNF7",4.80259831140558,4.84495094307666,4.63910910251109,4.77291247508709,4.95674843757777,4.68467332000649
"LYSMD1",8.80463218759551,8.59567095972145,8.68156823853044,8.80658460272577,9.08857532332467,8.31533747103444
"SCNM1",8.68249195481236,8.52889680918753,8.74209121903283,8.85796865252686,8.8867781799847,8.75747869292391
"VPS72",9.87904850638977,9.88935209405871,9.92598654886531,10.4498351975548,10.344946148024,10.1753632565549
"ERCC3",9.99320898101777,9.97617914774625,10.1073300352787,10.0585366339242,10.1932120029792,10.1623825077356
"RNF149",9.33194936777295,9.47520932457406,9.38120951919906,9.03382095767557,9.19814041799852,9.41025461702695
"IWS1",10.3309339720119,10.3678407133487,10.3369848044841,10.4498351975548,10.4291004029208,10.6070141582139
"BOLA3",7.67856140727407,7.65626437748541,7.36043382064508,7.41646081015636,7.5479271328579,7.43562724486477
"CDC42EP3",10.2593942955875,10.2533207906421,10.4014780277994,10.2321164061394,10.3461661707914,9.9958893975197
"S100A11",4.93817568778476,4.90491546544878,4.7660846074949,5.91179944389842,5.99036612397887,6.30320502760512
"DHX57",10.6030344286133,10.7253955209623,10.6531402705844,10.6027091048067,10.6387586804021,10.6784701229368
"TGFA",5.97189916146181,5.67386991742712,5.66493901424027,4.91404266993799,5.4465120496375,4.58127373257168
"CCNYL1",8.4684138006245,8.66178492182085,9.01924596320379,8.58760805312461,8.54737082130233,8.75951209785585
"FZD5",5.9903111609895,5.94108086001497,6.6427968877454,5.87256822454692,6.04459192115025,5.18746296578136
"DCAF16",10.3897724120046,10.4272892193708,10.2662279377147,10.4048909497321,10.462108875443,10.608140729234
"C1orf189",4.93817568778476,4.77662214806139,4.94418431550225,5.66870520190303,5.07654591073903,6.08250174298976
"NPPC",6.36478816236259,6.42517175702489,6.61470214021762,6.25557621208894,7.11981699628916,5.07532107295397
"GNPDA2",9.1170265857431,9.18258522927039,8.82098471473035,9.00059781047696,9.08565327398806,9.20051037087257
"GABRG1",8.41411815025139,8.54400644205889,6.82449048673678,6.63025606291703,6.38909414439227,6.11061427847656
"GABRB1",8.82555564119064,8.7897539286858,7.81400512101009,6.28425515241289,7.08440384257953,5.07532107295397
"PAQR3",10.3685814704492,10.4054541194515,10.3554169531893,10.3245799522863,10.3852652496627,9.98378588516715
"NIPAL1",5.87520277529963,6.14370258404416,5.56693702969189,5.39408088420441,5.67254547946021,6.34993536391042
"ANTXR2",7.45586048096702,7.63272951889504,8.50523779269717,9.44471679213341,8.07843500081321,10.3923163380842
"HELQ",8.42331149666572,8.35124458435623,8.39436969427517,8.43256820435577,8.47763332468454,8.7493161660563
"MRPS18C",8.97450735232434,9.00500312466709,8.80315924048954,8.79422245037405,8.99355396371596,8.8424160794459
"CGGBP1",11.8641467971268,11.9251938618641,11.8536494898291,11.8585907034723,11.8373492471146,11.9751382283794
"FAM175A",6.89097298392508,6.88558122958182,7.25797082264261,8.00795564502938,7.11981699628916,8.78768162709428
"GPR155",9.4944779645835,9.51655993350031,9.44957065374681,8.65585210283206,8.83549185548443,8.6453676721399
"DAPL1",5.04742567774093,5.00838899562681,5.07933519419276,5.39408088420441,4.80549449477315,5.37273133131448
"PMVK",7.52069154069623,7.50359283809551,7.66296644002311,7.72657456869005,7.88592779193738,7.4201057192974
"PBXIP1",8.93441813638862,8.62910859222468,9.06481653161499,10.5587064070961,9.43689024287358,11.8407247044665
"CLDN1",5.43226952355336,5.45795213323723,5.86366298223323,6.06802763232559,5.79433681434327,6.33841262084272
"PYGO2",9.17248064076179,9.09823652986495,8.98804320778354,9.41074523983173,9.45962725792425,9.37889304598039
"HIPK1",11.0663218823202,11.0340894365003,11.2455022130252,11.656177462958,11.1978753832615,12.3878396086608
"DCST2",5.14109345202186,4.90491546544878,5.19204933581343,5.3280834021818,5.37441071259404,5.3153992589889
"COL6A3",4.80259831140558,4.90491546544878,4.94418431550225,7.83985469913699,5.59610890044655,9.18698918377656
"C1orf106",5.62750733317344,5.45795213323723,6.71054607635312,6.88646604084261,6.30608491752984,6.88801804929274
"YY1AP1",10.2370482478923,10.3992529549606,10.2256119665688,9.99794375742819,10.4359920078339,9.83772108066134
"KBTBD8",8.76184838695264,8.8718035384235,8.46418745624302,8.0581230460648,8.54737082130233,6.73449250527301
"FAM19A4",5.9531937412958,5.81547244195914,6.46448655819503,6.33065288233021,6.07080875752555,5.18746296578136
"EOGT",7.0771618631557,7.4011209497998,7.29296706676106,7.23360799486408,6.8853279124242,8.17274800639151
"APOA1BP",9.31562557135797,9.20963751925532,9.47977251912826,9.77191805559056,9.5354243298868,10.0851840841817
"NBPF10",8.66453227349511,8.51106532078206,8.77599939552662,9.13157768414237,8.33449300910272,10.2956293314548
"POGLUT1",8.87768241564622,8.93040618926337,8.81802911615754,8.74849627992998,8.91340061362166,8.58240432373413
"SLC22A15",8.93869107491571,8.87578558812551,8.27419472702668,7.82465172168349,8.38778118877184,7.34530990145589
"ATP1A1",10.9072614196018,10.6554332920458,10.6547947194918,10.8795013220302,11.1584927073594,11.4187740276481
"SLC15A2",9.1851181449304,9.09653218965331,9.54371101527453,10.9155476293035,9.55455862943723,11.6745885893507
"EIF4E3",9.74656706778638,9.78643347423102,9.49463924868015,8.71609089365722,9.23420346064774,8.49716609551852
"LRRC58",10.339026804978,10.4947610144225,10.4632099659666,10.4552335483748,10.0243735999832,10.9863517592806
"FSTL1",9.84421134585004,9.87948372819375,10.1940966399133,13.0616936212989,10.9680020919304,14.892547987511
"LMOD1",4.93817568778476,4.77662214806139,5.13786241172375,5.43553531135657,5.03903521958369,6.50127544507696
"ELF3",5.18373077138573,5.24729833481842,5.13786241172375,5.02596345433389,5.34903754503733,4.68467332000649
"TMEM183A",10.9897542200335,11.0134898323313,10.7941726397456,10.795718262711,10.9089666081544,10.6475743361101
"TMEM169",9.95263850782775,9.88836829226131,9.82964181855436,9.48464455933597,9.91925701040253,7.97972245629034
"IGFBP7",4.60390596466056,4.33057497578978,5.07933519419276,5.60255728389094,5.55563637036578,6.85711112771071
"TRIM46",8.68758229762323,8.45620037119831,8.37435639784723,8.21520161482096,9.1260316168917,7.35078694996982
"KRTCAP2",6.111792441977,5.85279833732561,6.0767532850492,5.77536139914715,6.44800815064414,6.3267847648848
"ARPC2",11.0111807265182,11.0600871992776,11.0227595180841,10.9850453737905,11.0652790465323,11.0445101547973
"CCT3",12.2026712469166,12.1875098922268,12.2744948702813,12.5286281042066,12.3309427649975,12.5724314106041
"TMEM79",5.9903111609895,5.67386991742712,6.399200953035,6.29367165290976,6.63548630992359,6.38389343266527
"SSR2",10.6506252757549,10.6594744657868,10.693942581855,11.0383290156276,10.7252178623279,11.1297329295267
"RNF25",8.96406543927637,8.83545975204215,8.97483957696695,8.78800125772473,9.07685134844725,8.97077379830165
"STK36",9.54154851038933,9.38178972471936,9.74671165890383,10.5343375392736,9.73030094229899,11.1422290265725
"ADORA1",8.45652462266435,8.09454011614963,7.58795930644445,7.99987055854279,8.66180450307836,7.11942799821587
"SRGAP2",10.8075682857181,10.9375567772988,10.2898465204457,10.6211640348851,10.5615638114802,11.2271624635248
"NEK10",8.96406543927637,8.98487169429212,8.44896371376296,8.58939905639909,8.33202305094227,9.01907161514508
"CCDC141",5.22411723473243,5.2124335202594,6.05488661074004,5.0909007841773,4.80549449477315,5.571858798105
"IHH",4.60390596466056,4.77662214806139,4.63910910251109,4.82464481268825,4.56883750728876,5.45239055899795
"KIAA1524",8.36406493692669,8.41568412165511,8.88733802173831,8.8445447831955,8.22156759349832,9.20498935292968
"EOMES",4.7165496130104,4.84495094307666,5.19204933581343,5.12120644125242,5.11210946503177,4.83010453277739
"CWC22",9.57346879762078,9.6209600225844,9.48350361129794,9.34665553496977,9.39857120811004,9.34006332964509
"AZI2",10.7010973338793,10.7682610811931,10.6000291987058,10.5226982831243,10.6590247476899,10.4786205862733
"TGFBR2",5.0958257135656,5.34383018699978,5.7255112363932,6.63025606291703,5.97641267591333,7.98671204508769
"ANKZF1",8.94931819555722,8.78128528618915,9.01409228622228,9.39652065401103,9.61959557248857,9.39857391585116
"HDAC11",8.74973432875822,8.23798184467487,8.30836671377887,8.33764052430915,8.61184210728188,8.27317766751525
"FBLN2",5.40082433975998,5.09718127405855,5.3782345210694,6.47689875896768,5.65395698090973,6.75149995617342
"GLB1L",7.22704432932557,7.33818434225533,7.3271073717309,8.67115039189151,7.5479271328579,9.92441194380751
"STT3B",11.4286115260474,11.5381632679288,11.4749171732616,11.5683403381111,11.432446292381,11.5086781398881
"CHCHD4",7.87989202519444,7.56466638683442,7.44043827095953,7.29725485245688,7.51318256092913,7.26046915862092
"DPPA2",4.87482195210638,4.90491546544878,4.63910910251109,4.64396487703681,4.33057497578978,5.15195654074678
"NFASC",12.2046652004598,12.2749491041034,12.2601675122294,11.6069879528196,12.0562433510315,10.2254142177448
"SGOL2",7.79707923979468,7.54964432540627,8.20329953523338,8.45436588749645,7.75134088524586,8.7635702929894
"SERPINI1",9.6457443682468,9.64679245490075,9.58075482190222,9.83954939263372,9.87259656821199,9.40377703826272
"CLASP2",14.2012176865708,14.2617044374735,14.0276925638052,13.5343058210226,14.0644722964302,12.4671116376595
"SUCLG1",10.2090613367203,10.185268296022,10.3369848044841,10.1979785575273,10.2147460368116,10.0044729660202
"NUAK2",6.74767673763211,6.94126765350759,7.64290155373675,7.54507410269512,6.99805561656189,7.91155206941919
"PRKCI",10.8990750228794,10.940406422135,10.7599940965535,10.6044769268065,10.5636628972671,10.7383443689382
"IFI16",5.89520136979655,6.02312871455732,6.84855731667408,5.92458453824114,5.97641267591333,7.13227778960985
"AIM2",7.2895535690056,7.53953995283721,6.98465473288329,6.72119283924033,7.42705447367088,5.84730736939238
"EFHB",6.56432869610102,6.50312951392523,6.399200953035,7.1814751206461,6.513522034208,7.30635793952625
"EIF5A2",7.45586048096702,7.57459293577644,7.48634011036382,7.51114736667832,6.66022149182736,8.4348430554223
"RPL22L1",7.34286011609801,7.4011209497998,7.84354444978498,7.62824016405039,7.41295937702227,8.10057341242466
"PPM1L",11.5278650813226,11.5734671072369,11.8216070830422,11.2254185285247,11.3810059782388,10.6293800562184
"ICA1L",9.96837795039781,10.2075227055513,9.83840667594376,9.52816234423792,9.64361926731117,9.65130978250241
"SNHG16",10.5093339589782,10.4627418095462,10.514228222262,10.972780367761,10.5589356505606,11.4533438851175
"RYBP",10.8957874100951,10.9746335504263,10.8694830820477,10.3668577243682,10.5286311225223,10.2508853421528
"PPP4R2",11.2772454438912,11.2565634348902,11.2322673995145,11.4331410287179,11.1094095805444,11.5602230603936
"CD200R1",5.40082433975998,5.37374005388151,5.0153475618871,5.05921631031587,5.03903521958369,4.68467332000649
"GTPBP8",8.37989528015012,8.3455016641455,8.34996531350985,8.17513332165389,8.22689868447515,8.36701671733974
"C3orf17",9.98497940381223,9.97247047754768,9.89130974656769,10.0086662698071,9.85555916300393,10.1305866095548
"SPICE1",8.54618583798645,8.75989266782807,8.97218424115071,9.4682232480028,8.63604119052241,10.3525347890023
"KIAA1407",8.80930824446235,8.79186331260931,8.53437126979068,9.08035324209271,8.55585431634013,9.88497604948143
"CADPS",12.6525168997492,12.5829251676665,12.3299048229061,11.2484942423026,11.9256694254516,9.94774382374954
"NKX6-1",4.33057497578978,4.33057497578978,5.07933519419276,6.25557621208894,5.37441071259404,6.17818765351574
"CDS1",9.36563856073283,9.18739625988533,8.42192671374476,9.26846242387592,8.71766303466794,9.95307489285309
"WDFY3",12.760227388798,12.8732028351629,13.012329406861,12.6920458195773,12.744327023299,12.8323397640696
"COX18",9.50170948542293,9.47258506944051,9.15652724409517,9.0980503178252,9.33234937628214,9.04095595006081
"PTPN13",10.7210494773471,10.8763756866706,10.9652566592265,11.8991196091658,10.7303656816764,12.5066071371226
"SYNPR",10.9018089875902,10.9072905960358,9.56499539326578,8.69629077530941,9.95488772997467,5.97857887220761
"ALB",9.02359951858077,9.31742725761455,8.04492768270582,8.45829372797316,8.94115699109686,8.04142784365371
"C4orf36",5.81299943796065,5.69527237656877,5.7255112363932,5.89887096339096,5.57607598002124,6.5513242749642
"THOC7",9.03760802588162,9.2346422697425,8.89577128390487,8.97482478702602,8.99666900720662,9.00372348353913
"ATXN7",9.67418116518536,9.82293639194086,9.62364758391196,9.53188509670835,9.3531450048145,9.79382502400382
"PSMD6",10.0115555344476,10.0235432080352,10.0020629466641,10.1897580051593,10.0972005688279,10.2737859225824
"PRICKLE2",11.9752556954899,11.9295025976854,11.8355309725814,11.2442487189017,11.8386498006225,10.4027419817752
"ADAMTS9",7.85282058766129,7.95410068733368,9.19117879616763,8.59297437018921,7.78438898045635,9.04262565015169
"PPM1K",11.6180696403747,11.5789632576993,11.2460510371256,10.9576467769976,11.4942698075708,10.0416450605465
"GMPS",11.0486681853264,11.1303996343508,11.0494163743309,11.3241929728954,11.1187184845369,11.4818909329089
"TIPARP",9.0475312317789,9.11011071624947,9.39117632047299,9.28289842472785,9.01368218353162,9.76985539973502
"CCNL1",10.42060488112,10.3937183326024,10.5269315484497,10.4683989967577,10.6187086144131,10.6907518204429
"PTX3",8.80697211819201,8.82313800716929,8.50523779269717,9.14501613350372,8.93467412085408,9.60914831416535
"HESX1",4.7165496130104,4.95891832408665,4.7660846074949,5.05921631031587,4.99924798284876,5.59411117987997
"DCLK3",7.77319182083642,7.84398320320908,7.56679197810507,6.39289578642982,7.42705447367088,5.42659714675519
"SLMAP",9.86117320294628,10.0298019295937,9.77742304381021,10.1412535964195,10.0059632001101,10.4933287109873
"RPL9",12.4932522435485,12.4572569223222,12.8445490501241,12.7414776589156,12.4863012982766,12.6789152176659
"SMIM14",10.4810914622212,10.5517814652414,10.3441808849708,10.5813244719575,10.5610385623107,10.4291186486608
"RPP14",9.75506242136882,9.90208078602438,9.50568946027502,9.51787488938437,9.66822518517061,9.26770213530466
"ABHD6",8.91503119280458,8.84767674792207,8.61497734050846,8.66945861021299,8.56007732317955,8.05145731144394
"C3orf67",5.79147317606317,5.75702651981449,5.69565584988958,6.01035734573399,6.04459192115025,6.38389343266527
"RBM47",5.62750733317344,5.05426032044833,5.7255112363932,5.63615875497389,5.67254547946021,5.9629602809734
"APBB2",12.224891305507,12.3111738592391,12.1138996749664,11.9157652536445,12.0864818325518,11.9685752775948
"IL17RE",5.0958257135656,5.13762512309315,5.2426758087291,5.17826991240815,4.86095996838829,5.15195654074678
"IL17RC",5.3344412562722,5.48441204341114,5.66493901424027,6.45226469243349,5.93352705716022,6.89563633808235
"CRELD1",8.84390190897892,8.71167643987149,8.75141856655928,8.92751925551438,8.96361959405544,8.91533821890828
"PRRT3",7.69901571886135,7.86830822747009,7.47120541838317,7.55620390682624,8.16157446701301,7.00508864209275
"PCOLCE2",6.87271940713298,6.85270764240235,7.05821634900997,6.32150807584472,6.99805561656189,5.9629602809734
"U2SURP",12.3246259711275,12.3900641118684,12.136571048637,11.9601000324562,12.0129307474656,11.7356455748735
"MTMR14",8.99311383673768,8.79817294655836,8.80315924048954,9.09679343450485,9.21160267712732,8.99339964356511
"TTC14",10.854047211261,10.9072905960358,10.8297585537482,10.6667169983725,11.0231915827648,10.5842959384063
"CXCL3",4.87482195210638,4.90491546544878,4.94418431550225,5.37262261357025,5.07654591073903,5.7938961322474
"MTHFD2L",9.30739374410752,9.5493046674244,9.50568946027502,10.0423215584353,9.59208129153332,10.3315427948304
"RCHY1",9.8812674124345,9.90597479999593,9.97714759865462,9.5131743759526,9.63964303151618,9.34006332964509
"GYG1",8.8301642122989,8.9208034727136,8.59438233136493,9.30374017966511,8.36622061183977,10.1108490163503
"HPS3",8.67993999982361,8.94374315041009,8.93175434153875,8.81272602185428,8.74757612469874,9.04262565015169
"TM4SF18",4.60390596466056,4.33057497578978,4.33057497578978,5.02596345433389,4.66714835127326,5.45239055899795
"TOPBP1",10.5306887202902,10.5474265027068,10.4365268014153,10.4819262792909,10.4468368041066,10.4405479759674
"RYK",10.1113271144316,10.1715871744359,10.2455140251689,10.6806098314139,10.1795880622039,11.0883563882514
"SNRK",10.9121510478545,10.932317761316,10.7934218497118,10.7429279168002,10.8679399498109,10.3444450670173
"UCN",5.14109345202186,4.84495094307666,5.41912560421338,4.87127988604197,5.20943279770974,4.94087121374919
"ZNF513",8.35448204461937,7.81506738043907,8.46039665322925,8.57138761546195,8.72519991723393,8.28170959474778
"SLC4A1AP",9.67929173388246,9.75762848792092,9.61006033266178,9.54207333678978,9.77539013096835,9.58873813311229
"PLB1",7.46787238298213,7.67019955312673,7.80802279742507,7.26579459058132,7.58601778618675,6.87265238011493
"SPDYA",6.00844026539826,6.31748106638303,5.93909051704448,5.73093733123111,5.8583162996779,6.15160304901779
"KIAA1143",10.3741053903518,10.3500891926665,10.2355973334689,10.1938741399344,10.2781226044083,10.284396639343
"KIF15",7.85282058766129,7.88429667317744,8.67504644412205,9.19754913987009,8.35410074742384,9.38942297073236
"WDR43",10.1263695520578,10.1892675732784,10.1826721146723,10.0834735112265,9.979472636214,10.1987373076279
"ZDHHC3",10.1912895790064,10.0315851563303,9.841316490277,10.2349726342369,10.3009526911969,10.4618926348574
"LZTFL1",9.02158711969971,9.01586628446346,9.06232235237928,9.85819784954986,9.08857532332467,10.6115151718485
"FYCO1",7.09290167116183,7.33232000194245,8.07506041228118,7.49193991118779,7.28446871963351,8.27887126887831
"LRRC2",4.93817568778476,4.77662214806139,4.7660846074949,6.25557621208894,5.17836802896297,8.37234968959896
"ELP6",8.99311383673768,8.90725099803451,9.03713979246116,9.08669864401928,9.04260276007627,9.25335967667131
"DTX3L",5.9531937412958,5.62971160557788,6.97381680886921,6.33065288233021,5.76091096778062,6.20421240927874
"ZNF148",11.6833963391653,11.8153978043566,11.5861646626756,11.5274646043245,11.4964687653401,11.5032392571599
"NMNAT3",5.43226952355336,5.31286008562374,4.33057497578978,4.64396487703681,4.99924798284876,5.37273133131448
"SMIM12",8.87768241564622,8.86179988105892,8.78207944247593,8.89171511871018,8.92979271367827,8.98473947019248
"ZMYM6",8.58763713156068,8.75124561482829,8.60471678266823,8.51595529628347,8.53455075113621,8.54514457943036
"TPRA1",8.29225369556463,8.00976515806518,8.35405945616691,8.58581481145572,8.62600777782423,8.62096045895252
"YEATS2",11.3905793865336,11.3391362618193,11.3805975318416,11.3441668121872,11.5672155789182,11.087548937371
"GRIK3",11.194488210858,11.2112728925856,7.47879312224272,7.64568945218677,10.1109040570499,6.43857020096946
"ZC3H12A",5.0958257135656,4.69525161239808,5.2426758087291,5.28112095084593,5.03903521958369,5.40006335275449
"MEAF6",10.8641755722257,10.913588216169,10.4875527582892,10.5486409665072,10.8919441513637,10.1242999298458
"SNIP1",9.04357016000457,8.93040618926337,8.46039665322925,8.97892504394287,9.05908427896942,8.80353394096369
"DNALI1",8.66194816560455,8.69824067719828,8.97483957696695,9.90486664303388,8.93304882582425,11.1737647272762
"POLR2H",8.50926617579326,8.28676846667809,8.28281454063482,8.74046321902232,8.51292597134827,8.7635702929894
"KLF15",7.09290167116183,7.00225076772355,6.9628925018021,6.74797431349417,7.02951969692029,6.16496703674859
"CCDC37",6.16034128042322,5.67386991742712,6.25772181162451,7.48806676121239,6.14621490998224,7.38320676776276
"CAMK2N2",8.1845265564615,7.86024605995143,7.62936499745985,7.8337930208669,8.31210843498759,6.85711112771071
"LIPH",4.99520527768772,5.09718127405855,4.7660846074949,5.63615875497389,4.99924798284876,6.3150496424646
"TMEM41A",8.51214014062044,8.56637658396346,8.53437126979068,8.26094652409205,8.54097510972847,8.33459491819434
"RPN1",11.8792062235509,11.8052734442308,11.6381012533692,12.0617047825583,11.870152517969,12.4790126647808
"SENP2",10.3685814704492,10.3021473375301,10.3665661472964,10.3689394221984,10.2379363847295,10.572801203364
"HEYL",5.29925920898593,5.17594971784969,5.33538540566403,5.63615875497389,4.99924798284876,5.571858798105
"IFT122",9.15790057669722,8.94942133757454,9.04221169520246,9.94449800166179,9.43229944790775,10.7087179235742
"RFC4",8.65416781502297,8.40744155608265,8.61156529937367,9.04168161617988,8.8073719263142,8.85957561010754
"RPL39L",6.22223378738274,6.186010907159,6.65662472716031,6.48500758652161,6.33784955861795,6.21702304029175
"BAP1",10.1984245893783,9.89426105603241,9.93826875983936,10.3962419169706,10.5494344160789,10.1477349551702
"TKT",10.8375782029533,10.5837273741108,11.2465996524954,11.0603918048096,11.3494201207264,10.7582700449113
"PRKCD",5.85484684019812,5.69527237656877,5.63329680407505,5.37262261357025,6.05777184720114,6.00920807852439
"RFT1",8.37989528015012,8.39915129170205,8.55583946488962,8.32046931273056,8.25064563604669,8.57549143590271
"SFMBT1",9.77787194337001,9.75870566977397,9.48536553940257,9.33923708652633,9.56717508264467,9.04762315352636
"GNL3",10.1921833885896,10.0413536694145,9.98111034288637,9.95700868307781,9.92089583917251,10.1203567888901
"PBRM1",12.4027427805553,12.5109550782621,12.3692275230249,12.2078083446182,12.4772839080013,11.8887898485275
"UVSSA",7.98745233420534,7.66556973088888,7.97203780474367,8.01332033248237,7.86550683231139,7.75637096599122
"FAM208A",11.6137409156034,11.7110852629194,11.6510056284505,11.7874324936212,11.6031157621282,12.1175987761199
"ARHGEF3",8.71775112588941,8.83954363430369,8.88168823501977,7.9780833169771,8.53240288755316,7.83994996356416
"SLBP",9.36722331489961,9.3943240725741,9.11140244211204,9.51034668790205,9.43229944790775,9.13629546272822
"LRPAP1",9.92601807171921,9.70047560481704,9.98111034288637,10.1545898672721,10.076030326173,10.4085734515909
"ZDHHC19",4.99520527768772,4.90491546544878,4.33057497578978,4.71402308857299,4.74232802187034,4.33057497578978
"UBXN7",11.0962280021839,11.2187251636543,11.3845908295216,11.0600697848167,11.1079720943233,11.1790806358109
"RNF168",9.54295115543867,9.51910535442863,9.30311944144078,9.93117341584744,10.0811689190541,9.94596241040983
"PIGX",9.47403440453153,9.40949714200264,9.13769950635519,9.37076479550921,9.23683919676452,9.54702929749518
"MFI2",5.18373077138573,5.09718127405855,5.69565584988958,4.95373220111794,4.80549449477315,5.11466593771837
"S100P",5.04742567774093,4.84495094307666,4.7660846074949,4.95373220111794,4.99924798284876,4.83010453277739
"ABLIM2",8.64895738851833,8.60290204661825,8.40624481148365,8.17752163690822,8.47986475144536,7.46616498671517
"EXO5",8.32860959222088,8.13511063516641,7.91759106235902,8.27215772536701,8.76778586449696,8.21198510259766
"C1orf50",8.57944213207293,8.36266177971322,8.44129076856599,8.30527363848017,8.51510318243122,7.86675109047803
"ERMAP",7.01234157832621,7.20310972633089,6.97381680886921,7.35812631090714,6.9395354864449,7.88932800041491
"ZNF691",7.60996522475048,7.84398320320908,7.91759106235902,7.75254127791786,7.76244270237009,8.06472115701416
"AIMP1",9.23284917116764,9.26074234505838,8.96151359439377,9.3790568956645,9.2770877877645,9.54349843488996
"SGMS2",6.78739762772996,6.74901254157243,6.67031052339294,6.71441314140921,6.3991018748316,7.39384877311
"METAP1",9.46073721983359,9.41223878885402,9.20932406146196,9.20573266569056,9.34461844025727,9.20647925499943
"DNAJB14",10.8714465192843,10.9741701303837,10.5896872315472,10.573222772463,10.5526084543469,10.7144828962591
"H2AFZ",10.9039924343519,10.8233311515036,11.1211777666349,11.4750476563023,11.1000402110119,11.1775638027812
"SLC9B1",6.09517066737624,6.05442078166421,5.86366298223323,5.37262261357025,5.77775078358577,5.15195654074678
"SLC9B2",9.72819232885388,9.74137338949285,9.39514380663259,8.94159492577377,9.49197119142874,8.13868445275546
"BDH2",7.58817079353714,7.65158864104377,8.32515149771504,8.62998697861772,8.1191760897541,9.20051037087257
"PGRMC2",8.98487399308142,8.84361594438155,9.37117325616167,9.03644595288523,8.66963954531538,9.53522594418343
"CDC25A",8.28217602211833,8.27472691615526,8.5839729087344,8.74046321902232,8.43456251568314,8.72037639674823
"ZNF589",9.61540244428731,9.65375802062293,9.6864929844304,8.89171511871018,9.20354044062164,8.72037639674823
"FBXW12",5.5207400332063,5.75702651981449,5.56693702969189,5.3280834021818,5.32290848716218,4.98896808752624
"PLXNB1",10.1877087895405,9.92336884310655,10.43748832202,11.0035844837841,10.7713540035435,11.108795134546
"CCDC51",7.94966016818804,7.88429667317744,8.04999422004313,8.20821187066838,8.20545399040981,8.06141674089896
"ATRIP",7.66302429663445,7.52936261263497,7.79598198249195,7.95037209575121,7.68673289023078,7.71477135620991
"SHISA5",10.7893760923975,10.5305045106689,10.6753167725352,10.6989278561672,10.9306776878438,10.6109533127519
"SPRY1",8.83704947571897,8.96445445598059,8.45278483601261,8.56593979267541,8.71766303466794,8.82504918771244
"BSN",10.5969736158959,10.5517814652414,11.2244906409621,10.0377484625036,10.468844892213,8.47256108260949
"APEH",10.5121995967556,10.3357289395465,10.5722840887652,10.8925820084896,10.5937612315412,11.2497134639833
"INTU",10.9585820297739,11.10141205751,10.9969056741117,12.0401535697822,11.2719511249102,12.7736914486193
"RNF123",9.21183054218733,8.89944897762756,9.20480914560626,9.28951268396801,9.47421614400509,9.26054876739282
"HSPA4L",11.0412482298949,11.0705299356318,11.3104387711724,11.3799533281774,10.9974143847765,11.8670762157218
"MFSD8",9.40628576070929,9.49732454187945,9.0846158100354,8.94159492577377,9.13170855443281,9.04762315352636
"C4orf29",9.13388832793336,9.23619073797708,8.86746584518105,8.61071852248022,8.9731400387027,8.42204650244722
"CAMKV",10.0074986531387,9.45141710591192,8.96685881515553,8.7548905384873,9.64857418100272,7.74814814760953
"MON1A",8.70274593815867,8.28676846667809,8.53076178760897,8.37553891920523,8.81974215812213,7.61418238061003
"MST1R",6.20704769793219,6.25346714605822,6.05488661074004,5.63615875497389,5.84266003333913,5.18746296578136
"RAD54L2",10.5461503249251,10.7336331366801,10.6866828411263,10.6776740289967,10.8156197189469,10.1874745903652
"TEX264",8.67738350087334,8.5339510607216,8.7137401384434,8.86389480727961,8.69096801440732,9.36961577451712
"GRM2",7.94966016818804,7.77700297935607,8.0347402825363,7.5187575698143,8.12775706975868,6.48070743372353
"DUSP7",7.53786656908706,7.56466638683442,7.62254778683394,7.02303275895578,7.93246643504887,6.34993536391042
"POC1A",6.54099217405613,6.51389521262857,6.91830170473145,7.61057272001959,6.79973756323268,7.78478107247728
"PPM1M",5.93418371095413,6.00716920758814,5.81044805857035,6.09034204967627,6.15834206985003,7.02596812009268
"ETNPPL",5.36825224778896,5.24729833481842,4.86296472820736,5.0909007841773,5.20943279770974,4.76371589021208
"WDR82",12.6136934148357,12.5375432848717,12.2241318353257,12.3116775621607,12.6291768365812,11.6975242846558
"C4orf3",10.409888342273,10.3720687582698,9.98900330029094,10.4843285695593,10.3929594410571,10.6976476647274
"PRSS12",8.39866358208397,8.35981600411131,8.43743883491317,9.09930610414443,8.28936818020746,9.20945444043128
"NDST3",9.52176671564277,9.70271622243005,9.51300945375746,9.28400291364591,10.0059632001101,8.58928406404957
"HMGB2",8.31549587315435,8.22552063969282,8.97218424115071,10.2189043885579,8.74572469772659,10.1753632565549
"SAP30",7.14662114384871,7.08893281579373,7.68275068519138,7.76853221849115,7.49992914835553,7.7967848029881
"SCRG1",6.00844026539826,5.81547244195914,7.96131375730328,5.17826991240815,5.74380775294986,5.11466593771837
"MAD2L1",7.2895535690056,7.45598363703094,8.18040388990556,8.78018669218393,7.47304188353518,8.68443271246741
"ANXA5",9.94735360405823,9.80636397473805,10.7476438679575,11.2098270531815,10.2220747021403,12.2749944731167
"TMEM155",5.29925920898593,5.17594971784969,5.2426758087291,4.91404266993799,4.99924798284876,4.94087121374919
"MAP9",10.9664384610831,11.0557136469946,10.8348755817422,10.4640238549855,10.6668568460458,10.9632081000455
"GUCY1A3",9.62999354070297,9.76836424585609,8.9932909039238,8.35671510430623,9.67406860447779,7.11295807452319
"FBXO8",8.2889023517545,8.20978982772904,8.27851112581537,8.58222159038262,8.35166441534884,8.7493161660563
"CEP44",8.93869107491571,8.93804245124898,8.93175434153875,9.0113129406992,8.98259786983161,8.96726108556972
"HPGD",7.62609313702697,7.67941399406605,7.36043382064508,7.07615506021504,7.42237181934048,5.881557447727
"ASB5",4.80259831140558,5.13762512309315,4.94418431550225,5.0909007841773,4.86095996838829,4.83010453277739
"C4orf45",5.0958257135656,5.2124335202594,5.19204933581343,5.3280834021818,4.99924798284876,5.34453517938545
"TMEM144",5.46268370782665,5.24729833481842,5.3782345210694,4.87127988604197,4.91093888395682,5.15195654074678
"FAM198B",7.673401304741,7.56466638683442,7.78383813845146,8.19176830058879,8.53883685259872,8.71409841552894
"NPY1R",7.94112393594457,7.95788010161699,7.70870670740222,7.4685394090624,7.8131324498524,5.9629602809734
"NPY5R",5.93418371095413,5.67386991742712,5.75456202992873,4.95373220111794,5.23931319139556,4.58127373257168
"NAA15",10.7940928636273,10.8724021427782,10.7538322013611,10.6607823974134,10.6212301692676,10.8620168543496
"IL15",5.18373077138573,5.09718127405855,5.0153475618871,5.12120644125242,5.17836802896297,4.94087121374919
"FAM160A1",4.99520527768772,5.05426032044833,5.0153475618871,6.88046848910133,5.11210946503177,8.36968568596079
"ARFIP1",9.28744318416097,9.36207237766643,9.3772034036382,9.52536395279197,9.22891746565755,9.86908257426169
"KIAA0947",11.5377413378521,11.5977357479579,11.5523956041442,11.5202258482621,11.4478682952591,11.611956190456
"HHIP",5.70087603390657,6.14370258404416,6.72369361431858,7.18629611924666,5.97641267591333,9.18547895858067
"ANAPC10",8.16270466126642,8.22238829450998,8.15243586610618,8.14859490983899,7.99014941412436,8.57086426954066
"ABCE1",10.9876969022627,10.9318405421953,10.9916788281243,10.8432798063359,10.7649831066759,10.8742417403738
"OTUD4",9.90436199482836,9.96782118185205,10.147845139323,9.85151216699025,9.96206858039681,10.060701057193
"LSM6",8.04829365157979,8.28076036019112,7.96668587520299,8.21054558503974,8.27400471402492,7.78478107247728
"TMEM184C",10.5264429900408,10.6617786341243,10.4307441756501,10.3368622922652,10.37095182397,10.4512597956134
"PRMT10",8.92367990175689,8.89749183849585,8.89296569000798,8.92751925551438,8.8073719263142,9.13629546272822
"ITGA2",5.85484684019812,5.67386991742712,5.13786241172375,7.39175697258473,5.37441071259404,9.43587746229835
"MOCS2",9.37196714000501,9.44741324418512,9.24494245320358,9.33711049088227,9.1415896217606,9.54231955495077
"SLC45A2",6.99564779673892,7.20954211151148,6.57141063641404,6.09034204967627,6.21725309445207,5.54910236469605
"EDIL3",12.270447169327,12.3284976582705,11.5394696200318,11.7507916509575,12.1879280239807,10.1837007156083
"TMEM161B",10.0505230908115,10.0492971475014,10.1746207417435,9.83729527645384,9.83745045626034,9.64363532502754
"ELOVL7",6.55271216369173,6.68461897403412,6.52664985962964,5.56781120866857,5.93352705716022,5.28523604052962
"NDUFAF2",7.86642075436646,7.84806640040306,7.44819344488401,7.42865150172668,7.80957118629394,7.13227778960985
"ZNF474",6.40461685682177,6.64638115531134,7.56679197810507,8.9457908969375,7.43172155984136,10.1799169371202
"LMBRD2",10.6375623484743,10.8473163646315,10.5023312333533,10.308942902422,10.6004220961808,10.0121547211516
"RANBP3L",6.50519094232758,6.36646410882688,6.77503369616368,5.66870520190303,6.00415649635366,5.73777627602365
"NIPBL",11.33056816843,11.4773329162996,11.758000746198,11.4098280560416,11.349115953416,11.5400026473145
"RNF180",10.0623042442125,10.1130021268075,8.53437126979068,8.66437127057434,9.78711950943548,8.05145731144394
"GPR98",13.5682647960756,13.6703246986949,14.6196460498281,14.3786451294407,13.999485016056,15.2888808758678
"SLC25A46",11.4571423853903,11.560560731289,11.2339284070849,10.9744900901447,11.0323142798437,10.7347386436025
"STARD4",10.5050247972938,10.6560112963099,9.95448392691932,10.4552335483748,10.5323872123883,9.67085843112171
"PGGT1B",8.41104054542838,8.53647152281468,8.8617372504545,8.87273847656728,8.35410074742384,9.3264272444231
"F2RL2",4.33057497578978,4.84495094307666,4.7660846074949,4.71402308857299,4.66714835127326,4.76371589021208
"CCDC112",10.4507919077513,10.5653834992001,10.1490196943792,9.85225655389969,10.3221875208776,9.19901427417006
"CMBL",6.74767673763211,6.74000049684547,7.07853172863903,7.87863757101133,7.15434627732596,9.25480036981179
"C5orf63",6.57584372992704,6.48132831963925,5.49586482724437,4.82464481268825,5.39908280147121,4.83010453277739
"PRRC1",10.1886048209568,10.3102491559921,10.2951608521593,10.480001561661,10.2825901884375,10.5652801939699
"F2RL1",6.30967770216152,6.11466471136286,5.83737023149546,5.61949520913034,5.76091096778062,5.18746296578136
"AGGF1",10.399865452717,10.4040783855632,10.4432440213421,10.4134884173596,10.2497191784944,10.6210334379604
"WDR41",11.0624174680542,11.1052262456504,11.17577674822,10.8503737915687,11.0093984344188,10.9468282359676
"NDUFS4",9.55967722959322,9.60307764714408,9.52753878717314,9.40466618447476,9.37961874324953,9.4485199458496
"GRPEL2",10.0085139442849,10.0745990776397,9.65210195660987,9.66835359527486,10.02589723967,9.46354588584543
"ARSK",7.59365102268043,7.50359283809551,7.74049678459003,7.7200078598636,7.60674326500401,8.28170959474778
"RHOBTB3",10.988725927943,10.916967887745,11.3420994697613,11.5450590459846,11.4002181057958,11.2146444547017
"GPX8",6.48076738158518,6.94904069284673,7.068411441721,8.52159593582743,7.44100945016814,9.73416917255546
"TIGD6",7.77319182083642,7.99145094190824,7.98268170929863,7.87273942247192,7.75134088524586,8.07130711424953
"SERINC5",8.58491066254125,8.87777248379803,8.82981521066513,8.21287549559311,8.5892953404146,8.25017389671768
"CASP3",10.2712848638097,10.2494955180511,10.1313001002017,10.0649719403836,10.1442528878852,9.53995889698491
"PRIMPOL",8.2236879472729,8.21924907137084,8.44513237632328,8.21752395515374,8.08726367540621,8.3318596655217
"ERAP1",9.16703041184271,9.25464358743583,9.41677173101426,9.0311911634103,9.08565327398806,9.48824594604118
"ERAP2",5.0958257135656,5.31286008562374,5.88936033417274,5.54997731954909,5.42310223496893,6.26699080821412
"CMYA5",6.4305009759227,6.25346714605822,6.03261425473495,5.53181738139766,5.84266003333913,5.63720988468804
"EGFLAM",6.06122660456922,6.12926986364968,5.56693702969189,6.19617072220197,6.19402372481779,6.29124861845814
"KIAA1430",10.5454511091999,10.6114091529905,10.5617404997596,10.6324712899771,10.658042738084,10.6426349791938
"RICTOR",10.9039924343519,11.1077634461257,11.1091610859859,10.8714487756904,10.9452406378328,10.712389207754
"PAPD4",9.91847539843675,9.94718423814957,9.7682781516922,9.70755339944846,9.56926712464467,9.73003390265819
"EBF1",11.1259943724594,11.1806711156251,11.1085576160872,10.8787711272388,11.2066322099631,9.70286146751167
"ANKRA2",9.01553297461723,8.96445445598059,8.95883351473242,8.99790650815583,9.1804490968158,8.7266270537123
"UBLCP1",9.13388832793336,9.3159637895208,8.920778243449,8.90326974739828,8.76413245157079,9.28331553722213
"UTP15",9.12641860295638,8.97933204224389,8.77904263540914,9.03382095767557,8.71008638910114,9.2490289260213
"TLR3",5.3344412562722,5.53524434648493,5.45827589049947,5.47521948736164,5.29596108369109,5.9629602809734
"KLKB1",5.54851785949931,5.45795213323723,5.13786241172375,5.39408088420441,5.23931319139556,5.65810362455486
"NSA2",9.64051320033425,9.66299336912098,9.56499539326578,9.77584697409443,9.74702869507624,9.88404597470252
"GFM2",9.89450959117179,9.94812871833201,9.88709190737751,9.95839208001942,9.99899822927066,10.1430783246224
"TERT",4.33057497578978,4.69525161239808,4.33057497578978,4.71402308857299,4.33057497578978,4.33057497578978
"CCDC127",9.64051320033425,9.47520932457406,9.44766184351431,9.53188509670835,9.61959557248857,9.45980407102384
"C6orf195",5.26254826080776,5.31286008562374,5.19204933581343,4.77291247508709,5.07654591073903,5.03357482878391
"ACSL6",11.186438619549,11.1366249320301,10.5687781168347,10.5942822303591,10.6262600914957,9.29596538093045
"SEPT8",10.0074986531387,9.89621996922763,10.2411150245166,10.0046546680198,10.3852652496627,9.04595924739587
"SHROOM1",5.29925920898593,5.31286008562374,5.60065691610817,5.4150421589993,5.67254547946021,5.03357482878391
"GDF9",6.2520628250378,6.15796744435664,6.8122948523233,6.59355663474754,6.80708020734672,6.08250174298976
"UQCRQ",9.94629429422387,9.70830257160587,9.9994604651227,10.001303117829,9.95168472265462,9.85680937982031
"LEAP2",6.67520758794867,6.64638115531134,6.3126379774091,6.1653683000969,6.07080875752555,6.21702304029175
"SLC35A1",7.53786656908706,7.67019955312673,7.60881388150519,7.49193991118779,7.42705447367088,7.83219871463206
"GRIK2",11.1329919776084,11.2516008055422,11.062562313158,9.60880113993444,9.85212738107402,8.54278339593474
"MB21D1",5.04742567774093,5.37374005388151,5.29031095099465,5.05921631031587,4.91093888395682,5.03357482878391
"FABP7",11.9519680741357,11.9480264925622,12.137162878809,12.0102974846483,11.8168193302076,11.8771564890345
"TLX3",6.73756065626201,6.32990443424444,6.49593802186075,6.22622682849031,6.75482273122502,4.98896808752624
"TXLNB",5.67698376420325,5.28072429172865,5.13786241172375,6.64465633337608,5.57607598002124,7.47119071522143
"CITED2",10.2855928194216,10.2059444459652,10.3256036191897,10.2366836592537,10.3326888100295,10.0656310377034
"CREBRF",9.61806638523014,9.75223046829007,9.69617009451278,9.79610645886461,9.67988842283842,9.79283420864744
"DCBLD1",7.0771618631557,7.18363196230543,7.07853172863903,6.94503376153132,7.13142268535155,7.41489349881731
"SFXN1",11.1823969160634,11.1563672396361,10.9838028733378,10.9741483077559,11.1297396143721,10.8723677195576
"SAMD3",7.59911006013672,7.61361533928163,7.72150846225944,6.96777562639213,7.95195488704681,6.17818765351574
"TMEM200A",9.66519382190785,9.72272653330518,9.73110699713074,9.19754913987009,9.67892008397003,9.19751662073347
"PDSS2",8.12933374133874,8.20978982772904,8.08989141677383,8.23596810912026,8.02734668809823,8.56389541627863
"STXBP5",11.7364285936305,11.7619040362726,11.2956699880245,11.0760833628341,11.4154056797726,9.724848072014
"IL31RA",5.0958257135656,4.69525161239808,4.94418431550225,5.05921631031587,5.03903521958369,5.11466593771837
"ANKRD55",7.00402004987821,7.17707819150479,6.79998829512151,6.05671361986226,6.79973756323268,5.37273133131448
"DAGLB",8.9556569712532,8.80445499341524,9.03967797918752,8.9204294067061,9.17496157203403,8.53567643325285
"KIAA0895",10.4137248262085,10.412997284819,10.054403907013,9.94868030476822,10.1727275106622,9.66653714899081
"STK17A",7.53216479117351,7.49838179734488,7.23113467566778,7.31930017347531,7.24243215644684,8.03806895081865
"TRA2A",10.4312423688078,10.4778598021622,10.5448872201915,10.6654473523038,10.5772329865685,10.7326741746499
"GALNT10",8.62792446314032,8.78764144327413,8.70095774384844,9.38627352123666,8.74942516834951,10.3417383762197
"SAP30L",9.18691447817032,9.12021117526401,9.20254636568912,10.0694596239171,9.61959557248857,10.5127090705849
"RPS14",11.8052092611578,11.6028406539183,12.2541782620405,12.5652786209505,12.1592426824094,12.6569051205775
"HCN1",9.12454509727444,9.01766886113101,8.26986526502253,8.76917439345354,8.64997117320766,7.4811886036557
"MYOZ3",5.83411797820783,5.85279833732561,5.19204933581343,5.43553531135657,5.61575483702208,5.81198514857821
"COG5",10.0326688538208,10.0960602659178,9.99162471162337,9.98714089256901,9.66333750182119,10.4755374211736
"NEUROD6",7.53786656908706,7.3498397812423,7.59494511401459,7.41237359937797,7.91932429112947,5.75680447202851
"C7orf60",10.3146107606063,10.3811872152584,10.1466696266333,10.3710181192392,10.1959214110522,10.1942427724201
"GPR85",9.98084693001903,9.88836829226131,9.6454571872689,9.34665553496977,10.3613299961593,8.28170959474778
"SLU7",9.75506242136882,9.70941724737342,9.62533701633068,9.81837260237513,9.79697034718239,9.98898555322033
"RP9",8.08745859130208,8.12842844023932,7.98268170929863,8.05552620041401,8.18368265205321,8.1511653914015
"PTTG1",7.66822231500951,7.76840374055197,8.34585943003566,8.81578691619792,7.88254460270348,9.29035694537307
"CAMLG",9.9694211613608,9.88639867193558,9.7451587745382,9.94937617707533,10.2087220252657,9.5864523835736
"FBXL21",5.36825224778896,5.40267998277688,4.94418431550225,4.55239249687834,4.74232802187034,4.33057497578978
"BMPER",7.16159439458307,7.27840315363716,7.57388309620775,6.49306630528759,7.33029396821466,5.89830401412361
"RELL2",8.75216532715029,8.24108025118725,8.34174173769797,8.119070193026,8.74757612469874,7.35624264735902
"KCNK5",4.33057497578978,4.58878259651035,4.33057497578978,4.71402308857299,4.56883750728876,4.33057497578978
"KIF6",6.62092605244302,6.67516177549202,6.11933501176659,6.74132882678262,6.50436191355333,7.32874891051753
"ZNF12",10.4183151747064,10.51720429923,10.2887812997289,10.4384820105453,10.3917783881153,10.4474882322499
"SLC29A4",8.71775112588941,8.3455016641455,8.54514553185727,8.95968969122972,9.1160427633312,8.22384451131824
"STEAP1",5.14109345202186,5.05426032044833,4.94418431550225,5.05921631031587,4.95674843757777,5.40006335275449
"CDCA7L",6.26671530794524,6.26653250017841,8.20329953523338,8.06588533635117,6.9395354864449,8.51655053485238
"SP8",4.33057497578978,4.58878259651035,5.91449335713677,4.77291247508709,4.95674843757777,4.33057497578978
"MIOS",10.1160447574274,10.058072202895,10.054403907013,9.83428429388061,10.047060820142,9.50770549930774
"KIAA1324L",11.1104790958005,11.2323530537772,11.3004336069258,10.9402545457154,11.2564643629537,10.7326741746499
"USP49",9.62867316646159,9.84338748540136,10.1618770396252,9.64104079453331,9.82961938711449,8.69509809976699
"INTS4L1",6.12819034179057,6.27946357496297,6.23887088147353,6.09034204967627,5.96229157958667,6.03906618111504
"SYTL3",6.37820212442732,6.32990443424444,6.72369361431858,7.24288030421585,6.57591271561808,8.34819333498937
"IQUB",6.79714772954774,7.06776813917055,7.21295211595265,8.47195701967692,7.10222383794015,9.98378588516715
"HEY1",6.81643943712401,6.99477456520651,7.24908276591028,8.19883872296122,7.8993806303195,8.7077928690121
"ZNF704",11.8034560201647,11.8128085805676,11.950100970718,11.6190609789718,11.9844261134153,11.1293406768023
"FABP5",8.47137075015292,8.44282183317067,8.17578040881632,8.05031828145981,8.71577261749427,7.66318329412718
"COL1A2",8.8324629673949,8.54650931110655,8.69452362345421,10.5334098478622,11.0250969085014,10.7582700449113
"FNDC1",4.99520527768772,4.84495094307666,5.3782345210694,5.66870520190303,5.14598214718274,7.30635793952625
"SLC13A4",4.60390596466056,4.84495094307666,4.63910910251109,5.53181738139766,4.56883750728876,5.40006335275449
"BRI3",8.65935939785746,8.36833642053032,8.46039665322925,8.63693004494885,8.7308267358132,8.47998702889976
"LMTK2",11.3171139601098,11.3282991600255,11.2127463221482,10.8045881456005,11.2891772745411,10.1654473322317
"CTSB",10.6840453236804,10.4941146172664,10.3836289342082,10.8061251811413,10.7763400407936,11.0927893067635
"DLC1",7.49746075667521,7.32051701751159,7.75301579166825,7.17663732237503,7.38433704713278,6.93310215294778
"ADCY1",13.3337254314572,13.203898974589,12.713182653201,12.0290092558981,12.7349290403041,10.5865839321975
"C8orf48",6.56432869610102,6.84436345213363,6.05488661074004,6.92190735690644,6.70835702131992,6.80127051198349
"C7orf57",5.74711795931809,5.40267998277688,5.96317797384801,8.35460821242429,5.99036612397887,9.94507087750159
"HNF4G",5.3344412562722,5.60690679268508,5.78285907365734,6.09034204967627,5.57607598002124,6.45980961472376
"PEX2",9.04357016000457,9.07764997547205,9.17741812874257,9.77349090854642,9.24994596917671,10.6503111313843
"RAD21",12.1839268992081,12.2136549836603,12.3309398675345,12.2989079833284,12.3057730770268,12.3934036625245
"SLC30A8",4.87482195210638,4.95891832408665,4.86296472820736,5.37262261357025,5.51344929562775,4.94087121374919
"MED30",7.24819384114694,7.10286449688796,7.09855240093192,7.30611477404241,7.31011254539078,7.06680005950331
"TNFRSF11B",5.93418371095413,6.12926986364968,6.16047993900056,7.72657456869005,6.19402372481779,9.7112769198216
"PHKG1",4.87482195210638,4.33057497578978,5.13786241172375,5.17826991240815,5.14598214718274,5.61588662529712
"EN2",5.70087603390657,5.88893120691801,6.44847108684433,7.1958881982195,6.70045381273315,7.33429105777317
"KCNV1",6.58725916525107,6.60701201275565,6.00991838444328,5.60255728389094,6.24005731496927,5.15195654074678
"CSMD3",12.5511641805111,12.6962725453378,12.4536139559152,12.1747296090133,12.4890645785378,10.8425261237494
"SPIDR",9.29078753500937,9.2408261735256,9.38918847095614,9.85076739543653,9.62060459793396,9.93253117166098
"ORC5",9.09231650683789,9.05325399149441,9.03713979246116,8.83552536934532,8.93953901173915,8.71828678420789
"HEATR2",7.56603455452022,7.62797515941513,8.04999422004313,8.26544155446111,7.80957118629394,8.2674613148579
"OSGIN2",8.55457246948722,8.62674585515214,8.42582051594171,8.55864369724703,8.64003499910727,8.81726268355521
"SUN1",10.7327667723681,10.6338826372178,10.6406710362197,10.9062619021471,10.864113026434,11.2142746284065
"OXR1",10.6349355048194,10.7655855100846,10.424938268663,10.0935805441519,10.2019990280019,10.0631681547798
"TMEM74",7.02883500481642,7.13031363970509,7.068411441721,6.78071837564872,7.04805835811577,6.25468438971641
"FAM86FP",5.72424503540458,5.28072429172865,5.69565584988958,5.73093733123111,5.14598214718274,6.39501592218696
"GPR146",4.99520527768772,4.84495094307666,5.13786241172375,4.91404266993799,4.86095996838829,4.98896808752624
"GPER1",5.04742567774093,5.09718127405855,5.41912560421338,5.15028716110163,5.07654591073903,5.75680447202851
"UNCX",8.09131659757039,7.83988823707131,7.29296706676106,8.20353298018949,8.52809748622889,6.08250174298976
"TMEM184A",5.0958257135656,4.90491546544878,4.7660846074949,4.77291247508709,4.74232802187034,4.58127373257168
"MICALL2",7.037008143838,6.50312951392523,6.49593802186075,7.35812631090714,7.62716898512575,6.5513242749642
"CA3",5.14109345202186,5.17594971784969,5.0153475618871,5.74594758405598,5.39908280147121,7.1886712995919
"INTS1",9.44431660735632,8.9284907699439,9.62870994994964,9.59196099442727,9.83049161006139,8.85578004687186
"CDK5",9.89889675333845,9.62805128742099,9.45718069784818,9.65987382761858,9.88188200359424,9.0207668972356
"SLC4A2",8.144261606223,7.73347562606748,8.66191329916477,9.50562150444249,8.83200680950523,10.0231788203089
"FASTK",8.96406543927637,8.26258314695662,8.54871904204772,8.92751925551438,9.18591577809382,8.86146963960842
"TMUB1",6.94431161196086,5.97458977678836,6.88387612917015,7.02843816393424,6.71621387992826,6.68213699712675
"C7orf55",5.81299943796065,6.12926986364968,5.93909051704448,5.92458453824114,6.24005731496927,5.93108273336772
"GBX1",4.33057497578978,4.58878259651035,5.29031095099465,4.55239249687834,4.56883750728876,4.33057497578978
"PHAX",10.4567542192391,10.5165678859355,10.1097450548374,10.3993004436199,10.4699645090596,10.495765546969
"ALDH7A1",9.5274464300432,9.4326364498252,9.9246153762528,10.1320894377249,9.79697034718239,11.2906308229189
"FOXK1",10.6827741553543,10.5216513459273,10.6971574407126,10.4562128992712,10.808999496882,9.83579827276721
"COX6C",10.8243815335023,10.716002323212,10.5827511546811,10.6242170271675,10.6575514824276,10.41502532472
"YWHAZ",14.1353802833411,14.1544905661853,13.8789706098159,13.9030980588655,13.9537580156237,13.6678229543619
"BAALC",10.6616364898965,10.6461535805017,10.1036999039303,11.6329835665396,10.5891317761575,11.2790075806176
"FZD6",6.84487119178406,7.02443831744491,6.38235023120535,9.17985474394037,7.38433704713278,10.3033013604969
"CTHRC1",4.60390596466056,4.33057497578978,4.33057497578978,4.33057497578978,4.33057497578978,4.33057497578978
"SLC25A32",9.00334769545298,9.14020185378065,8.72008892138754,8.79111522129111,8.76046972350667,8.34548396504814
"DCAF13",9.54715091501571,9.62922977916301,9.60493189632962,9.94100345576353,9.60233313144381,10.2709431613777
"TP53INP1",9.98084693001903,10.082361959341,10.9122982199862,11.1566036514136,10.5678519254248,11.9471483888767
"INTS8",10.0125679734223,10.1438292079362,10.2200345141062,10.4124796069576,10.1761618669558,10.7552224166826
"KIAA1429",10.5989967181496,10.6606270101041,10.6272506097157,10.6646003002231,10.681428370186,10.7285363504121
"FREM1",8.144261606223,8.55399182076828,7.98268170929863,10.9472366239278,7.76244270237009,12.2778285674851
"GEM",6.36478816236259,5.83429039028268,6.41583398350578,6.15492760336544,5.82678316373963,6.84927332268354
"PDP1",11.544404780934,11.5713240474512,11.0405853795939,10.9037516510442,11.3913827538319,9.89146982299723
"TMEM67",9.19764564929611,9.3159637895208,9.03459711917213,9.99390216404006,9.3700481470016,11.0231329803811
"KIAA0196",9.89780121400756,9.90985832262426,9.83403090989301,9.97078327041816,9.89694849779924,10.2523273334363
"RPP25L",6.37820212442732,6.19979772223188,7.09855240093192,7.3323623405347,6.87839785072055,7.37785530753697
"FAM219A",10.52005086574,10.4177770183974,10.2553629803705,10.0126667392701,10.4705239916869,9.22570893573207
"C9orf24",5.83411797820783,5.97458977678836,5.45827589049947,5.68460767469218,5.65395698090973,6.38389343266527
"SNAPC3",10.9132353845575,11.025169211933,11.0866628232253,10.9033926868463,10.9703772725645,11.2242268078295
"KIAA1161",9.18331956688118,9.28488224734925,9.1611959404494,8.43256820435577,8.37584318476493,8.24727223557794
"NUDT2",8.59307457615746,8.66178492182085,8.47173911795696,8.32693267968528,8.5259399289731,8.10057341242466
"TMEM65",9.80617737252654,9.72162210906736,9.47415769676147,10.0272408750622,9.90855896446437,10.3484956009598
"PSIP1",11.7760047280611,11.9172609328291,11.3579268978971,11.8339413397826,11.9655021375002,11.8364057605206
"CCDC171",9.36722331489961,9.53679846623154,9.47790334252625,9.14744606200707,9.35193001099003,8.74316368628158
"UBAP1",9.87571372940943,9.7906523347536,9.5632336565914,9.85745652553697,9.88775992377814,10.0900311893025
"DIRAS2",12.0194745714663,11.9314134683134,11.3104387711724,11.0591032932731,11.4081239167275,10.7794250135822
"NIPSNAP3B",6.45587737080958,6.51389521262857,6.29459653090917,6.18598823092721,6.20569266903883,6.12443048056718
"ABCA1",10.475229130211,10.4992777002202,11.0662963946911,11.4467530354793,10.6029757980368,12.4675771567147
"NFIL3",9.42314318413121,9.41770647442367,9.33445225746564,9.11429066716567,9.43689024287358,8.52853407857159
"LETM2",8.21311353050452,8.03143602779667,7.79598198249195,7.54879380865966,7.9806963720321,6.80939009577328
"METTL2B",10.0105423839345,9.97061255829327,9.82670831451534,10.095467749978,10.1568232452961,9.94328615579528
"FXN",6.68580357978683,6.56643692587744,6.73671357377245,6.92772575729312,6.53165229568474,7.03285808344634
"ZMAT4",8.63584797194149,8.56637658396346,8.45278483601261,9.94798409637207,8.64997117320766,10.2017258997138
"NKX6-3",5.18373077138573,5.05426032044833,5.13786241172375,4.71402308857299,5.07654591073903,4.33057497578978
"TMEM71",5.3344412562722,5.24729833481842,4.94418431550225,5.3280834021818,5.34903754503733,4.94087121374919
"MAMDC2",5.62750733317344,5.31286008562374,5.33538540566403,8.1090913714277,5.8583162996779,10.0078921339111
"C8orf34",9.51463543563667,9.61740125916559,8.57348741302646,8.51218250582582,8.95723743288725,7.39384877311
"TMC1",4.60390596466056,4.58878259651035,6.14008014374634,4.95373220111794,4.99924798284876,5.47749470033185
"KDM1B",9.42618708337986,9.41907015852302,9.53474886728248,9.23686892724321,9.3772320506729,9.11740946080916
"HGSNAT",10.1787177152242,10.2813167444038,9.86438591208906,9.4643320496292,9.96683601791732,9.46105242302031
"RASEF",5.93418371095413,5.69527237656877,5.2426758087291,5.7607533951804,5.81067810207035,6.03906618111504
"GKAP1",7.93253620534926,8.04924681186698,8.1239092480457,8.09904230004491,8.1076539584255,7.9901940216119
"KIF27",8.802288440212,9.01766886113101,9.04221169520246,9.73929039353038,9.03958572633313,10.8401310855632
"C9orf64",6.28119912210877,6.06976574579927,4.63910910251109,4.71402308857299,4.74232802187034,5.34453517938545
"HNRNPK",13.0019559547276,13.0380086660061,13.097965044414,13.4178831196416,13.1956518965697,13.4178678473638
"SVEP1",7.36877029660064,7.42882027812935,7.5161296999261,7.17178260254888,7.84478820167845,6.26699080821412
"ANKS6",8.42940778608008,8.18425478613742,8.06007361605457,8.70952114167993,8.39489652046429,8.88027391822712
"TMEM246",10.5738445578763,10.4869850603854,8.76989350743494,9.75131320623692,10.5704639025963,8.66720157104918
"ZHX1",10.8133881233137,10.8614181141582,10.4810392461132,10.4934209501973,10.8487029798719,10.1859662255897
"CXorf22",5.87520277529963,5.90657782030436,6.29459653090917,7.82159149973688,6.17035088062347,9.14719890483391
"CYBB",5.43226952355336,5.60690679268508,5.3782345210694,5.25661469107151,5.32290848716218,5.77550668699715
"DYNLT3",6.45587737080958,6.32990443424444,5.91449335713677,5.6525587184268,6.37900788898933,7.35078694996982
"WBSCR27",4.99520527768772,4.95891832408665,4.94418431550225,5.43553531135657,5.07654591073903,6.06819675099262
"MID1IP1",7.01234157832621,6.53516475243763,7.43264003745993,7.78748637016191,7.62716898512575,7.48616102253718
"CXorf58",4.7165496130104,4.84495094307666,4.7660846074949,4.82464481268825,4.80549449477315,4.88837907797739
"KIAA1958",10.394439518056,10.5424332462268,11.1025089904765,10.5587064070961,10.417540697773,10.9166855738191
"PTCHD1",10.1886048209568,9.94718423814957,8.79115153842337,8.62126064586778,9.15000543993624,6.96956810339794
"PCDH19",9.46073721983359,9.66758894053491,10.2378069442757,9.10806605285834,9.16530776686839,8.86146963960842
"PIGA",8.19172708519929,8.05278242919946,8.06007361605457,8.15345689238913,8.09311925753903,8.32911917638599
"FIGF",4.7165496130104,5.00838899562681,4.63910910251109,4.33057497578978,5.03903521958369,4.58127373257168
"STRBP",11.873646971449,11.9593087062042,11.7062928063428,11.7064220730608,11.8541656700671,11.5657415900523
"GAPVD1",11.2560358120361,11.3151862463174,11.2769938013572,11.1706914222251,11.2580853469998,11.3307607062806
"C9orf89",7.45586048096702,7.01708219172018,7.80802279742507,7.09684393445061,7.43172155984136,6.99805770896564
"WNK2",9.70708039894514,9.554276906165,9.93690922631144,9.46140673660271,9.31624168473594,9.46727800519495
"ATP7A",9.2773632647865,9.27437081116807,9.31573450692466,9.26175051487158,9.20084296176511,9.43078923166896
"ZNF367",6.57584372992704,6.45915625855364,7.30158068721242,7.3323623405347,6.2287072513673,7.61870787941855
"NLGN4Y",10.520762502497,10.6577439205318,10.3266419923076,10.3694593774443,10.6070523389194,10.3219614370928
"HDX",9.50459195914849,9.67331287021374,9.63039346040393,9.2391487450897,9.34583961646774,8.8858675645699
"NDUFB6",8.89976961734573,8.74907569367151,8.79115153842337,8.9457908969375,8.96361959405544,8.88214088658023
"AQP7",5.3344412562722,5.51016048524524,5.19204933581343,4.82464481268825,4.56883750728876,4.68467332000649
"NOL6",9.27060389541086,9.00318459435402,9.08952334658304,9.24369757728612,9.31748715572539,9.30155205388068
"AQP3",4.87482195210638,4.69525161239808,5.3782345210694,4.64396487703681,4.80549449477315,4.68467332000649
"TRMT10B",7.0692241342811,7.4122663862888,7.22207310011052,7.23360799486408,7.10222383794015,7.33981132903799
"VCP",12.489804230031,12.4665113039657,12.3330077316419,12.7520812056901,12.5938000553428,13.0674151885149
"PIGO",8.3672450358431,8.26258314695662,8.51623232253245,8.71116639951409,8.51510318243122,9.25480036981179
"STOML2",9.88569500320504,9.63510782238954,9.58943614005612,10.2406681726529,9.94927778793794,10.5664398283262
"BRWD3",10.6003438780553,10.6675230010612,10.7798403670228,10.5273652640747,10.5870694607354,10.433574157166
"SLITRK5",9.79680386278009,9.91855818111546,9.52934469316027,9.72065836938839,10.0059632001101,9.79876890889876
"MELK",7.00402004987821,6.97969885755654,7.65630972635039,8.76125645952851,7.34027647530114,9.20498935292968
"ARMC3",6.9872241670526,7.27228180361364,7.95050833517773,10.1023664460633,7.45023632431756,11.2583491021683
"OTUD1",7.79707923979468,7.72904846965339,7.47120541838317,7.80619067008445,7.90272405102928,7.71898670555813
"ARHGAP12",11.2914918989839,11.4014692440653,11.2977890943099,11.520693962527,11.3786236263371,11.5596409325675
"FAT3",14.6202511922379,14.7320857606334,14.7343390438919,14.6240271039843,15.0236971358631,14.4956262016964
"CCDC67",4.33057497578978,4.90491546544878,4.63910910251109,4.82464481268825,4.66714835127326,5.28523604052962
"HECTD2",11.1882313035848,11.3545288227576,11.5309376350675,11.0162555417571,10.945643072804,10.6568583286722
"SLC7A3",6.37820212442732,6.2134331229608,6.23887088147353,6.75458712720843,6.7624132232569,5.50195500208462
"FBXO33",8.89537924280543,8.93994519669123,8.61497734050846,8.85201796200346,8.71955096668675,8.87465841980021
"DDX26B",9.94523420536341,9.98540929361146,9.88568321377485,10.1271779642391,10.2346462260029,9.93522744989173
"LRFN5",10.4737598160557,10.50120910068,9.43036774814187,9.86559019425755,10.4342721917486,7.71898670555813
"ZNF488",6.2372372059446,6.00716920758814,5.86366298223323,6.28425515241289,6.47648978420022,5.65810362455486
"SPTSSA",8.08745859130208,8.14838194649489,7.82589467947357,8.36720331224614,8.1163042636743,8.95312379390624
"WRN",8.89537924280543,9.01225433978407,9.13532862400988,9.17032802321791,9.03201534082737,9.72068592897462
"MARCH8",9.958954922208,10.1070950946515,9.99554791232201,9.950071713618,10.1209186667759,9.94239296562815
"CFL2",9.53169156813958,9.48565879368882,9.51118293965454,9.64705986628676,9.57031200752777,10.0565798226557
"SUGT1",11.6512652118649,11.8326267520209,11.9246160363809,11.6127077958562,11.6266459444167,11.667041769373
"GTF2A1",10.9272580794089,10.9820280935266,10.9095292739814,10.7121054282183,10.8772521268136,10.7228273889821
"ZCCHC24",8.1845265564615,8.12171482632251,8.26986526502253,8.36929176702747,7.83431448138079,8.81139499085974
"PGM2L1",13.9956711916286,14.0200981874411,13.3617219892858,12.9562884139694,13.5447101685415,11.5077730822861
"PHYHIPL",9.80617737252654,10.0271229468341,10.3245644978011,9.47016491220031,10.07750036543,7.93343430385265
"SLC16A9",8.24114001093791,8.43202834479863,8.51987851266151,8.81578691619792,8.09895091182468,9.80664401815498
"INPPL1",8.76425898750754,8.59325247693861,9.48163927329192,9.98238906283406,9.30874614909493,10.5542169112714
"CRYL1",6.78739762772996,6.73092761276427,6.97381680886921,7.67316801531201,7.04805835811577,7.76454637346845
"REEP3",8.60388803879639,8.63146744613922,8.74209121903283,9.48656422788139,8.63404011122319,10.1036768123528
"HEPACAM",5.6018543074561,5.75702651981449,7.10845497857026,4.91404266993799,5.69081184736494,4.88837907797739
"SKA3",6.28119912210877,6.51389521262857,6.97381680886921,7.96982642064981,6.95275775737551,8.22384451131824
"MICU2",10.2822389919851,10.3429269419413,10.2618917739999,10.119779239554,10.0113572301532,10.3685793425347
"C11orf82",6.22223378738274,6.17206882112393,6.9628925018021,7.04984994513719,6.26245350803355,7.17633604835938
"PCF11",11.3886317122103,11.4542589417712,11.299376383581,11.1602136296727,11.2863204972416,10.9654073968902
"PKNOX2",8.7738611411883,8.78128528618915,8.54871904204772,8.32908066600577,8.54949640346858,8.14805536708478
"LRR1",6.60979856227587,6.77569217432756,7.21295211595265,7.41237359937797,7.02951969692029,7.56342037115229
"RPL36AL",9.24151715319762,9.27437081116807,9.32616328270422,9.60968203433804,9.32864817832914,9.93073084687213
"DNAAF2",8.45054284500622,8.38802243974816,8.55228367163176,8.82644899120242,8.43686196165172,8.61198118289239
"C10orf10",6.44325127059483,6.43659925234347,6.6427968877454,5.96211569431352,6.09646749403237,5.45239055899795
"MAGEC3",5.29925920898593,5.28072429172865,5.2426758087291,4.95373220111794,4.99924798284876,4.33057497578978
"C10orf25",7.19833542104688,7.39551484013009,7.1377443071229,7.56724655127282,7.74389108278467,7.6805890691043
"ZNF22",9.91955534263886,10.0492971475014,9.79704012657024,10.3342011033817,10.2346462260029,10.2239450449381
"KLHDC2",10.1850173493975,10.2106740514734,10.2333843313711,10.3007877419361,10.3339192430399,10.1274466962641
"EML5",10.7364472809938,10.8614181141582,10.2233835738704,9.93609681517992,10.3015817291202,8.89883537704503
"NEMF",10.8759027982804,10.9327948225993,10.8068766360022,10.7449328040255,10.8747183987758,10.93295988964
"RPUSD4",8.91936205063466,8.69373400747699,8.89296569000798,8.88152806691774,8.92816188818415,8.82504918771244
"ARF6",8.57944213207293,8.37680644141839,8.0347402825363,8.25643732290653,8.69481210717466,8.42973813968836
"TTC8",8.98693838408299,8.95130909473487,8.8646044017896,9.59552268258249,8.85450999374424,10.4500037034943
"TMEM63C",9.02560910591929,8.88173805488778,8.83274669203781,7.95037209575121,8.70818596523303,6.59953871009217
"NGB",7.01234157832621,6.71259577484945,6.72369361431858,6.05671361986226,7.37466490983108,5.25394328805817
"NOXRED1",5.83411797820783,5.87100821421757,5.78285907365734,5.63615875497389,5.29596108369109,5.77550668699715
"AMER2",11.7855093970909,11.7424440469116,11.3057081321337,11.3263367406027,11.5617132779965,9.92622017298321
"AKR1E2",6.51723368027146,6.51389521262857,6.43225541936395,6.48500758652161,7.17129355743574,6.43857020096946
"KBTBD6",11.4308845925986,11.3955980324442,11.1472672844346,10.9538384390055,11.4206258819728,10.2695196763241
"OTX2",5.14109345202186,5.75702651981449,4.33057497578978,6.8252651653982,4.95674843757777,7.03285808344634
"FAAH2",6.55271216369173,6.71259577484945,6.78756865288512,6.20627032032873,6.68450597902808,6.03906618111504
"DRGX",4.93817568778476,4.95891832408665,5.60065691610817,8.18466272346384,8.25586960979723,5.91480976668293
"NUDT5",9.1357497162713,9.24698362579486,9.55439251177159,9.70343353442857,9.29363698654525,9.99157837098357
"DACT1",9.80617737252654,9.78220222744885,9.18889446867189,9.80613039516859,10.1925338546937,8.38031209582063
"BEND7",7.99571614512264,8.15497164171249,8.69774428738722,8.89605899516779,8.85107081666072,8.50931204445061
"ATP5C1",11.2868981305403,11.2863592795119,11.0939980760391,11.2060482460078,11.2945580217149,10.9846179647311
"PRPF18",8.23069435517052,8.04570240743399,8.1239092480457,7.9917393367228,7.93573309563782,7.87808435944297
"TAF3",7.56044579433542,7.65626437748541,7.53079143157882,7.56724655127282,7.73264244605026,7.46112122694523
"VSTM4",7.10070481615422,7.19015494350677,6.6427968877454,7.53760511214378,7.58183592387922,8.16661474546285
"VDAC2",11.2371098297897,11.2234121014186,11.0163393711303,11.1273938970243,11.1427845768375,10.942815659934
"COMTD1",6.44325127059483,5.99099191043792,6.14008014374634,5.88579523582229,6.59320902990356,4.88837907797739
"SLC18A2",5.18373077138573,4.90491546544878,4.86296472820736,5.3049269085433,5.17836802896297,5.25394328805817
"PDZD8",10.9267212583052,10.8330753810271,10.5060023096135,10.7308397130377,10.7438497856245,10.8096078309432
"ZNF503",6.16034128042322,6.05442078166421,6.6427968877454,6.67999007974596,6.97235471318137,6.47030047129559
"DACH1",10.6003438780553,10.6992753741147,11.2110607293801,11.1505668715385,10.7466239300776,10.9719852385283
"FAM175B",9.3892286776665,9.49344644719075,9.07722297487228,9.45651797324071,9.3531450048145,9.38416763273161
"QSOX2",8.73260115285752,8.50335485026256,8.8646044017896,9.27736323421437,9.13029141831288,9.56571578856142
"FAM204A",10.7534998847982,10.7618313524678,10.4986507882368,10.5481817730693,10.5715073703342,10.3968868345722
"NSD1",11.8534543894698,11.8539405211311,11.6874248525506,11.5353623400541,11.6468318470062,12.1307871640313
"PRDX3",10.5370339708019,10.5286119738083,10.3786313912769,10.7836762375533,10.5307786573196,11.0867410342442
"ENOX2",8.37989528015012,8.50335485026256,8.26552265982298,8.28991487692586,8.35896101017749,8.38295642421106
"GHITM",11.6067208048935,11.5642600650551,11.2328212812455,11.3654323784305,11.4464472382459,11.0684425466762
"SNAPC4",7.68882550855379,7.30262350826576,7.55966503163793,7.91064721465233,7.84826235284752,7.76454637346845
"PMPCA",9.17066619018199,8.83136423138502,8.98541216167722,9.32428453507539,9.30246992263291,9.41670319150704
"SDCCAG3",8.42940778608008,8.18103058476055,8.52351545556864,8.75966762211942,8.63604119052241,8.71828678420789
"FRMD7",6.62092605244302,6.81901835644222,5.96317797384801,6.1757212913575,6.48584680311777,4.76371589021208
"AK8",6.29551855050175,6.39026961629101,6.3126379774091,7.2793645171567,6.74718918806888,8.10378848219492
"C9orf9",7.75866388103475,7.42882027812935,7.47879312224272,8.32908066600577,7.87915334433172,9.04262565015169
"TSC1",11.2418646556952,11.2234121014186,11.3497795899906,10.9381533146637,11.2322583497936,10.7963260724349
"HPRT1",7.74889523544411,7.59423896180188,7.39298538920024,7.02303275895578,7.3501882512894,6.7682951030033
"LOH12CR1",7.7827951013011,7.76408449124898,7.87248208979373,7.41646081015636,7.55648106711701,7.12586780654062
"FAM69B",8.91503119280458,8.59082991094729,8.99590758900064,8.9992527888271,9.18181771500638,8.63654026824561
"ZMYND19",8.68758229762323,8.37680644141839,8.53076178760897,8.76125645952851,8.90181391526014,8.2030255287367
"STOX1",8.20957127094734,8.41568412165511,7.66296644002311,8.36720331224614,8.40667742405892,8.67799524464094
"RET",5.91485715615986,5.97458977678836,5.75456202992873,5.66870520190303,5.87375914045291,5.18746296578136
"DDX21",10.814549278154,10.7746622737725,10.676131611806,10.7999671867116,10.6741610105509,11.2220211386713
"BMS1",10.2387795235696,10.2169561554946,9.99554791232201,10.1308631370199,10.0986491903052,10.3491695851574
"STK32C",8.22719544304341,7.90403269295821,8.02961915669745,8.00257068731471,8.35410074742384,7.68921232485547
"KIAA1462",7.24117963765951,7.32643096545362,7.88956606158594,7.26124177581943,6.91945913830706,7.01904347123356
"FUNDC2",10.0296715310326,9.94907258008944,9.90805875410121,10.1761502269016,9.98182971935988,10.1964917913228
"TMEM55B",9.1779103074616,9.03734952939111,8.73896859456404,8.85052643171638,9.20757720371801,8.5117289367599
"METTL17",8.9556569712532,8.8375031438208,8.86746584518105,9.32321053039205,9.34827886632959,8.8951422091692
"NDRG2",9.43225564995682,9.25311485236932,8.26552265982298,8.69129779065372,9.56403131247585,7.66318329412718
"ARHGEF40",9.61939651093801,9.45274925692986,9.77894156671365,10.4230370816554,10.1932120029792,10.648669677499
"NSMF",10.1633030250918,9.72162210906736,9.89551527948061,10.1557961608379,10.1180644409346,10.8295454129558
"ZNF219",7.64731463068176,7.16387706458242,8.01932138505468,8.25191386050157,8.03345294249347,7.92253524850315
"C12orf50",5.0958257135656,5.40267998277688,4.7660846074949,4.87127988604197,4.86095996838829,4.76371589021208
"CASP7",6.4305009759227,6.02312871455732,6.76238112537073,8.14127076135559,6.69250366550329,9.12688344576608
"PPP1R36",5.04742567774093,5.05426032044833,5.19204933581343,5.45558649408591,5.14598214718274,5.97857887220761
"BTNL9",5.43226952355336,5.51016048524524,5.0153475618871,5.68460767469218,6.14621490998224,5.03357482878391
"C10orf118",10.6545211932632,10.7429125755793,10.2770116390974,10.1985639502811,10.4434209340881,10.6442833117944
"METTL3",10.0778641690607,9.96409091853173,10.054403907013,10.2536831573671,10.3673511579109,10.4156689272411
"SALL2",10.9267212583052,10.8738935048428,11.2200278822078,11.2591939754304,11.3460707476138,11.3153253380638
"TRUB1",10.4552659507996,10.3102491559921,10.0841833047062,10.0318473711378,10.207379931277,9.65785551118399
"ZFYVE1",9.19942642477404,9.24236800755149,9.30944079031773,9.25049398714558,9.51277494470214,9.34006332964509
"HSPA12A",11.0020368834121,10.919858459576,10.9191974183358,10.5705120604572,10.9861126377476,9.8212948614334
"FRAT1",6.69631622744201,6.59698438339265,6.61470214021762,6.79998987983057,6.81438320244227,5.65810362455486
"UBTD1",5.97189916146181,5.75702651981449,6.52664985962964,7.02303275895578,6.44800815064414,7.35078694996982
"E2F7",6.52916670743809,6.57669813123392,7.89521540952253,8.34614950452169,6.82164699980973,8.60972755787944
"ARHGAP42",7.98745233420534,7.98034834265512,8.63863716092216,8.55864369724703,7.88254460270348,9.75873465671128
"ISCA2",8.41104054542838,8.4852008471135,8.32515149771504,8.3609196104459,8.5851575916591,8.45256839691374
"OTOGL",6.30967770216152,6.31748106638303,5.75456202992873,5.96211569431352,5.23931319139556,6.41697671329194
"PACSIN3",5.62750733317344,5.28072429172865,6.27629400697231,5.61949520913034,5.59610890044655,5.75680447202851
"TTC7B",9.48283148272384,9.46203997398007,9.30944079031773,9.0892289894907,9.4551084787387,8.53567643325285
"SLC39A13",7.86642075436646,7.47203311609823,7.58795930644445,8.25417738004072,8.07547992783212,7.92253524850315
"PSMC3",10.4545212402163,10.2738037122439,10.3057311161694,10.9402545457154,10.7336320260959,10.8382121874513
"TC2N",6.32368052195683,6.25346714605822,4.86296472820736,6.63747569525174,7.1139774433399,7.22503328181531
"CPSF2",10.3382195624777,10.4673597378925,10.4986507882368,10.7964917259333,10.3858585702454,11.2457381192721
"SMCO2",5.26254826080776,5.2124335202594,5.2426758087291,5.25661469107151,5.23931319139556,4.98896808752624
"MOAP1",11.2086886136738,11.0774499941528,10.4903352828229,10.4991341098868,10.8534290969671,9.7888641213946
"IFI27L1",8.80930824446235,8.4535346358434,8.44129076856599,8.75648466552255,8.45512589955359,8.92261244559331
"IFI27",6.40461685682177,6.41364234346673,6.00991838444328,7.01760602430721,7.05418286515398,7.09992669845435
"CLMN",6.82598312485697,6.70333499340347,7.24013763794434,6.79998987983057,6.60177306867266,6.34993536391042
"PDZRN4",8.54898683365936,8.46945518303297,7.85519030962788,7.76853221849115,8.13060597433785,8.10057341242466
"SLC6A5",5.29925920898593,5.28072429172865,5.0153475618871,4.87127988604197,5.4465120496375,4.33057497578978
"NELL1",8.56844213982876,8.62200867997997,6.97381680886921,9.47210396250534,10.3619332449558,7.48616102253718
"PTER",4.99520527768772,5.09718127405855,4.63910910251109,4.77291247508709,4.56883750728876,5.07532107295397
"CACNB2",9.43074090385078,9.43668154328554,8.85021110553315,7.91064721465233,8.77869068524332,6.9032122694239
"PTPLA",7.76836569039717,8.01339992660753,7.56679197810507,6.81899045926147,7.45023632431756,6.16496703674859
"ARL5B",11.5430045063895,11.6115075454415,11.5390218240334,11.5420646437556,11.4538214949554,11.1143554773784
"SMCO4",5.29925920898593,5.09718127405855,5.3782345210694,5.83193623690723,5.23931319139556,6.71726694632154
"KIAA1731",10.6316452077724,10.7281466238498,10.6111499357256,10.4473747053854,10.6422389624372,10.3274442917468
"KCNC2",8.44453599608621,8.61487346962936,7.36043382064508,6.46873913714878,7.90938740898269,5.40006335275449
"TAF1D",10.1375492732545,10.1264137196116,10.3705991221451,9.84554319100305,10.03424859457,10.5565530866682
"ABTB2",7.16902082071916,6.77569217432756,8.10942933195419,6.83772806653164,7.00440633308007,6.50127544507696
"R3HCC1L",8.72519533274996,8.8557640951874,8.87885499257802,8.79887073063167,8.65392646467941,8.90985829334596
"AMOTL1",11.1482682509697,11.1395209020465,11.5159979210916,11.5169447881738,11.5166517771924,11.5741241164579
"HTRA1",7.39420983209523,7.47203311609823,8.25241517405332,8.47970653669681,7.92591053402303,9.38021350496554
"CEP57",11.0726441009303,11.1060724751056,10.8231527296166,10.8095775339975,10.9253824997629,10.5424789294444
"TCP11L2",7.87092537703759,8.03501602693746,7.97203780474367,8.74207342933317,8.02121416697394,9.66220286852171
"PASD1",6.2520628250378,6.06976574579927,5.07933519419276,4.55239249687834,4.56883750728876,4.33057497578978
"SPRED1",11.0172445771122,11.0739941147218,10.9765452736251,10.7584926243279,10.5824184401644,10.9325102959842
"GPR176",9.58168080751203,9.49344644719075,9.09441420071506,9.04037448580105,9.49417526294008,8.69084144663026
"JAM3",10.4604681845681,10.417095168493,10.8566023812854,11.5638048957087,10.775434769686,11.7964481148923
"GLB1L3",5.74711795931809,5.62971160557788,6.18054720532947,5.60255728389094,5.07654591073903,6.05371984338478
"ADAMTS15",8.56844213982876,8.23487670991194,8.12870343458196,8.34190133605847,8.05462122815303,9.04928513728784
"SVOP",10.8341472171153,10.7488852605935,10.3594811863339,10.0305327306904,10.7424607098874,7.98322153745751
"GPT2",9.71082857973831,9.4204325526146,9.69777664677244,10.1042421936383,10.0036452801548,9.71022767200127
"AMN",4.99520527768772,4.84495094307666,4.86296472820736,5.23135019106063,4.99924798284876,5.07532107295397
"RAB8B",11.4496888026839,11.4756969591976,11.4398462544489,11.1429851946238,11.1476899064885,10.8396516003167
"IKBIP",7.44374501965757,7.63272951889504,8.23918644785755,8.09904230004491,7.41295937702227,8.84433284264935
"RPUSD2",7.99159023100463,7.86024605995143,8.00894867808749,8.09399110690924,8.09895091182468,8.1324028396901
"HIF1AN",10.2628016180267,10.4123131706378,10.2662279377147,10.2154377722032,10.1830061351239,10.3178355714521
"NDUFB8",8.70525771624932,8.78764144327413,8.55583946488962,8.44053304872016,8.51292597134827,8.40133127865555
"ZFYVE19",8.67482244167284,8.46151701385177,8.44129076856599,8.40229939373641,8.74572469772659,8.12925164032365
"SPINT1",6.16034128042322,5.94108086001497,5.91449335713677,5.28112095084593,5.79433681434327,4.33057497578978
"FBN1",10.1254339837175,10.2356398954046,10.0278325807221,10.3823976982159,10.2240669811155,11.2601417046863
"AVPR1A",5.3344412562722,5.31286008562374,5.7255112363932,6.90430184754237,7.02951969692029,7.13865823321848
"DEPDC4",5.87520277529963,6.08491777140764,6.03261425473495,6.11225279239186,5.70876948923922,6.02423069666386
"LRTM2",5.36825224778896,5.31286008562374,5.19204933581343,4.82464481268825,4.91093888395682,4.33057497578978
"BRD7",10.52005086574,10.6321210913096,10.483834354425,10.9527980538975,10.7871592054131,10.9654073968902
"CKB",10.6878521202334,10.0244389764219,11.0021136480683,10.8007383753637,11.26358310723,9.92802613668296
"TRMT61A",6.99564779673892,6.70333499340347,6.97381680886921,7.12730784464336,7.36003032060166,6.74302312567997
"BTRC",10.988725927943,11.0941798459279,10.8772983667657,10.7596829810632,11.0326931429735,10.4525147946077
"POLL",8.79287503142726,8.76634396910689,8.90136609846895,8.90757890178793,9.04109503417977,9.20051037087257
"BAG5",10.428969503551,10.4421113384358,10.2355973334689,10.3947102175787,10.466603047422,10.3883872068719
"DPCD",8.56844213982876,8.46681400830921,8.45278483601261,9.10556864769091,8.7138797085846,9.81642777612411
"LARP6",8.68249195481236,8.65716216897925,8.65530139640871,8.51407014182555,8.96838769500705,8.22384451131824
"API5",10.9050829195073,10.9092312555394,10.8551640658593,10.9707260222162,10.7938802012804,11.0708957986222
"ZNF319",7.87541577034497,7.78555040601595,8.12870343458196,8.00526570963986,8.22955679407299,7.83607962613993
"HPS6",8.144261606223,7.88826584910203,8.12870343458196,8.32262701286369,8.51944771280452,8.0313273339539
"SENP8",7.14662114384871,7.06064047442664,7.31014150476043,7.40827444694496,7.38433704713278,7.48616102253718
"NOLC1",11.0020368834121,10.9193770997012,10.4669818604935,10.8787711272388,11.0697164331467,10.9107633171266
"ALKBH3",8.79758944493229,8.74472599239879,8.36627211087885,8.43057005667427,8.62197469065874,8.43229287086765
"COPS2",10.8432784381723,10.9620686507239,10.8319537890308,10.6989278561672,10.6934598478027,10.7170957400945
"GABRB3",12.0267561271651,12.0993222400494,11.6902506613524,11.2187983070234,11.7295453775354,9.8212948614334
"SGPL1",10.3236113844468,10.2783162273879,10.0767959241356,11.0389827610996,10.3091088577506,11.5657415900523
"FRS2",10.2169877168934,10.2239909597641,10.340073237276,10.4488515043978,10.0485606821669,10.7434798181966
"CCT2",12.2538528523392,12.2706158444113,12.2511742867627,12.8029987062362,12.3505239547908,13.2584224202036
"PCBD1",6.52916670743809,6.37842206372085,6.84855731667408,6.78717281962596,6.45757155210179,7.77672179555769
"ARIH1",11.3224290925775,11.3445244342253,11.4166329893741,11.1066516938495,11.2394972572074,10.9486080263264
"C16orf71",6.33753079965724,5.99099191043792,6.33042650449943,7.02843816393424,6.20569266903883,7.81656814366023
"CLMP",6.70674692185684,6.50312951392523,7.39298538920024,6.31229699252743,6.31676160488645,6.09663944422455
"SCN3B",11.8312553504887,12.0175845174493,11.4861108318225,10.1950480233847,11.2193357771425,8.29300692357761
"COX11",9.56520971017267,9.74789744723876,9.68325278521114,9.52909393466528,9.5300638306988,9.59784503910095
"ZNF202",9.34648421267232,9.29383136715744,9.20480914560626,9.12789076659748,9.47756192885912,8.98647568177446
"FAM227B",6.12819034179057,6.26653250017841,6.72369361431858,7.03918568086747,6.54953549938818,7.84765914901282
"STXBP4",8.30226088705486,8.41842113902547,9.09928848577034,8.94299494376949,8.49538823886037,9.61588795758608
"CYYR1",4.7165496130104,5.2124335202594,6.27629400697231,7.39590461736391,5.88899535302041,8.70357373679164
"CUL5",11.1329919776084,11.1452954579234,11.1205793042188,11.0552308381703,11.1007630963528,11.1111807636518
"MYRFL",5.04742567774093,5.00838899562681,4.7660846074949,5.23135019106063,4.99924798284876,6.42781852490384
"WBP1L",9.97981195790052,9.93103266332975,9.97846972414403,10.204404843007,10.3009526911969,10.2076845640965
"C10orf32",8.99926288615758,9.01586628446346,8.80614555166744,9.10681789211349,8.86136375746045,9.49435534353858
"C2",5.14109345202186,5.31286008562374,4.94418431550225,4.91404266993799,5.11210946503177,5.18746296578136
"TMEM100",5.49214979402744,5.40267998277688,5.19204933581343,5.35063533644267,5.63503194179442,5.50195500208462
"ANAPC16",9.4200928379801,9.30567764957881,9.53114833806895,9.7914564070017,9.44488909097348,10.2623810952519
"SMPD1",8.80930824446235,8.57620798498917,8.78813386699181,8.8594524835002,8.69096801440732,9.28331553722213
"APBB1",12.0491228359949,11.7557161387413,11.7154368988363,11.7467957852491,12.1107268683399,11.0972086438178
"NUDT13",6.09517066737624,6.05442078166421,6.20029399103025,6.5326312524326,5.99036612397887,6.52152479638696
"C11orf65",5.46268370782665,5.45795213323723,5.41912560421338,5.37262261357025,5.14598214718274,5.73777627602365
"TRIM44",10.2239969930227,10.3175751514043,9.91911760530514,10.1271779642391,10.2678587045466,10.0324415076188
"ILK",10.2108265240038,10.0466541816568,10.2962213722168,10.6242170271675,10.3147285305777,10.9171401264381
"TAF10",9.05345246358386,9.04620704156347,8.93721112787581,9.16554090968686,9.13736318391428,9.28613623446367
"TPP1",7.30978258738388,7.72904846965339,8.84441318329675,7.96152137609717,7.63121893218586,8.46509646646879
"DCHS1",11.8084180126744,11.5362810205019,11.93316113561,11.9248126193585,12.0950321601173,11.6643368797696
"NETO1",8.75216532715029,8.89160438305601,8.54156309644457,8.61248092965797,8.83026111206753,6.96956810339794
"MSS51",7.40049822086436,7.47734248484103,7.23113467566778,6.85621029266722,6.69250366550329,7.27208363450596
"CYB5A",8.45652462266435,8.4852008471135,8.59438233136493,8.57138761546195,8.33449300910272,8.35897983426372
"USP54",10.2248707615813,10.33356251374,10.2166776573238,10.4215335948893,10.2339872923854,10.7424541901281
"RAG1",5.3344412562722,5.62971160557788,5.45827589049947,6.10134683232378,5.87375914045291,5.93108273336772
"C11orf74",8.78814509776648,8.89553203123552,8.91802107595742,8.93175644394935,8.89681945678756,8.96901851449384
"WDR88",4.80259831140558,5.00838899562681,4.7660846074949,4.71402308857299,4.80549449477315,4.83010453277739
"OR2D2",5.14109345202186,5.55970553524277,5.07933519419276,4.64396487703681,4.74232802187034,4.68467332000649
"ATP9B",10.2064094972629,10.2722963968725,10.6712356563878,9.79688001094344,9.84178273491953,10.0044729660202
"PPFIBP2",6.84487119178406,6.81046349923715,6.0767532850492,8.14859490983899,6.92618409152662,8.82892667498782
"CYB5R2",4.60390596466056,4.58878259651035,4.63910910251109,4.91404266993799,4.33057497578978,5.07532107295397
"KIAA0355",9.76110001574184,9.70271622243005,9.80749360409514,9.78523290682312,10.0105878890191,9.60689474223469
"SERPINB8",6.33753079965724,6.44792678694728,6.52664985962964,6.33973246271108,6.0837061780769,6.81746123354231
"TUB",12.2246729740011,12.1166407359851,11.8391729266071,11.4604818121502,12.1493198411911,10.7029298150368
"RIC3",10.833001739108,10.864422063449,10.2564531675874,10.0494786708118,10.669782952292,9.28472657664277
"LMO1",7.96236931453113,7.83988823707131,8.23474953725857,7.55620390682624,8.65787088801784,5.63720988468804
"IDH3A",9.97670257566038,9.91855818111546,9.33031373473615,9.21271027326648,9.3652388900919,8.95312379390624
"WDR72",5.3344412562722,5.62971160557788,5.66493901424027,6.93928874200785,6.0837061780769,6.68213699712675
"CRABP1",9.29578954005081,8.85777884144894,10.9067550021856,8.66945861021299,9.48644621251567,6.82548453408029
"ZMAT1",8.72766818498407,8.80236402807747,8.76989350743494,8.68628738323734,8.47091812757228,8.81921326867187
"XRRA1",7.86190181053377,8.10138244940046,8.15713539366096,8.66776483259553,8.45739261302119,8.8269892391492
"TRIM66",8.45950617542595,8.47472297771754,8.58048625117165,7.55250372585819,7.59434452332097,7.71898670555813
"RNF169",10.3866525952149,10.4150476822599,10.4508827259374,10.6088870246102,10.3917783881153,10.6677047063124
"RPL27A",11.969794652794,11.8107338503357,12.1421836565481,12.7734501774326,12.567242075944,12.9418182735415
"ST5",8.96615989634526,9.00318459435402,9.23168862503101,9.8788016178089,9.09875601352361,10.6437340768873
"CDYL2",7.90206434329552,7.82338929223941,6.73671357377245,8.06071517241143,9.14580368294887,8.41947342036659
"TMEM130",9.88015838639378,9.7424627855672,9.07969147656313,8.75169696722551,9.78081555482301,7.74401878388883
"PRTG",7.99159023100463,8.25340717882698,9.34884412758076,10.5509347431221,8.9460000339147,11.1638400478613
"CENPN",6.79714772954774,6.85270764240235,7.15693190923556,7.94195246237163,6.87839785072055,8.53091881779662
"AKIP1",8.29559720822196,8.38242541971237,8.28710505000652,8.34190133605847,8.72143642010569,8.19400943751383
"ATMIN",11.5949441659016,11.6082262303932,11.3730801721768,11.3526055226521,11.3155711974261,11.3153253380638
"C16orf46",6.39147731265288,6.59698438339265,6.33042650449943,6.81268653696954,6.61873678184173,6.88801804929274
"TMEM41B",10.1614786495613,10.078916949105,9.85145482615518,9.91701318587131,10.0877488827607,9.92712343766243
"PKD1L2",6.22223378738274,5.99099191043792,6.14008014374634,6.43557845627955,6.33784955861795,6.61834268185337
"LEO1",9.80617737252654,9.86854991538511,9.59978514004362,9.61056239049194,9.77539013096835,9.42696122700476
"ZNF143",9.04555205928148,9.09653218965331,9.1843149081312,9.25950623978589,8.93304882582425,9.39987645987423
"TMX3",10.3928854937478,10.4640627272677,10.5608583780091,10.4843285695593,10.2260565111081,11.0349086702115
"MFAP4",4.80259831140558,4.84495094307666,4.63910910251109,5.97436269294477,5.20943279770974,8.03470212691223
"WEE1",7.9238963428382,7.87232222785439,8.50891201053144,9.28400291364591,7.9291922595515,9.78288840909747
"MAPK7",8.00393230488051,7.74228866356456,8.18960621252554,7.94757108047335,8.28936818020746,7.93343430385265
"PRKCB",9.53310383875087,9.6090631337287,9.15652724409517,7.45271987624042,8.36380483164449,5.97857887220761
"NDST2",5.36825224778896,5.58358169504195,5.49586482724437,5.45558649408591,5.51344929562775,5.3153992589889
"MCM7",9.64704919809523,9.50376492104457,10.4394094420656,11.1999230302378,10.3022104927532,10.9499414293816
"ZNF3",10.4183151747064,10.4620808966915,10.4239683408578,10.7533230291211,10.6486801462709,10.7108169444145
"ZSCAN21",8.8301642122989,8.81278855898003,8.72008892138754,8.94718683741315,8.79130923560853,8.69084144663026
"RIMKLB",11.9710967773741,11.9477905056381,11.5159979210916,11.6351468840401,11.809321072675,11.2733381770538
"A2ML1",5.0958257135656,5.2124335202594,5.41912560421338,4.99090412180236,5.32290848716218,5.73777627602365
"BEAN1",6.84487119178406,6.77569217432756,6.84855731667408,6.5090360851835,6.71621387992826,6.44923337026561
"TK2",8.98693838408299,8.85374652070242,8.66520786575491,8.94997465934791,8.93304882582425,9.60011279948833
"TMED3",9.32381060255353,9.19219126220688,9.28612555251092,9.34876809068336,9.21561692396593,9.67193672979951
"SEC11C",10.5278596227408,10.4607581616055,10.1963707222263,9.78132952747667,10.2353048586301,9.06580021591101
"CPLX4",5.93418371095413,5.92395793531019,4.33057497578978,4.82464481268825,4.91093888395682,4.33057497578978
"TMEM135",8.72519533274996,8.93231906027272,8.87317169905804,8.68125943046127,8.76046972350667,8.68657213707634
"IQCD",5.9531937412958,5.99099191043792,6.25772181162451,7.32366780413866,6.03126530424217,8.19099138957331
"NDEL1",9.56520971017267,9.37196479779148,9.26892867330728,9.04559589584557,9.50186306271151,8.85578004687186
"CENPV",9.96628926087552,9.971541817242,10.2564531675874,10.4225360935481,10.3103595679851,9.46727800519495
"RRAD",4.7165496130104,4.95891832408665,4.86296472820736,4.71402308857299,4.66714835127326,4.33057497578978
"FAM96B",8.96406543927637,8.75989266782807,8.90971770521768,9.09049249538816,9.13170855443281,9.0156750448693
"WDR16",6.48076738158518,6.35439345161833,6.62882379950556,9.13647892555779,6.87143231354906,9.99244160827961
"HSP90B1",12.1651633563696,12.3120908430884,12.1498288528214,12.8058821366697,12.3162360673446,13.8027032860118
"MC4R",7.54354537093579,7.57953014147469,6.18054720532947,6.86231554612004,6.87143231354906,5.9629602809734
"BLCAP",12.613193108721,12.5917118928139,11.8857001824567,11.7802174970358,12.4869926147009,10.4853804359381
"CHRFAM7A",5.36825224778896,5.45795213323723,5.63329680407505,5.70027502758029,5.37441071259404,5.11466593771837
"ATF7IP2",7.29632919015158,7.58445013314384,6.62882379950556,6.74797431349417,7.3151852881193,6.61834268185337
"MMP10",5.70087603390657,5.55970553524277,4.7660846074949,4.99090412180236,4.99924798284876,5.5258120673756
"TVP23A",7.55483479848096,7.33232000194245,6.09823090651264,5.66870520190303,6.70835702131992,5.54910236469605
"NGFRAP1",11.3991180497921,11.2986256798416,11.3041277986372,11.771786911384,11.5890172829136,11.8994103115074
"TMPRSS5",6.46838189693335,6.19979772223188,5.98677983682015,6.05671361986226,5.88899535302041,6.73449250527301
"COG1",9.33681063638317,9.29234370481802,9.04221169520246,9.13034976094343,9.37603721939128,9.13473106210508
"PLEKHA7",8.72023681804644,8.4535346358434,9.0548137635453,9.11429066716567,8.46642378882248,10.3437688704709
"ZNF606",9.95474705603664,10.038696087164,10.0124261434793,10.1467242619125,10.0701351336833,10.06727062528
"ZCCHC18",8.9951664423745,8.98671351322656,8.81506742590681,9.21271027326648,9.46637895600429,9.11105863815455
"B2M",7.58266920398658,7.81088806238494,8.9906694493425,8.98573293344925,8.77324862172371,9.26198228739529
"ZNF592",9.78381492714767,9.73262844625246,9.73110699713074,9.78445307626045,9.78081555482301,9.81545238363408
"CASC4",11.6881548726969,11.8099550565807,11.5054931328959,11.7381670098669,11.6441070701138,12.289109594903
"ACSM1",4.80259831140558,4.90491546544878,4.7660846074949,4.95373220111794,4.66714835127326,6.02423069666386
"AP1G1",11.7095321743401,11.7656576284004,11.7576159053875,11.7575593238879,11.7248641309185,11.7994096706336
"AGBL1",5.6525384434395,5.75702651981449,6.0767532850492,4.95373220111794,5.23931319139556,5.11466593771837
"SLFN5",6.71709701753066,6.96445555233574,5.66493901424027,5.98648331822425,6.5226185101805,6.22970329815221
"CATSPER2",7.70408345195101,7.79827577472242,7.59494511401459,6.92190735690644,6.8853279124242,6.77661481002274
"ZNF667-AS1",9.21006505668413,9.21592954677477,8.96418868834313,9.10806605285834,9.31249879455935,9.04762315352636
"C16orf45",11.1729220003519,11.1866836366462,11.1543014681304,11.0503756036436,11.153624038849,10.7306067464192
"KIAA0430",10.0485501710926,10.1569583739718,10.365556138743,10.2263869200247,10.2870439732506,10.4059845980945
"SAAL1",8.38617874576254,8.49560269277639,8.59783542490088,8.42254948488586,8.3925286683297,8.25595961697687
"YPEL4",7.15412798548242,6.86100086831046,6.72369361431858,6.81899045926147,7.08440384257953,6.3150496424646
"PPIB",11.1028960377638,11.0757230894079,11.0897237130437,11.5594829773261,11.2738753316363,12.2174800973613
"FAM96A",8.30889367961172,8.17779909173693,8.62516505955278,8.97345543269955,8.50199005162555,9.08050340540972
"FAM111A",6.63196100526831,6.87743702785821,6.79998829512151,7.81237106313595,6.61873678184173,8.54514457943036
"KIAA0101",6.39147731265288,6.55609522107361,7.12804990920464,8.04247056979435,6.81438320244227,8.53567643325285
"KIF7",7.24117963765951,6.84436345213363,7.22207310011052,7.64915361222885,7.43172155984136,7.84380978523961
"LDHD",5.9903111609895,5.69527237656877,5.81044805857035,5.25661469107151,5.70876948923922,5.47749470033185
"PEX11A",7.81590385069063,7.63272951889504,7.44819344488401,7.82770536343745,7.57764163262191,8.11975609815991
"TMEM170A",9.50746867642634,9.44071530760352,9.54906166329671,9.97078327041816,9.42075802904368,10.2537678840879
"MESP1",6.00844026539826,5.7368316223205,5.69565584988958,5.23135019106063,5.65395698090973,4.83010453277739
"RBPMS2",4.80259831140558,4.77662214806139,5.33538540566403,5.66870520190303,5.20943279770974,5.69868419475818
"NAV2",10.2019788976978,10.2601808115842,10.7289179445037,10.4819262792909,9.88019818576022,11.0399261135289
"ANKDD1A",7.19106458252092,7.15054908264214,7.09855240093192,6.57858717013109,6.83605876652294,6.37267378303614
"GLYATL1",5.67698376420325,5.67386991742712,4.63910910251109,4.99090412180236,5.39908280147121,4.83010453277739
"C18orf54",7.11618018037421,7.15054908264214,8.24801918127465,7.62119967607547,7.43172155984136,7.47619854413473
"DCTN5",11.2560358120361,11.3491779590365,11.2796766778682,11.2385685136568,11.3199236116298,11.0172088877252
"TERF2IP",12.0555202916146,12.0984720937283,11.7034982778312,11.9357355040866,12.3617242599449,11.0737526623898
"PLK1",6.91790282534075,7.08191392230372,7.55966503163793,8.06846340828415,7.39872123984883,8.26459454934892
"CLPX",10.0691323845815,10.0554452899473,9.93009225816982,10.1654103475523,10.0243735999832,10.461269339196
"ZBTB39",9.76471046833387,9.78431940367108,9.68000528356944,9.56223617219842,9.82174553612719,9.29596538093045
"CACNG2",6.48076738158518,6.72179300651678,5.45827589049947,5.94973919615279,6.38909414439227,4.94087121374919
"TAC3",5.14109345202186,5.28072429172865,5.81044805857035,4.99090412180236,4.33057497578978,4.58127373257168
"TMEM194A",8.05225889084432,8.16479953223991,8.62516505955278,9.04168161617988,8.16713366873259,9.75771941185143
"NAB2",8.83475805128403,8.46151701385177,8.34174173769797,9.19872106754863,9.00597386034892,9.17181514202344
"VPS39",10.6519250846081,10.6309455309244,10.5670219295401,10.7703522126124,10.7952206503587,10.8520667036293
"STAT6",6.54099217405613,6.34220771365591,6.99540769375669,7.58907586411754,6.57591271561808,8.90435739993932
"PATL1",8.30889367961172,8.45620037119831,8.48672413198347,8.10658572845733,8.27400471402492,8.34548396504814
"XRCC6BP1",6.8354600493058,6.93345017433381,7.11828713660677,6.74797431349417,6.8853279124242,6.5513242749642
"ELFN2",8.32206775092487,8.2317648173543,7.275578697877,7.13731522744772,8.33202305094227,5.54910236469605
"STX3",8.80930824446235,8.73598687261204,7.31865018274309,7.66292601026178,8.45058168949779,7.13865823321848
"MRPL16",8.10282843153464,7.99145094190824,8.10942933195419,8.24510172719448,8.26626066297188,8.42717884553343
"PIP4K2C",8.58763713156068,8.38802243974816,8.36627211087885,8.29431994192983,8.48431721191964,8.42973813968836
"MTMR10",7.54354537093579,7.82338929223941,8.44129076856599,8.41650445406491,7.70220203043486,9.2198194259136
"YWHAB",12.5821711881662,12.5336176070488,12.3689756073787,12.3808613322873,12.6300533654989,12.0841916743576
"SCG5",9.37512103041908,9.39847806166044,5.29031095099465,5.87256822454692,7.91601970225924,5.22140032273235
"GREM1",5.26254826080776,5.2124335202594,4.63910910251109,4.91404266993799,4.80549449477315,4.58127373257168
"NYAP1",8.87545491444252,8.52382468248111,8.54156309644457,8.48356564182963,9.31748715572539,7.36709066927881
"TSC22D4",6.94431161196086,6.71259577484945,6.9628925018021,7.1814751206461,7.32023968222131,6.65516992011782
"DIS3L",9.60872096300612,9.65838309398688,9.72324084022193,9.20456643540401,9.33234937628214,9.76481115212211
"CCNDBP1",8.98280663449547,8.98302751354357,8.80315924048954,8.71936453333919,8.78411221189615,8.80746984176902
"EPB42",5.3344412562722,5.45795213323723,5.7255112363932,5.15028716110163,5.61575483702208,5.07532107295397
"SMAD3",8.29225369556463,8.37680644141839,8.71055519067675,9.51787488938437,8.50856160689741,10.1290175076831
"MS4A8",4.80259831140558,4.77662214806139,4.33057497578978,5.53181738139766,4.80549449477315,5.42659714675519
"CCDC178",6.71709701753066,7.18363196230543,6.34796986470843,6.37541862210786,6.61873678184173,5.94713050764567
"MAP1A",12.4382002896813,12.5455186958102,12.2596240612481,11.9530072152392,12.2321425235318,12.0448024727049
"RCCD1",7.4067585371548,7.19015494350677,6.99540769375669,7.63174729750591,7.85863412995419,7.8705388949526
"AKTIP",9.78381492714767,9.83932041590958,9.82376882759716,9.57492168124479,9.64758456044972,9.77186816559728
"MAPRE2",11.8182910874487,11.8395120083121,11.3229784842274,11.2115677848633,11.7814139835518,10.179158988393
"EVA1C",5.97189916146181,6.08491777140764,5.3782345210694,5.47521948736164,5.59610890044655,5.97857887220761
"MARS",11.6147410055942,11.4055992883146,11.3579268978971,11.5660743993414,11.7002737114884,11.2601417046863
"MBD6",6.65375981739783,6.87743702785821,7.15693190923556,6.83151094080255,6.83605876652294,6.92569080701315
"CNPY4",8.50350090748699,8.46681400830921,8.55938646576936,9.20689795180563,8.88173111580712,9.94328615579528
"PDIA3",11.2024931315993,11.3019530377688,11.1390171463868,11.742588179903,11.2493103133342,12.5853577789005
"NUDT21",12.5159118239591,12.5814047913146,12.176560333017,12.1812582762662,12.366089961789,11.5334955086251
"NAT16",6.111792441977,6.11466471136286,5.98677983682015,5.74594758405598,6.36884173554423,4.88837907797739
"SGSM1",9.32054217147365,9.22843168569077,8.46418745624302,7.96152137609717,8.91175107734604,6.75149995617342
"DUSP18",8.74241654982002,8.79186331260931,8.18960621252554,9.24028730143564,8.92162002498518,9.71337312630108
"TEF",8.12933374133874,7.93888189586916,7.96668587520299,8.13636704446471,7.93573309563782,8.38031209582063
"PBX3",13.3797491224109,13.4616350451575,13.1187899099499,12.6968174021864,13.1288316920272,11.1309090481079
"PHB",9.9694211613608,9.82396586805517,10.081725048064,10.2508637891301,10.0833655787661,10.4462288492962
"SNRPD1",9.54575235510021,9.64679245490075,9.43229960109338,9.89116885609183,9.79964529468777,9.78687496907103
"SAMD14",9.54575235510021,9.26529951733079,9.3570039283551,9.27291970784534,9.98418295473031,7.85914506417443
"PIP5KL1",6.88187679516349,6.58688018095247,6.43225541936395,6.5404029187479,6.86443091536721,5.65810362455486
"FAM102A",7.77800158699728,8.00976515806518,8.29564766292227,8.07616978798603,8.03649629061221,8.0313273339539
"ACSF2",6.41762377436216,6.11466471136286,6.46448655819503,7.00119606273514,6.41888706613282,8.07458872633557
"GOLGA2",9.86229692761985,9.79380839522769,9.47415769676147,9.75688970990883,10.0059632001101,9.92622017298321
"TRUB2",9.19050043264043,9.21278697108768,9.04726577808308,9.34242110266244,9.34583961646774,9.24032814132615
"COQ4",9.20652757588376,9.10163916561853,9.05732098349954,9.47210396250534,9.2834753966689,9.67838963128664
"SLC27A4",9.72942462735665,9.2878714723138,9.29677021609139,9.28951268396801,9.62965416871494,8.66286127681148
"URM1",9.0554208037981,8.9208034727136,9.2205497782648,9.54115010485859,9.33972335243289,9.34141986251288
"CERCAM",8.95143422706149,8.57865534434949,8.72640976160702,8.85201796200346,8.84934813706314,8.5117289367599
"DOLPP1",8.932276895801,8.62674585515214,8.74831617567287,9.01264673655776,9.13453864668987,8.36701671733974
"ENDOG",7.46787238298213,7.24752405153874,7.275578697877,7.29280372056405,7.5734348367007,6.6089740508496
"C15orf39",5.81299943796065,5.45795213323723,6.33042650449943,6.19617072220197,5.93352705716022,6.13809210754304
"ISLR2",7.44981580957809,7.40670473789636,6.86043252493434,8.07103682959416,9.04861791045008,6.09663944422455
"SP2",6.20704769793219,6.66563710439642,6.74960856768488,6.61569797312695,6.5226185101805,6.53153329507253
"COQ7",10.1984245893783,10.2745567794676,9.72324084022193,9.7295993982081,9.91843689677457,9.54820433120427
"GPRC5B",9.78381492714767,9.80844597814167,9.90110363737725,10.5151995565433,10.3840778756386,9.96895081754475
"CRK",11.3610844947014,11.3257587450408,11.2678345159655,11.3930517781307,11.3230244583417,11.4026348085776
"FBXO22",9.90108533718409,9.8765099953066,10.1607129164121,9.75370577913161,9.72280359984373,9.88031966250334
"TBC1D2B",9.14502071247182,9.16154956259911,9.0548137635453,8.90614395165815,9.11890380414535,8.79760980043067
"KATNAL2",6.82598312485697,6.86100086831046,6.57141063641404,7.01760602430721,6.96585350046218,7.4201057192974
"HDHD2",9.82934785379102,9.9462391387305,9.65706550122315,9.99794375742819,9.8199899344078,10.4227296615819
"ZNF91",13.5862202037177,13.8693988313994,13.4425903159601,13.1756096280471,13.7125822357584,12.6331714434824
"IGF2",4.60390596466056,4.58878259651035,4.63910910251109,5.0909007841773,4.80549449477315,5.40006335275449
"RNF214",9.28241204623931,9.22843168569077,9.12341526183461,9.17866734681172,9.34461844025727,9.30850504803641
"CDK12",10.4319991951981,10.6536978880829,10.7003651495041,10.389592770951,10.4187008470416,10.6103912346809
"DUS2",8.26862773983864,8.38802243974816,8.21235607275838,8.26768378360386,8.33695871293833,8.42717884553343
"POP5",8.07971114500789,8.0633369964684,8.32097371919403,8.57500803822539,8.42300960856741,8.7077928690121
"ENGASE",7.54354537093579,7.44518124642502,7.8318023376384,7.89327677938522,8.03040308440144,7.66318329412718
"RBFOX3",7.32310766257761,7.34402419881522,6.21973164683618,6.71441314140921,7.49102369857769,5.86456156907527
"ATP5L",10.5772692411293,10.5317648235597,10.3369848044841,10.644120357346,10.6106098844131,10.467490206104
"TBC1D16",11.0516255131654,10.8366488306128,11.1181829684971,11.4032424905966,11.2748364733173,11.1324757159954
"ENTHD2",7.02883500481642,6.54567163620786,6.99540769375669,7.40416328095667,7.4639640124845,6.99099058435697
"MYO5B",7.02883500481642,7.01708219172018,6.61470214021762,8.98437393129035,6.7624132232569,10.8149840476974
"ACAA2",7.90206434329552,7.77700297935607,8.84441318329675,9.23344241606941,7.98700536437452,10.1942427724201
"STIM1",8.82555564119064,8.84767674792207,8.94806296378413,9.6590230997001,9.15279981108715,10.5751074913825
"RRM1",10.3882133473122,10.4333712385956,10.5801415015028,10.9451455469165,10.4626714134676,10.9107633171266
"OR51E2",5.14109345202186,5.24729833481842,6.33042650449943,5.89887096339096,4.74232802187034,5.25394328805817
"TRIM68",8.52926401365878,8.55647734205739,8.37031995901842,8.54023943131496,8.86648271745588,8.47998702889976
"FN3K",6.95300237665677,7.06776813917055,7.04794528740955,6.45226469243349,6.67646014042819,6.24225613351204
"PRRT2",9.42922456296594,9.24236800755149,8.7452070695845,9.44570392545474,10.0051909741582,8.25595961697687
"ZNF23",6.94431161196086,6.97209839855342,6.92958651312438,6.86231554612004,7.14865083799489,7.44076318907934
"IRGQ",12.3644112490897,12.2934537890719,12.134201297022,11.6426930493359,12.1310372400449,10.9828820836317
"ZNF226",10.5752154072165,10.6385696013042,10.6580979345474,10.1979785575273,10.292117225073,10.2766230903285
"ZNF229",10.0632816750558,10.1305793854832,9.65044363484232,9.98034775960489,9.90525122021816,9.82614556616245
"ZNF180",9.23632262986296,9.25005250329355,8.99851952195043,9.15953453801556,9.05610165013017,8.92985005369329
"PPP2R3B",7.67856140727407,7.23497821999131,7.80802279742507,7.9917393367228,7.8620746353211,7.52532030003391
"ZNF668",7.46187926330275,7.13031363970509,7.29296706676106,7.38759701988348,7.5479271328579,7.03285808344634
"ZNF646",9.40782643342965,9.1117990574556,9.62026276459832,9.60438857104761,9.94606227714205,9.25047395768136
"VKORC1",7.46187926330275,7.14383672489722,6.99540769375669,7.46460118607582,7.3501882512894,7.60964233684129
"GNG8",5.5207400332063,5.40267998277688,5.53204272811162,5.0909007841773,5.20943279770974,4.94087121374919
"CA4",4.60390596466056,4.58878259651035,4.63910910251109,4.71402308857299,4.66714835127326,4.58127373257168
"SMG8",9.64965531825665,9.57888389500345,9.28184555216452,9.60084875985427,9.73403503693119,9.33598604626019
"TPM4",11.0272946875488,11.0500081316164,10.9349414460984,11.3973916305131,11.1083316002009,11.6485477104315
"RAB8A",9.15790057669722,9.10672807900063,9.23612014068533,9.49039590691598,9.44146645132514,9.47223916918279
"GPX4",10.0296715310326,9.68128836406723,10.1952341294058,10.3626852915809,10.2742821985886,10.2815747406628
"MIDN",8.61729127726925,8.53142616142683,9.26892867330728,8.86979662850769,8.9951123288234,7.92617754941335
"FAM129C",6.00844026539826,6.06976574579927,5.86366298223323,5.60255728389094,6.21725309445207,5.63720988468804
"KLHL26",7.19106458252092,6.97969885755654,7.07853172863903,7.01760602430721,7.24775658987465,6.72590736183652
"GATAD2A",8.98899981603422,8.73159729162285,9.30944079031773,9.72472935165231,9.48089996006794,9.69439658053551
"MVD",9.62470476824404,9.31156443897983,8.67504644412205,9.65476190956148,10.3467757953137,8.11019697759067
"CDT1",5.46268370782665,5.53524434648493,6.65662472716031,6.50107558601883,6.03126530424217,6.42781852490384
"TRAPPC2L",9.49882123213004,9.3873740190436,9.29888973713469,9.44471679213341,9.55244510329546,9.44221257564011
"ANKRD11",10.3187089191014,10.3465125140414,10.7328392786906,10.3464021115971,10.4844409759248,10.3123159892276
"SPATA33",7.95390916723045,7.77700297935607,7.97203780474367,8.32908066600577,8.35410074742384,8.8015619401551
"PROCA1",7.10070481615422,6.86100086831046,6.98465473288329,7.43672021004202,7.31011254539078,7.78478107247728
"RPL13",12.1401454544499,12.0198313674867,12.6670039548939,12.6666798879422,12.5015711032948,12.7802019987131
"ZNF641",10.2064094972629,10.1397017035931,10.2233835738704,9.75211117196943,10.0537979449459,9.46105242302031
"CACNB3",10.2125895529164,9.93007691114668,9.90528073326631,10.0331608138399,10.5563026914651,9.54113970951079
"DHRS13",9.44731613144249,9.07764997547205,9.15184335248517,8.83552536934532,9.4551084787387,8.02455368757363
"TP53I13",5.9531937412958,6.00716920758814,6.52664985962964,7.00668785647124,6.64378255741951,7.12586780654062
"KMT2D",10.3030735637127,10.4047664165647,11.1740473705648,10.170790287179,10.0597601833887,10.1715575057127
"CORO6",6.49303627369584,6.08491777140764,6.38235023120535,5.71571562153576,6.10909595759182,5.25394328805817
"RHEBL1",5.62750733317344,5.71625300812078,5.41912560421338,5.61949520913034,5.42310223496893,5.59411117987997
"TUBA1A",17.1352378413762,16.9891103034211,16.4123866212621,16.9947139416272,17.1036242367833,16.0388957397057
"TUBA1C",8.93655619293116,8.74690248952588,9.14006648893158,9.60350443325477,9.32493744190816,9.74957160191288
"ZNF610",8.40795631508327,8.62910859222468,8.83859177605447,8.72751613386689,8.95082681945545,8.66503306417162
"ZNF528",10.1027962594737,10.2232110076304,10.1085380507258,9.62021097109997,10.0738224529419,9.57496892079501
"ZNF701",7.36233757036877,7.77700297935607,7.87248208979373,7.93631157952285,7.69061605082664,7.87431663323032
"SERTAD3",7.30978258738388,7.26613346708606,7.49384682798959,7.68333641555569,7.22092843407769,8.25595961697687
"NCKAP5L",9.27060389541086,8.87975663685593,9.23612014068533,9.14258209498379,9.5598289188447,8.68870837862989
"RAB4B",6.71709701753066,6.41364234346673,6.6004284650849,6.45226469243349,6.73951207025976,6.45980961472376
"GPD1",5.18373077138573,5.09718127405855,5.13786241172375,5.49445599134623,5.39908280147121,5.47749470033185
"C19orf55",7.12385340854776,7.16387706458242,7.25797082264261,7.42053615052125,7.13718924578107,7.8047312544377
"AXL",6.92676259669851,7.14383672489722,7.5161296999261,8.40433733198799,7.36492552916603,8.93884612913486
"NFKBID",5.81299943796065,5.43072800972915,5.60065691610817,5.77536139914715,5.96229157958667,5.71840792780094
"TTYH1",11.1236542733653,10.7857964525053,11.613217753882,11.4920960389529,11.3666524898346,10.9557053076768
"LENG8",9.35289734691898,9.05501034833309,9.41677173101426,9.34136054605124,9.30874614909493,8.96197587533801
"CDC42EP5",4.33057497578978,4.69525161239808,4.33057497578978,4.77291247508709,4.66714835127326,4.88837907797739
"TMEM145",8.29893292653589,7.91962668990232,7.89521540952253,7.49580242922288,8.01196563195928,6.1912683413666
"ZNF526",7.29632919015158,7.19015494350677,7.70870670740222,7.53385572028899,7.6190341013449,7.55871379354643
"TRAPPC9",10.1458775394758,10.2479625629999,10.2866484946307,9.60527216661579,9.83223447402266,9.2490289260213
"ZNF146",11.1900217624761,11.2431634190828,11.3057081321337,11.3207025410687,11.1564081470044,11.1756655157395
"ZNF283",9.08076712991475,9.20806020534668,8.91802107595742,8.74689325780234,8.95082681945545,8.76559509945436
"SPINT2",9.74534934734069,9.51655993350031,8.32515149771504,8.27661771856556,9.19949232418683,7.11942799821587
"YIF1B",8.50926617579326,8.08421470978172,8.44513237632328,8.97208477321676,9.03807483320352,8.59156999981621
"DNAAF3",5.49214979402744,5.05426032044833,5.33538540566403,6.91606405592489,5.67254547946021,7.47619854413473
"ATCAY",12.292280113167,12.1502560752326,11.8384452709779,11.8628429101553,12.4813140166334,9.99416653365323
"DAPK3",8.76906808702757,8.48258855057135,8.72008892138754,9.14258209498379,9.08857532332467,9.20647925499943
"EEF2",14.0765918181042,13.6876689436665,14.3322086999457,14.566985364072,14.7615110709692,14.1472186876593
"CHAF1A",7.86190181053377,7.62797515941513,8.00373387735555,8.54023943131496,7.8620746353211,8.49227875959925
"UBXN6",9.1633854251255,8.64553973613791,9.10898779625106,9.4298280255958,9.49857331418491,9.14719890483391
"PLIN4",5.43226952355336,5.28072429172865,5.13786241172375,5.39408088420441,5.53476861827663,4.94087121374919
"SEMA6B",9.26381263972206,8.82107407206567,8.35814192546247,9.64104079453331,9.85812764785629,7.93704885298599
"ZNF444",7.49159265832426,7.43974874141735,7.84937931103585,7.32366780413866,7.49102369857769,7.55399145505369
"NXN",8.99926288615758,8.85979076743473,9.34474682174218,10.2947778406191,9.51386160043162,10.7719052374755
"FAM57A",8.25150991735726,7.91962668990232,8.05504282183853,8.09904230004491,8.1191760897541,8.40913463080184
"GLOD4",10.4228909577284,10.5267169501202,10.2834433602953,10.4170137065552,10.4998701964502,10.3732255731623
"MFSD3",6.80682798154666,6.44792678694728,6.88387612917015,7.13232057759675,7.25306074925114,6.93310215294778
"GPT",4.7165496130104,4.95891832408665,5.2426758087291,4.87127988604197,4.99924798284876,4.94087121374919
"KIFC2",9.82934785379102,9.19219126220688,9.19117879616763,9.22311367008242,9.90027532791446,7.96209693964475
"SLC43A2",9.25698919480648,9.15337633874126,8.6684948890638,8.90470756782089,9.06354665946576,8.58470123776043
"RILP",5.70087603390657,5.17594971784969,5.53204272811162,5.51331587387945,5.53476861827663,5.07532107295397
"SERPINF2",4.80259831140558,4.84495094307666,5.0153475618871,4.77291247508709,4.91093888395682,4.83010453277739
"WDR81",7.75866388103475,7.40670473789636,7.88389418139776,8.17990596670228,8.19732855478766,7.56811129503746
"SRR",8.72023681804644,8.941845427525,8.32931711803172,8.89461249430765,8.86648271745588,8.97777358702147
"TSR1",9.98704120676161,10.0510564367228,9.72639245739729,10.1570014459905,10.0708733523886,10.4449683655608
"TRPV3",5.83411797820783,5.83429039028268,4.7660846074949,5.61949520913034,5.77775078358577,5.89830401412361
"HSD11B1L",8.6411061146322,8.34837600371051,8.28710505000652,8.38589066215898,8.47986475144536,7.38320676776276
"CYB5D2",9.27567639537996,9.20806020534668,9.35292980781512,9.31242619042964,9.38438029434521,9.54349843488996
"C19orf48",7.93253620534926,7.6748142741682,8.35405945616691,8.98437393129035,8.66180450307836,8.8519744336651
"ZNF83",9.02761588958365,8.92657279549243,9.17048814048953,9.29280845327069,8.97155766849428,9.70812688163029
"OTUB1",9.43980557591928,9.17453093327016,9.52934469316027,9.79300809192262,9.72092315364961,9.62927339748932
"RCOR2",8.15166742943762,7.97662816360005,9.23833079300592,9.40263411699781,9.19814041799852,8.06472115701416
"CD320",8.25494991047756,7.45598363703094,8.02447956926086,8.05292461804842,8.18642227683518,8.12925164032365
"SPRYD3",9.35289734691898,9.26226300594309,8.8646044017896,8.92468750998132,9.54289567521329,8.50689107156897
"IGFBP6",5.26254826080776,5.2124335202594,4.7660846074949,5.05921631031587,4.66714835127326,4.76371589021208
"ZNF558",9.72077632623851,9.61977474451712,9.65541288542439,9.09049249538816,9.79697034718239,9.08537126519685
"NDUFV1",10.5264429900408,10.011847283373,10.4004921862461,10.5287624183766,10.7521562626055,9.94507087750159
"CDK2AP2",7.34286011609801,7.04627361157714,7.41691240853898,7.67656560704024,7.5734348367007,7.47119071522143
"NUDT8",5.29925920898593,5.00838899562681,5.19204933581343,5.28112095084593,5.39908280147121,5.03357482878391
"PRDX2",11.5939302519438,11.2435480091926,11.5492861270385,11.9757191309071,11.9213795065296,11.5071693949356
"ZNF232",8.86875162420893,8.78764144327413,8.61497734050846,8.83552536934532,9.00597386034892,8.45004958824174
"MIS12",9.28241204623931,9.16480589922472,9.0166714329497,9.32857256058965,9.04260276007627,9.21538642544446
"TEKT1",5.91485715615986,6.05442078166421,5.3782345210694,8.73238497806447,6.63548630992359,9.92441194380751
"HID1",9.28911633067063,9.13024122869852,8.93721112787581,8.73562172871382,9.51168746862854,7.47619854413473
"ICT1",7.58817079353714,7.70219100840178,7.64962153261386,7.73636791987748,7.56921545969329,7.84380978523961
"ATP5H",10.4992591457591,10.4102588786788,10.0316586006782,10.3224331729514,10.2555746640032,10.2195285231975
"TMEM88",4.80259831140558,4.84495094307666,5.29031095099465,4.87127988604197,5.03903521958369,4.83010453277739
"SRP68",9.02158711969971,8.98671351322656,9.35292980781512,9.23458549296627,9.05759373753688,9.72588673215536
"MGAT5B",9.29745302067819,9.07072180600046,9.08707167074037,8.71936453333919,9.26034613844487,7.15762512229537
"TMC8",5.40082433975998,5.31286008562374,5.07933519419276,5.12120644125242,5.51344929562775,4.33057497578978
"TK1",5.72424503540458,5.94108086001497,6.4803071669202,7.06569315570874,6.12159469522682,7.13227778960985
"TMEM68",9.05934942303815,9.25158449214407,9.07722297487228,9.22311367008242,9.13595160831438,9.46354588584543
"TMEM99",7.24819384114694,7.25995789712136,6.94077887024594,7.18629611924666,7.13718924578107,6.89563633808235
"GHDC",5.93418371095413,5.53524434648493,5.7255112363932,6.06802763232559,5.74380775294986,5.84730736939238
"ITFG3",7.61536167932807,7.19015494350677,7.52347964195245,8.25643732290653,7.73264244605026,8.58470123776043
"SOST",4.87482195210638,4.69525161239808,4.7660846074949,5.25661469107151,4.56883750728876,5.99399275429218
"ZNF598",7.59911006013672,6.98725741936592,7.50874119576164,7.76853221849115,7.91601970225924,7.22503328181531
"RAB26",6.07831789081791,5.71625300812078,4.7660846074949,5.37262261357025,5.74380775294986,5.03357482878391
"MLST8",8.31219858346385,7.7246074378157,8.0347402825363,8.51783797575473,8.64003499910727,8.22384451131824
"E4F1",8.15535599076309,7.50878465907413,8.13348157800378,8.22677577399742,8.66572736922091,7.50097370161107
"DNASE1L2",5.62750733317344,5.31286008562374,6.23887088147353,5.91179944389842,6.31676160488645,5.65810362455486
"ECI1",6.54099217405613,6.51389521262857,7.3355137098602,7.63524574948286,7.27407779684721,7.57278667125649
"CASKIN1",8.79287503142726,8.12171482632251,8.34174173769797,7.8337930208669,8.7308267358132,6.3267847648848
"ABCA3",11.0585024565781,10.7171105857639,10.562622082284,10.6115266247465,11.0376093295311,9.73623236610607
"KCTD5",9.01755385566988,8.82313800716929,9.11140244211204,9.36137875031349,9.38438029434521,9.23595794799869
"SRRM2",11.5335169332924,11.8397663877896,12.3090464374324,11.5610767699069,11.2796325989911,11.4877167871183
"ZNF597",7.01234157832621,6.93345017433381,6.71054607635312,7.0338224137936,7.09630934344129,6.75992371440338
"NLRC3",5.26254826080776,5.17594971784969,5.19204933581343,5.49445599134623,5.32290848716218,4.94087121374919
"SDHAF2",7.64203905041473,7.58935303296618,7.52347964195245,7.56724655127282,7.39394288903325,7.57744660476791
"DDB1",12.7004069173045,12.6401276718926,12.6873513685007,13.1238638086684,12.9320928002357,13.3711105431552
"VPS37C",7.66302429663445,7.47203311609823,7.80201515746545,7.73311098382377,7.72887297181842,7.70204950767822
"VWCE",6.62092605244302,6.57669813123392,7.28429996695587,6.46873913714878,6.53165229568474,6.13809210754304
"RAB3IL1",5.40082433975998,5.05426032044833,5.07933519419276,5.0909007841773,5.57607598002124,5.11466593771837
"BEST1",6.82598312485697,6.97209839855342,6.74960856768488,6.92190735690644,7.13718924578107,6.20421240927874
"FTH1",12.4114014628865,12.3382529248727,12.5319864117938,12.6602149907099,12.8491346337762,12.9774479042426
"BSCL2",6.67520758794867,6.72179300651678,6.87220484073834,6.60835857260747,6.91945913830706,6.77661481002274
"POLR2G",9.58168080751203,9.39015806672518,9.67512026675256,10.0668969441092,9.63265810543118,10.2268818950932
"SLC3A2",9.78618527567107,9.57399600582811,9.81343315344366,9.93609681517992,9.92171455537464,9.95573305219618
"HRASLS5",4.99520527768772,4.95891832408665,4.7660846074949,4.71402308857299,4.99924798284876,4.58127373257168
"C11orf84",8.22017182526003,7.99513266426283,8.34996531350985,8.61071852248022,8.76046972350667,8.30700429615734
"ATG16L2",6.82598312485697,7.03175530872374,6.99540769375669,6.94503376153132,6.91945913830706,6.29124861845814
"C2CD3",10.0386448685738,10.161036840432,10.2322765553301,9.90558398595749,9.89528219888739,9.88404597470252
"TRANK1",9.11136180841796,8.91501090550026,9.14006648893158,8.79422245037405,8.91504825945384,10.0648105441353
"TTC21A",7.673401304741,7.85213789711754,7.55966503163793,7.90198851257261,7.5734348367007,8.53329959829096
"RPSA",13.0640441775267,12.9687557317037,13.1819593372587,13.5618584007703,13.4321243411239,13.5379825353297
"ENTPD3",6.70674692185684,6.72179300651678,5.3782345210694,6.14439749474012,6.48584680311777,5.34453517938545
"CTNNB1",13.2578720061153,13.2512329293924,13.3329514718412,14.188986570916,13.4840890402507,14.438199478636
"ULK4",8.13308036283113,8.21924907137084,8.09969380630289,9.35193112434393,8.64798943308011,10.1313705205732
"FADD",7.83448214704925,7.82753203113606,8.04492768270582,8.14127076135559,8.15878673236071,8.34548396504814
"LTBP3",6.9787484957864,6.74000049684547,7.5525018847791,8.05552620041401,7.47304188353518,8.53567643325285
"SAC3D1",6.66452682316319,6.43659925234347,6.86043252493434,7.02303275895578,7.12563200576146,7.10645774094267
"SF1",10.4221293347932,10.4013229741359,10.5251236241174,10.4674278894783,10.5113347381062,10.3718996055647
"MAP4K2",7.68370276245463,7.13709168804272,7.40898199943496,7.70345665799784,7.8131324498524,7.491115928106
"CCDC88B",5.85484684019812,5.24729833481842,5.2426758087291,5.05921631031587,5.4465120496375,4.98896808752624
"SCARA3",7.57714608324443,7.51395740488749,7.71512204712023,7.59268147982136,7.48654974865175,7.75637096599122
"PBK",6.78739762772996,7.04627361157714,7.74677010774564,8.24737604559895,7.14865083799489,8.86902089725499
"COPS6",9.33194936777295,9.29383136715744,9.74981241666393,9.56405524088877,9.52252546192398,9.83868152352171
"PAFAH1B2",12.466727522599,12.4716088523378,12.0798260795359,12.1892305599348,12.2175544067667,11.976229156609
"ANKS3",9.2621098081606,9.14350679959379,8.94264728331416,9.17032802321791,9.56926712464467,8.95489857499984
"NUDT16L1",8.1845265564615,7.93121104702694,8.25241517405332,8.26094652409205,8.36863232350315,8.27887126887831
"KIAA1586",10.1805204210603,10.3364503587972,10.2962213722168,10.2383926562856,10.3388305027794,9.80369589255263
"RAB4A",9.41703601751255,9.34925287038216,9.1281924489942,9.29280845327069,9.41959878392584,9.20498935292968
"OR1F1",5.43226952355336,5.7368316223205,5.45827589049947,5.25661469107151,5.61575483702208,5.22140032273235
"KCNJ4",5.22411723473243,5.13762512309315,4.63910910251109,5.789777878405,5.37441071259404,5.63720988468804
"SETD5",11.0904879063362,11.2743641365035,11.4870397278057,11.2106976816025,11.1187184845369,11.3717953932327
"VASN",5.26254826080776,5.05426032044833,5.07933519419276,7.0338224137936,5.49165273270531,8.17580479159128
"THAP9",8.47137075015292,8.56884075769906,7.95592129618506,8.55681386040482,8.22689868447515,8.54985531764925
"RNF187",11.1524065819344,10.9004776514683,10.7530601101711,11.1911273556748,11.3717523665765,10.7824219806578
"HOOK3",11.3741366050592,11.5350248230836,11.4541671146915,11.3166645969478,11.2967678029381,11.4162038559364
"MAPK1IP1L",10.6369060859672,10.5897905133418,10.707556515934,10.568249235257,10.3964968071863,10.8300282690813
"DDIT4",8.72766818498407,8.42660095928725,9.00372920050377,9.4682232480028,9.36282822509376,9.95307489285309
"RBPJ",10.8444157868782,10.9347014914464,11.0150519055169,11.2583521391648,10.9089666081544,11.4704778789753
"LMBRD1",9.8566695227322,9.91662941190163,9.83986231742918,9.88826844960231,9.88608296249252,10.3538786746812
"ZCCHC4",7.9238963428382,8.13511063516641,8.04999422004313,7.97258404126916,8.01196563195928,8.17580479159128
"TTC39C",9.4915751603038,9.55303545443741,9.06481653161499,9.10931313180891,9.43229944790775,8.10057341242466
"GLYCTK",6.2520628250378,6.17206882112393,6.27629400697231,6.55580973262763,6.43837371911831,6.39501592218696
"HIST1H2BI",7.3493827656466,7.00225076772355,8.04999422004313,9.68516487560483,8.03953315681097,9.55873672770113
"GNG4",10.6342780456526,10.673244579433,10.8878877853858,10.3002424211573,10.753536036345,9.04262565015169
"UBTD2",10.2028661074442,10.251791899168,10.4432440213421,10.6539699590537,10.4883137844834,10.5877265693522
"POLR2J3",7.57714608324443,7.83578143291402,7.24013763794434,6.78717281962596,6.89222287773343,6.91823902392529
"NKIRAS2",10.0989885050237,9.94055549259541,9.82817581287071,10.1743657933544,10.3382175092983,9.9654379136422
"DNAJC7",10.479628111844,10.5210168924961,10.4191088921515,10.5151995565433,10.4976761030304,10.651404397014
"C14orf183",5.3344412562722,5.60690679268508,5.3782345210694,4.77291247508709,5.11210946503177,5.03357482878391
"IRF2BP2",11.2192479218223,11.0193413431658,11.0860498650604,10.897276587343,11.2821840272641,10.4118029964021
"PTF1A",5.6525384434395,5.62971160557788,5.91449335713677,6.27476788446092,5.79433681434327,5.28523604052962
"NT5DC2",10.4221293347932,10.1634783940768,10.5314414683276,10.4508182201661,10.6790099835017,10.3890428059734
"SMIM4",6.44325127059483,6.31748106638303,6.78756865288512,6.39289578642982,6.40903241569879,6.65516992011782
"HIST1H2AE",11.0721587590026,10.4686764344635,11.1798039179684,11.411091071398,11.4912407570314,10.2371140181501
"COA6",7.36877029660064,7.25375484327826,7.41691240853898,7.18629611924666,7.23172182181531,7.15762512229537
"KIF5C",14.495050372809,14.5308075565286,14.2194345652045,13.9722359023816,14.3776192588817,13.2800506586972
"MGAT2",9.37038760070894,9.25464358743583,9.10898779625106,9.28179308782569,9.30372735856032,9.35491536353812
"BMI1",9.45478772567961,9.38178972471936,9.77894156671365,9.45749705428178,9.37364457860085,8.83665040334435
"THAP11",8.63057049591439,8.4852008471135,8.88733802173831,9.02987446112579,8.99043215863396,8.82116120961703
"MMADHC",10.6349355048194,10.7559121479902,10.8716187264094,10.8380302421824,10.7585839436986,10.684891011956
"PDHB",10.2619505419625,10.2464279764599,10.1049109635847,10.200318703871,10.0811689190541,10.3164576553638
"PXK",9.58576932572485,9.62214432638917,9.2205497782648,9.09679343450485,9.56088066703856,8.36968568596079
"HIST1H1E",11.1984962240367,10.8093698560604,12.1736786153005,12.2018369023401,11.6890217088257,11.1768047877137
"PCMTD1",10.7092362094057,10.7815649892943,10.7949230391652,10.7711393953013,10.8182593229516,10.8154718024365
"KCTD6",8.52357874480435,8.44818824425593,8.53076178760897,8.48933489126633,8.7750649344155,8.08112939298979
"MPLKIP",8.63847945105174,8.79817294655836,8.68481806014692,8.40637237520777,8.63404011122319,8.40393712176816
"ACOX2",4.93817568778476,4.90491546544878,4.94418431550225,5.23135019106063,4.91093888395682,5.84730736939238
"FAM107A",7.85282058766129,7.64689739282451,9.23390608819336,7.12730784464336,8.15039073554109,6.84138999912851
"IRF2",6.79714772954774,6.88558122958182,7.25797082264261,7.10707332424053,7.04805835811577,7.47119071522143
"SCN11A",6.22223378738274,6.27946357496297,6.05488661074004,5.73093733123111,6.09646749403237,5.63720988468804
"ARF4",10.8908418977947,10.8833031564797,10.7768048130421,11.0956964371669,11.0086282673159,11.1147518257534
"SEPT2",11.9981733592798,12.0236429997186,12.5776113590669,13.0317104299722,12.3535596493647,13.6699819744445
"FILIP1L",6.12819034179057,6.17206882112393,6.57141063641404,7.3792398886982,6.70045381273315,9.10787268429672
"MFSD2A",7.71416483505751,7.50359283809551,8.30413957857438,8.37761526210994,7.93246643504887,8.33459491819434
"DTYMK",7.66302429663445,7.81923443275588,8.49415830819509,8.72263072779628,8.0425635689601,8.7956296465034
"TAP1",5.14109345202186,5.51016048524524,5.86366298223323,5.0909007841773,5.67254547946021,5.571858798105
"ING5",9.0356151437135,8.9284907699439,8.93175434153875,9.14258209498379,8.88004481545068,9.02584078795647
"ATG4B",9.66261567984884,9.26074234505838,9.69777664677244,9.90988056275714,9.93556205199981,9.53047739017774
"BDKRB2",5.36825224778896,5.24729833481842,5.78285907365734,4.64396487703681,5.37441071259404,4.88837907797739
"MLKL",4.33057497578978,4.69525161239808,4.94418431550225,4.55239249687834,4.66714835127326,4.68467332000649
"RFWD3",8.71775112588941,8.69373400747699,8.85598573220306,9.5131743759526,8.77143000974603,9.82323710280982
"RHOH",5.14109345202186,4.90491546544878,4.63910910251109,5.23135019106063,4.80549449477315,5.67858866699434
"COG7",8.58217900268261,8.68240505884543,8.63863716092216,8.91473224694562,8.73269745384022,9.38416763273161
"CDC40",9.59661565527658,9.59103155520398,9.35903667418322,9.48943894228963,9.33111670042801,9.61924599372904
"STIP1",11.4014380310288,11.3729263044207,11.3845908295216,11.6414022212573,11.6586619207626,11.6648782635825
"RAB31",9.88900679376735,9.80532184408172,10.7123309165932,9.15712495262734,9.87428928450598,10.0087456602628
"REEP4",5.46268370782665,5.31286008562374,5.66493901424027,6.11225279239186,5.49165273270531,6.24225613351204
"TNXB",6.06122660456922,5.71625300812078,6.20029399103025,6.366589959339,6.0837061780769,7.01904347123356
"LGI3",6.33753079965724,6.15796744435664,5.75456202992873,5.68460767469218,6.60177306867266,5.11466593771837
"BMP1",7.10846414954516,6.76685754580122,7.56679197810507,8.89605899516779,7.85172803010065,9.31542462635113
"ATXN2L",9.34326690275064,9.36207237766643,9.94233968385781,9.1462316106376,9.29363698654525,8.75340322740948
"PHYHIP",8.0680105217294,7.76408449124898,7.25797082264261,7.3792398886982,7.87915334433172,7.10645774094267
"CCDC110",5.81299943796065,6.08491777140764,5.66493901424027,6.15492760336544,5.81067810207035,6.57082196690698
"POLR3D",9.34487645628323,9.37337246944004,9.36106655455054,9.2971911091335,9.34827886632959,9.46603503957995
"FEN1",8.82786177418644,8.68240505884543,8.81209961871537,9.47983416516482,8.85107081666072,9.54467635090953
"SDPR",4.93817568778476,4.95891832408665,4.63910910251109,5.97436269294477,5.69081184736494,6.25468438971641
"SOGA2",10.3309339720119,10.3776869366369,10.4884808631235,10.144295417351,10.3607264948966,9.50528738305195
"GBX2",7.7875724749967,7.65158864104377,7.81996234402189,8.49889901448186,7.94224401134541,8.36434276505752
"HEXIM2",6.96163830026338,6.69400971602305,6.98465473288329,6.98458762895756,7.12563200576146,6.63688382412144
"FNTA",10.2456839135512,10.4020123207345,10.1466696266333,9.97009765817035,10.2438398172737,10.1092582738175
"SERINC2",6.50519094232758,6.55609522107361,6.41583398350578,7.44073724444138,7.13142268535155,7.388537870084
"TRAPPC11",10.7935041100922,10.94892173239,10.7919190961731,10.750132505373,10.9006880649077,10.5583027380831
"COL3A1",8.7545922182861,8.55647734205739,8.9561484306793,13.9879784185933,12.3689431025253,15.6018030188962
"GFRA2",6.4305009759227,6.09988234759329,6.61470214021762,8.33764052430915,7.58183592387922,8.22679405530618
"ING2",7.91955666087489,7.53953995283721,7.72786621708424,7.60344340280255,7.72887297181842,7.82049194481516
"CDKN2AIP",9.31233848597499,9.2713533931228,9.09928848577034,9.32964257461733,9.5682214833847,8.95134681958924
"SNRNP48",8.23069435517052,8.35696456156378,8.33761216785268,8.33977251533237,8.18642227683518,8.77768436969042
"TMEM223",7.36233757036877,7.17707819150479,7.26680255576584,7.60701256006494,7.53499811285736,7.93343430385265
"SLC20A2",9.71953660687733,9.6479557234452,9.57901226323129,10.2165942373031,9.64163252102388,11.2640776063062
"DYNLRB2",5.22411723473243,4.84495094307666,4.33057497578978,6.31229699252743,5.49165273270531,7.68921232485547
"TMUB2",9.12079075209408,8.76204632234276,8.86746584518105,9.13770163197349,9.09294730013371,9.02921346567643
"ADAM29",6.62092605244302,6.68461897403412,6.20029399103025,6.65179842733786,6.72402496561255,5.03357482878391
"STAT3",10.7935041100922,10.7165565609378,11.0638080813678,11.1978754980965,10.8789388095069,11.8395262942549
"ZSWIM1",7.85282058766129,8.08421470978172,7.89521540952253,7.96429510918995,8.1809377646698,7.9549851965899
"NBPF9",8.26522052484028,8.22238829450998,8.55938646576936,8.66606905430101,8.51074544955204,9.28754451339333
"ADAM9",10.5779532029759,10.664079127146,10.975883677466,11.3881858537263,10.6417422931766,12.1187847531475
"GDNF",4.87482195210638,4.77662214806139,5.29031095099465,4.77291247508709,5.11210946503177,4.83010453277739
"AXIN2",8.72023681804644,8.65947540614662,8.38239530543292,10.6281328305255,9.10454137051378,11.161156310452
"NDUFS5",10.349480040621,10.2962263821996,10.2759368908661,10.6207273650787,10.4805577389834,10.8338853098194
"VWA3B",5.54851785949931,5.62971160557788,5.60065691610817,6.92190735690644,5.7264309006772,8.28454230082659
"ZNF30",8.10282843153464,7.97289824292198,7.97736969900184,8.12650880137662,8.24540251057767,7.75637096599122
"FAM84B",8.59307457615746,8.60049573085151,8.89015460981113,10.1539863418064,8.99666900720662,11.1839993564196
"LDLRAD4",9.6869237617753,9.64329700375298,9.04978617623314,11.0075979086371,9.31748715572539,11.6463562685119
"KCTD19",5.18373077138573,5.31286008562374,5.13786241172375,4.71402308857299,5.29596108369109,5.03357482878391
"SLC16A4",5.85484684019812,5.75702651981449,5.83737023149546,7.02843816393424,5.59610890044655,7.82440493355072
"TMEM208",8.26522052484028,7.82338929223941,8.31678371072775,8.32693267968528,8.3295488236368,8.43738870961499
"LRP1B",12.2527825757064,12.3711823112902,12.411915392562,12.373364860334,12.7833459818502,11.9263018646535
"AHCYL1",10.2788773456579,10.3797881231983,10.424938268663,10.7042957738225,10.3900049930411,11.074160324281
"DNAJC21",9.54154851038933,9.65722821669175,9.39712345835876,9.69764586322221,9.54076495614395,9.9881202432682
"PKIG",8.62261771767438,8.34837600371051,8.61156529937367,9.03775665632753,8.93467412085408,9.2242388158567
"NPNT",9.09996490555791,8.80236402807747,6.71054607635312,6.78071837564872,7.24775658987465,6.17818765351574
"CA7",4.80259831140558,4.90491546544878,4.33057497578978,4.33057497578978,4.33057497578978,4.58127373257168
"SEMA4C",9.70582883572205,9.34208129630874,9.69456174912774,9.68766973636913,10.187777864843,9.01737433260328
"CNNM3",7.67856140727407,7.69766482825907,8.14772082508125,8.25417738004072,8.18915665934638,8.03806895081865
"GSTM4",6.71709701753066,6.64638115531134,6.62882379950556,6.39289578642982,6.3482640446452,6.7682951030033
"TET2",12.0914058982733,12.2404911357161,12.2346779382356,12.0416221222956,12.1824754267314,11.4720254703844
"CXXC4",11.1519473532455,11.2276951238861,11.6707615967406,10.8976370766966,11.0548717476648,10.7024024696914
"TCTN2",9.09996490555791,9.12523494112062,9.0166714329497,9.99861625607416,9.2062328735611,10.7280182866958
"SHOX2",5.79147317606317,5.87100821421757,5.41912560421338,5.23135019106063,5.99036612397887,4.88837907797739
"PPIP5K1",8.0758215895408,8.10138244940046,8.00894867808749,7.83075245367106,8.0181379847393,7.83607962613993
"TSPAN5",10.3203449268557,10.3479442502354,10.2531801300428,10.4404629093679,10.8564285830695,9.67731615248355
"ABHD15",5.72424503540458,5.51016048524524,6.51138402021999,6.57103832417983,6.09646749403237,6.96956810339794
"ZBTB5",9.87237121915166,10.0422384425909,9.89130974656769,9.93750041756751,9.99977377878279,9.77488205342716
"CHTF8",8.17001572225923,8.22864613726104,8.49786099064325,8.59654079746363,8.43686196165172,8.90619337077487
"ADAL",8.99311383673768,8.97748073945348,8.77599939552662,8.91758364881727,8.68518250976069,9.17790397013994
"LCMT2",8.83475805128403,9.068984537956,8.84441318329675,8.74368183653481,8.92489467730096,8.79958722914079
"SNTB2",8.79051201102661,8.94942133757454,8.95345832344914,8.97208477321676,8.67354108974707,9.10147953490621
"IL12A",5.04742567774093,5.2124335202594,5.53204272811162,6.22622682849031,5.69081184736494,5.89830401412361
"ZNF507",10.2542681673086,10.3313928282358,10.4782387098297,10.1725791486103,10.1414445290157,10.1677416828028
"STX18",9.10567464107961,9.15828584114802,9.20028002284891,9.51128986746541,9.23156288954906,9.85965094543341
"ZBTB49",8.50926617579326,8.33104276038431,8.23474953725857,8.07616978798603,8.2401400912153,7.82049194481516
"GFM1",10.6003438780553,10.7434565701411,10.4489768397321,10.284337735571,10.5688972840343,10.0868015972579
"HTR1E",5.54851785949931,5.62971160557788,4.63910910251109,4.77291247508709,4.86095996838829,4.33057497578978
"FSTL5",12.9744321350009,13.0372325240337,12.1823065567788,12.0504021814107,12.4278794649658,9.98985034407517
"TPTE2P5",6.62092605244302,6.27946357496297,6.4803071669202,6.35770001541804,6.47648978420022,6.12443048056718
"DDX19A",10.023658124968,10.0055099518892,9.77742304381021,10.2418045855949,10.2120718050124,10.5347976879148
"ATOH8",6.78739762772996,6.40200899166213,6.83657729618024,8.17513332165389,6.47648978420022,9.02584078795647
"ANKRD49",8.40176786248422,8.40192004734629,8.10942933195419,8.48741438657549,8.52809748622889,8.2674613148579
"USP39",9.35609323496928,9.33920263565217,9.7073785276798,9.88754243514659,9.67114985691451,10.1187765079294
"TNIP2",7.49159265832426,7.13031363970509,7.38491811861045,7.74609406133652,7.70604305136319,7.77267492272428
"C2orf68",9.56106234284132,9.45673833327171,9.38719787370666,9.85300055656235,9.64659425974179,10.0996767832693
"TMEM150A",7.23412992501544,7.08191392230372,7.275578697877,7.54879380865966,7.17129355743574,7.9406542465097
"RNF181",9.03760802588162,8.73817664251288,9.18889446867189,9.25162360904461,9.05011777622151,9.47100047926738
"VAMP5",4.7165496130104,4.77662214806139,4.63910910251109,5.47521948736164,4.95674843757777,6.25468438971641
"LRRC28",9.09996490555791,9.24544673015779,9.26242651196847,9.26175051487158,8.84243669548744,9.95573305219618
"MAT2A",11.4380590976748,11.3181105457468,11.6212780355417,11.6229903071077,11.7374687990905,11.8635432045718
"ENHO",9.35928204576691,9.01766886113101,9.74981241666393,9.11801255140461,9.40444306462711,7.82830717021178
"ZNF608",11.9069577745744,11.8751921785195,12.0515361728332,12.0469940608428,12.2447872271005,11.6540117947667
"SLC35G2",8.53209821877575,8.40192004734629,8.24360963406932,7.52632687188067,7.71750400309801,6.80127051198349
"INPP5D",4.99520527768772,5.13762512309315,6.23887088147353,6.02211641227821,5.49165273270531,6.67320839276355
"LETM1",10.4730245972126,10.2083111879806,10.188395692667,10.3051428997872,10.5313150417168,9.95838631889027
"TMEM129",8.55178237037359,8.16479953223991,8.71055519067675,9.12419437817655,9.07243010928637,9.26484505210189
"PPIC",5.97189916146181,5.43072800972915,5.86366298223323,7.01760602430721,6.10909595759182,8.28736940950781
"SPRY3",8.15535599076309,8.16479953223991,8.08989141677383,7.5073267853116,7.63121893218586,6.94047352051505
"CEP120",10.1122718787971,10.2177394974889,10.1699996901506,10.109854838165,10.1073104850834,9.85015719266175
"STXBP6",7.76836569039717,7.70219100840178,7.23113467566778,6.43557845627955,7.01072782128493,5.86456156907527
"MFF",11.0177487491915,11.0574646595314,10.9685860207895,10.9201681713843,10.9126765070629,10.8900733696789
"GRM5",11.3559101533896,11.3708154536909,11.1235691364234,9.88681605482093,10.9516661623472,7.66755485403753
"LGALS9",5.26254826080776,5.31286008562374,4.86296472820736,4.99090412180236,5.14598214718274,5.47749470033185
"JMJD7-PLA2G4B",7.30307208814694,7.01708219172018,6.83657729618024,7.25209128692734,7.50436083085122,6.83346059421358
"CPLX1",5.91485715615986,5.62971160557788,6.27629400697231,5.47521948736164,5.77775078358577,5.07532107295397
"PXDC1",7.32310766257761,6.92558771782441,7.18522450335871,9.0739797299561,7.37466490983108,10.2143587582018
"E2F6",8.97033968110083,9.02664801427606,9.25152388519973,8.94439359993888,8.82851329144132,8.94600268274346
"FEM1B",12.515376425725,12.6146371046737,12.2492594042074,12.1097882818391,12.3657893026792,11.90881092177
"COMMD8",7.67856140727407,7.67941399406605,7.64290155373675,7.93631157952285,7.61085210505094,8.14493855589429
"ATP5I",8.96825130732817,8.7834071312589,9.09685340733888,9.31025959540033,9.24471757186586,9.18093875143825
"UQCRFS1",9.60066206938061,9.66644142102078,9.11621961141978,10.2480388973717,10.2819528089905,10.0924486444491
"COL4A3",5.6018543074561,5.45795213323723,4.86296472820736,5.02596345433389,4.66714835127326,5.571858798105
"MAP2K1",9.45329650431033,9.2818868029748,8.74209121903283,9.3080897351882,9.49086788968625,9.28472657664277
"HNRNPH1",12.5412047178158,12.4504435507222,12.2736876757263,12.6486974052897,12.6188690698406,12.5369403894664
"IRS1",10.0749594464069,9.94529341926161,9.91498047243201,10.8068930851131,9.94041781579514,11.485573156152
"MECP2",11.0614397109192,11.1170285183783,11.1792292959075,10.655249744754,10.9480553275718,10.2501638053726
"UPF3A",9.74046814979321,9.78643347423102,9.36915758254545,9.63239826755937,9.62463364815758,9.66545480052321
"ZBBX",7.36233757036877,7.53953995283721,7.68275068519138,9.05985781405205,7.70987368248261,10.2320070329288
"ROR2",5.3344412562722,5.00838899562681,5.60065691610817,5.81805978469791,5.39908280147121,5.67858866699434
"AR",7.40049822086436,7.75540632549568,8.24360963406932,9.2950014488377,8.35166441534884,10.2759143215744
"DHRSX",8.25494991047756,8.36550191101615,8.44896371376296,8.89026423806686,8.41136279154798,9.25623962257505
"C8orf46",6.41762377436216,6.36646410882688,8.0347402825363,6.05671361986226,6.13396671442646,5.47749470033185
"HSPBAP1",7.35587515452893,7.53953995283721,7.55966503163793,7.55620390682624,7.56921545969329,7.67625765763734
"ASMTL",8.1845265564615,7.99880489787101,8.30836671377887,8.18228632444168,8.15039073554109,8.26172202680102
"SLC25A6",10.4402981757554,9.95190046290363,10.7949230391652,11.175158710609,11.196523448322,10.6795422581774
"CHST14",6.29551855050175,6.39026961629101,6.97381680886921,7.50349580743111,6.66836552419538,8.04477884312409
"PARM1",8.34160426329624,8.30167927658931,8.07506041228118,9.99390216404006,8.30959951149806,11.6116754089841
"CSNK1G1",9.73311521284866,9.80114576961206,9.50752294882917,9.7914564070017,9.6535121140947,9.894243937876
"FAM110B",9.67929173388246,9.65375802062293,9.63710790039441,9.31782845723895,9.73030094229899,8.83857486668005
"ARMC4",6.39147731265288,6.34220771365591,6.21973164683618,8.17513332165389,6.71621387992826,9.22864467878167
"AFAP1L2",7.57160125842783,7.35563129640412,7.56679197810507,7.49193991118779,7.8993806303195,7.33981132903799
"ZNF354A",9.15973118315238,9.20490038255927,8.81802911615754,8.97892504394287,9.00287892649142,8.63654026824561
"ATF5",6.97022010436025,6.72179300651678,6.61470214021762,6.7346503210604,7.14293189495132,6.27917803362026
"UBE2V2",11.050147607147,11.0765868002132,10.681822632835,10.6751528617442,10.9347377224742,10.3403831232244
"ZBTB43",10.0156010311007,9.90597479999593,9.52934469316027,9.60084875985427,9.76903454706824,9.54937840727977
"CPT1C",10.3113238271518,9.97802991097382,9.792536749536,10.2246636252427,10.4256422105541,9.75263243152193
"PCSK9",4.93817568778476,4.77662214806139,4.33057497578978,5.45558649408591,4.80549449477315,5.34453517938545
"XPO6",10.995908625575,10.9318405421953,10.9484935935645,10.7840662633669,11.0368540828862,10.5928572630169
"GSG1L",4.93817568778476,5.05426032044833,5.53204272811162,5.15028716110163,4.99924798284876,4.58127373257168
"MN1",9.87571372940943,9.97432600531415,10.5696554091758,10.1117208746245,9.95168472265462,10.1108490163503
"APEX2",6.87271940713298,6.87743702785821,7.30158068721242,7.44474282247544,7.21005064912976,8.06472115701416
"NSMCE1",8.73013678680276,8.58109853610596,8.62854495853205,7.96706345031109,8.59135974874333,8.88958460612706
"CCDC126",8.91068724939637,8.8557640951874,9.02949824907701,8.75807702542315,8.98886871128201,8.87465841980021
"RAB3B",11.698883121139,11.8509149088049,10.9890582852722,10.3002424211573,11.0985933525993,10.0332806264328
"CD2BP2",10.6037062826998,10.3579267971053,10.4735590297485,10.9454942703396,10.8721802120316,10.9967109883938
"RSPO1",6.16034128042322,5.97458977678836,4.33057497578978,8.52159593582743,6.33784955861795,8.46009837150516
"RGS14",6.60979856227587,6.32990443424444,6.76238112537073,6.05671361986226,6.26245350803355,6.24225613351204
"TBC1D10B",9.03361949672067,9.02664801427606,9.02438124038737,9.23800928750258,9.27836757882288,8.80943375659142
"LMAN2",9.29078753500937,8.81278855898003,9.19573660328902,9.76085975679018,9.54502324749082,10.0316019001008
"RAB24",6.00844026539826,5.90657782030436,6.0767532850492,6.10134683232378,5.96229157958667,5.93108273336772
"PRELID1",9.82589593948548,9.77795852138629,9.70098438789616,9.95354437119301,9.81647230243081,10.0924486444491
"THBS3",9.27904815998446,8.9208034727136,9.30522964299305,9.78367282350272,9.34094868537437,10.495765546969
"CA5B",7.9238963428382,8.06683790162421,7.7715894574761,7.58907586411754,7.4456304628159,7.90048343971049
"SLC50A1",7.3751736125526,7.15054908264214,7.36043382064508,7.32802183081119,7.57764163262191,7.77672179555769
"EFNA1",5.79147317606317,5.6520241287847,5.63329680407505,5.66870520190303,6.09646749403237,6.13809210754304
"NPIPB3",6.04388889103782,6.39026961629101,5.78285907365734,5.39408088420441,5.63503194179442,5.69868419475818
"SH3TC2",5.6018543074561,5.51016048524524,6.67031052339294,6.29367165290976,5.61575483702208,6.81746123354231
"ZRSR2",7.65780710654654,7.75104724377962,7.03759706541257,7.29725485245688,7.66320747407373,7.31759826822496
"NMD3",9.71829582008289,9.78959877686562,9.93554840932711,9.80074155569636,9.71715488377369,9.89516745765007
"ADRB2",4.99520527768772,4.84495094307666,6.03261425473495,5.25661469107151,5.11210946503177,5.881557447727
"B3GALNT1",10.4912935477619,10.3978712895319,8.65530139640871,9.00596535396008,10.4296759629148,9.01056510285078
"GPRIN1",11.1606477956516,10.9280170945271,10.9157519441856,10.7679880834945,11.3860554499824,8.87840452188125
"KCNAB1",7.64731463068176,7.66556973088888,7.75923408296481,7.70678240824869,8.13911874261562,6.15160304901779
"MRPL1",8.96406543927637,9.07937681733752,8.82687773711074,8.88298778747015,8.86988525723704,8.6321061243264
"SHE",4.80259831140558,4.58878259651035,4.33057497578978,4.87127988604197,4.80549449477315,6.20421240927874
"PGM2",8.42331149666572,8.26866791815237,8.23474953725857,8.5328110900739,7.99014941412436,9.25911381849509
"STK32A",9.50746867642634,9.68355899210578,9.19345950387976,8.78175300944217,9.32864817832914,7.7967848029881
"IL1RAPL1",8.88434428296179,9.03379119653601,8.34585943003566,8.18703517703851,8.54949640346858,8.375008746827
"C22orf15",4.80259831140558,4.90491546544878,4.86296472820736,6.18598823092721,4.86095996838829,6.72590736183652
"KIAA1024",9.92709238178042,9.93389612354235,9.47040228525843,9.41276590271724,9.35678384736694,8.43738870961499
"SLC33A1",9.93245195471616,9.93198778223074,9.83256936404296,9.66157377810331,9.75348185295997,9.74957160191288
"SNUPN",7.89765744756007,8.00612109597467,7.90084240602467,7.78434487800204,7.70604305136319,7.9078720871362
"CRADD",7.32310766257761,7.32051701751159,7.23113467566778,7.61412392885074,7.45023632431756,7.41489349881731
"SIN3A",9.86229692761985,10.1011637607846,10.2144354031555,10.2229382683612,10.1533424585061,10.6047583727039
"ARL13B",8.76906808702757,8.83341345067355,8.80912566916236,9.16314136834373,8.78771523027141,9.55873672770113
"PTK2",11.8174226467104,11.9041849368133,11.9249588139337,11.842579164133,11.9090518305497,11.7937280041037
"RSPH10B2",5.62750733317344,5.28072429172865,5.41912560421338,5.3280834021818,5.34903754503733,5.73777627602365
"PTAFR",4.93817568778476,4.84495094307666,5.0153475618871,4.91404266993799,4.91093888395682,4.76371589021208
"PTPN9",10.1587377505891,10.1634783940768,9.82229683291484,9.88608930825607,10.03424859457,9.70707533684465
"NPR1",4.93817568778476,4.90491546544878,4.94418431550225,5.05921631031587,5.23931319139556,4.83010453277739
"KCNK9",8.86201692588972,8.58353757450613,7.90084240602467,8.07872935865574,8.50637443319229,6.62764561149741
"IL8",4.60390596466056,4.33057497578978,4.33057497578978,4.64396487703681,4.33057497578978,4.76371589021208
"SCN9A",11.9083178424813,11.9790736876751,11.3041277986372,10.5472629473342,11.1791742828943,8.6453676721399
"COL22A1",4.80259831140558,4.69525161239808,4.33057497578978,6.88646604084261,5.61575483702208,7.21301798050329
"SDC2",10.6204017141216,10.7165565609378,10.4707439152293,11.207793541011,10.6212301692676,12.7193492289075
"MMGT1",9.75385186122933,9.79695755945879,9.59806546082088,9.4643320496292,9.60437477464621,9.53641064098224
"TM2D2",9.67418116518536,9.51655993350031,9.33857891940322,9.47597424956749,9.64461161411216,9.53995889698491
"PLEKHA2",7.49746075667521,7.38423491701478,7.60881388150519,7.69678163213062,7.29991146090615,8.3318596655217
"CLIC4",10.4999811140625,10.6531189557511,10.9457933313722,11.5091812051956,11.0770818766756,11.5095826300148
"SLC38A11",4.60390596466056,4.69525161239808,4.33057497578978,4.77291247508709,5.23931319139556,4.33057497578978
"CCDC8",7.17640770575393,6.72179300651678,7.66296644002311,8.65071622892634,7.46851027478775,9.59329878168596
"METTL15",8.80697211819201,8.98671351322656,9.07475023047096,8.82036606718761,8.71198430133152,9.35491536353812
"ZEB2",10.4847433549281,10.6226896688135,11.2093731646381,10.9731224744025,10.2794004700604,11.0903730401937
"PCBP1",9.64313115830042,9.44339822117206,10.1348614839409,9.65219913352979,9.74610445194705,9.19301428746166
"HINT1",10.995908625575,10.9394571659263,11.064430562238,11.1131851311934,11.0447645185805,11.0428449157722
"DTWD2",7.63674370940126,7.58935303296618,7.62254778683394,7.82770536343745,7.53066194562847,8.30978741587605
"INO80E",8.61729127726925,8.18425478613742,8.38639790174872,8.70126645851703,8.95883563066749,8.65195278153725
"BNC1",4.33057497578978,4.33057497578978,4.33057497578978,4.55239249687834,4.33057497578978,4.33057497578978
"DFFB",7.75866388103475,7.62320475048297,7.57388309620775,7.5073267853116,7.72509344315077,7.4201057192974
"NFU1",8.76666554967739,8.7897539286858,9.05732098349954,9.08669864401928,8.95243215413596,8.93345524101333
"ANTXR1",9.02158711969971,9.26529951733079,9.81639377419634,10.6624804909683,9.42884672310481,11.6855685426899
"CKAP2L",6.73756065626201,6.81901835644222,7.75923408296481,8.119070193026,6.81438320244227,8.73698473943939
"C15orf40",8.06015644934267,8.10819213742006,8.10456986944914,8.03457943030103,8.06359804403511,8.1324028396901
"FAM103A1",9.03959815089769,9.05851664206322,8.69129571949293,8.95692065889233,9.1722099434197,8.57779943472958
"PROKR1",5.93418371095413,5.58358169504195,5.45827589049947,5.43553531135657,5.49165273270531,5.11466593771837
"APLF",7.28274489527678,7.30262350826576,7.85519030962788,7.64221678359325,7.67109281969654,7.36709066927881
"RGPD8",8.30889367961172,8.54900782042151,7.71512204712023,7.0338224137936,7.29478283853804,6.62764561149741
"HIC2",9.04158552640238,8.70048871907336,8.9906694493425,9.00596535396008,9.43918016460833,7.8047312544377
"LUZP1",9.8143294807949,9.80532184408172,9.79853813061987,10.046880193737,9.63565579242552,10.5024456918493
"HEXDC",7.77800158699728,7.47734248484103,7.57388309620775,7.97533633310703,8.11054322171175,7.15762512229537
"BUB1",7.34286011609801,7.57459293577644,8.7295597801929,9.12789076659748,7.6552779251961,9.66545480052321
"SPNS1",5.3344412562722,5.43072800972915,5.45827589049947,5.25661469107151,5.07654591073903,5.25394328805817
"LRRC45",7.35587515452893,6.72179300651678,7.22207310011052,7.85190101178858,7.66320747407373,7.60051823044533
"CHRNA5",7.90645762791727,8.10819213742006,7.71512204712023,8.19883872296122,8.0425635689601,8.41431335157591
"STRA13",7.9238963428382,7.68399881186436,7.95050833517773,8.34826887110313,8.34922393054717,7.91155206941919
"AGPAT2",5.40082433975998,5.09718127405855,5.29031095099465,6.05671361986226,5.37441071259404,6.59953871009217
"ASPSCR1",7.62609313702697,7.24126526423778,7.66296644002311,7.99716530369918,7.89267011812078,7.71898670555813
"FASN",11.2692224765559,10.8217865533213,11.3960103643971,11.1429851946238,11.5786766018788,9.1456463191189
"CNBP",10.996931811683,10.9188955791309,11.0092440469983,11.3014889397198,11.0059294394497,11.5938750834084
"DUS1L",8.10664516815297,7.58935303296618,8.08989141677383,8.18228632444168,8.61995388903716,7.75226551809383
"GPS1",9.9673339839347,9.48695966331928,10.0137163205969,10.2986052203509,10.3443357493421,10.0738103923701
"RFNG",8.07971114500789,7.30861351157057,7.92313041789343,8.14127076135559,8.3196089238137,7.55399145505369
"DCXR",8.33186933541099,7.99513266426283,8.29989991996498,8.6351974244968,8.78230730861149,8.59385229957226
"ZNF32",9.48575194320407,9.54556419363794,9.58596988757857,9.49039590691598,9.71148393831231,9.42440355969753
"LDB2",11.0452102887869,11.1962518450544,10.5314414683276,9.98306885539856,10.4576006540748,9.7165117297518
"RAC3",9.67033630852472,9.19537907854652,9.14714416613549,9.05209611921734,9.82699954673128,7.5867205581135
"NRG4",5.54851785949931,5.92395793531019,5.7255112363932,4.95373220111794,4.91093888395682,5.881557447727
"LIMS1",8.14796931794989,8.2777468188277,8.60471678266823,8.6996098123949,8.22156759349832,9.11264897361207
"C15orf27",7.76352308206893,7.63746793871332,7.39298538920024,7.02303275895578,7.59018729455927,6.36135507851925
"NLGN1",11.6587189973236,11.786129601157,11.2054278188027,11.0179145302055,11.24571993923,11.1603886103357
"TAPT1",9.80032607698729,9.9443470789281,9.72481751038521,9.70755339944846,9.80764047707362,9.56571578856142
"UGP2",10.6388739783066,10.664079127146,10.7003651495041,10.5250336614574,10.4899703810821,11.0125371145942
"TAS2R1",4.87482195210638,5.09718127405855,4.33057497578978,5.61949520913034,5.32290848716218,4.98896808752624
"LINGO1",9.31398296671504,9.15173610892029,9.29464757019393,8.86537253600958,9.54608585648881,7.32874891051753
"HNRNPF",10.5861355439103,10.4850345029342,10.7919190961731,11.8210768883638,10.8409357734345,12.6000105465973
"BTD",7.26211718638985,7.30861351157057,7.22207310011052,7.79062092261854,7.14865083799489,8.32362240762868
"CSGALNACT2",10.0196352068638,10.008229363147,9.80600488423103,9.68850372328698,10.1244785213911,9.31404336851494
"TACR3",8.52357874480435,8.52128187610374,5.7255112363932,7.77804094914846,8.05161635710236,5.75680447202851
"GSX1",5.43226952355336,5.13762512309315,5.33538540566403,5.3049269085433,5.26812364332126,4.33057497578978
"PCDH7",11.6110706143834,11.6025408648808,11.6447759887917,11.6047819601674,11.5614507394492,12.055370571035
"ROBO1",12.7447801633677,12.8984542660936,12.9939869746095,13.0071166522538,13.1813718814992,12.1012919433323
"ONECUT1",8.03633134806057,8.04924681186698,8.32931711803172,6.25557621208894,6.84320759903549,5.86456156907527
"AVEN",7.70408345195101,7.74228866356456,7.84354444978498,7.59986520168274,7.63928417600274,7.55871379354643
"P2RY1",6.63196100526831,6.70333499340347,6.6004284650849,6.52481329577584,7.06028027309134,5.77550668699715
"CTNND2",11.7866930896599,11.7007591144515,11.8097765562059,11.9109524014131,11.7971084119402,11.9489276461359
"TRIM56",5.70087603390657,5.60690679268508,6.57141063641404,6.7346503210604,6.50436191355333,7.54925324738034
"WNT10B",6.59857684600822,6.27946357496297,5.86366298223323,7.26124177581943,6.64378255741951,7.82049194481516
"REPS2",8.35448204461937,8.45086393308574,8.07506041228118,7.18629611924666,7.99641677579841,7.54925324738034
"MUC3A",4.7165496130104,4.33057497578978,4.33057497578978,4.33057497578978,4.56883750728876,4.33057497578978
"SYAP1",10.0710773565894,10.0324759432174,9.74826287174624,10.1826743200657,9.86495464787306,10.4079266738012
"TPST1",9.98704120676161,10.057197096982,9.71215558183172,9.64877499289082,10.0151977892167,9.26198228739529
"TOR1AIP2",11.2662553618379,11.245085345079,11.2726907930333,11.2496242747252,11.1276130540378,11.6924883854886
"TM4SF1",4.7165496130104,4.69525161239808,4.33057497578978,5.74594758405598,4.80549449477315,6.03906618111504
"OTUD3",9.60335337893976,9.58375525699587,9.50568946027502,9.38627352123666,9.53328252325159,9.3318971846777
"OTUD7A",7.75378797125387,7.66556973088888,7.67618662531909,7.52254730534119,7.42705447367088,6.38389343266527
"GUSB",8.15903505160868,7.91962668990232,8.26986526502253,8.48163738781847,8.37344359628965,8.7635702929894
"BRD3",10.0125679734223,9.95753963990719,10.2498996460247,9.99255244431475,10.359518734126,9.64473418188173
"KLF13",9.96524378012194,9.83626256461779,10.1324882058438,10.4240385360309,10.3528579074522,9.73416917255546
"FRMPD4",8.43244623192903,8.38802243974816,7.88956606158594,7.71010036661018,7.91932429112947,7.03285808344634
"ZFPM2",9.06717462180755,9.26681537460295,8.70416402517429,8.70292119560457,8.38778118877184,9.00543694179581
"ZNF764",7.55483479848096,7.54460119313592,7.58093875215175,7.65605657597473,7.7916296063901,7.28360218235551
"HSFY2",5.3344412562722,5.48441204341114,5.33538540566403,5.20526093226038,5.32290848716218,5.07532107295397
"ZNF747",6.86349994425119,6.70333499340347,5.29031095099465,6.28425515241289,6.66022149182736,6.57082196690698
"ZNF768",9.23632262986296,9.01766886113101,9.19573660328902,9.25950623978589,9.46637895600429,8.90619337077487
"TAS1R3",5.46268370782665,5.13762512309315,5.41912560421338,5.45558649408591,5.57607598002124,5.18746296578136
"TMEM42",7.05321028673673,7.00968649119216,6.44847108684433,7.53760511214378,7.71369398086317,8.27317766751525
"MAP3K2",11.2860613259063,11.3848297964564,11.1952328143627,10.8648267250773,11.0093984344188,10.9583578106287
"PUSL1",7.01234157832621,6.75796460995273,6.90692282347899,6.90430184754237,7.24243215644684,6.48070743372353
"SF3B5",9.24151715319762,9.04089908174097,9.30944079031773,9.58928393812565,9.55877640225768,9.4192745582391
"ZNF35",9.33842741892492,9.20014760361899,9.53114833806895,9.28951268396801,9.08711504047757,9.04429341443123
"TIGD4",6.64290506183329,6.72179300651678,6.77503369616368,7.15219202138481,6.68450597902808,7.80868786012119
"IFFO2",8.6146206254352,8.52382468248111,8.59783542490088,8.20118777878336,8.81268649943107,7.79279483069123
"NLGN2",9.45329650431033,9.39709472954062,9.93554840932711,9.20223113617343,9.06057327763718,8.7956296465034
"CHD3",12.9905728442922,12.9564924247096,12.383514483442,12.9200203218049,13.2920772332592,12.3292793679776
"TMEM154",5.3344412562722,5.05426032044833,5.7255112363932,5.28112095084593,5.20943279770974,5.54910236469605
"MYRIP",6.29551855050175,6.19979772223188,5.07933519419276,5.58533341826546,5.91887334582027,4.98896808752624
"ALCAM",12.2602578910975,12.3082355879663,12.1258763765816,12.1660782471046,12.1144898016218,12.6726031267308
"YWHAG",13.654104876549,13.5820802491008,13.1640669485583,13.1888503725781,13.7421280458647,12.1457965467107
"UBE2E3",11.0837621295878,11.0548373429806,11.4772563590861,11.3364763545657,11.1494377751104,11.1433950045214
"CNTROB",9.41550517079529,9.1335691036514,9.16352462122878,9.28951268396801,9.50951005048051,9.21093973016392
"TRAPPC1",8.48313792825853,8.14507566255721,8.1711419178634,8.37761526210994,8.66963954531538,8.3908602425552
"ZPLD1",7.2895535690056,7.27840315363716,5.63329680407505,6.88646604084261,8.49538823886037,5.50195500208462
"KCNAB3",6.17610689899361,5.92395793531019,6.03261425473495,5.91179944389842,5.88899535302041,5.69868419475818
"GPR37L1",5.83411797820783,5.55970553524277,5.93909051704448,4.71402308857299,5.29596108369109,5.15195654074678
"SIMC1",9.13388832793336,9.26984230914643,8.90971770521768,8.79732297415832,9.0456134792976,8.45004958824174
"TMEM192",9.04555205928148,9.13688930019841,8.90693922358983,8.69296404871754,9.06354665946576,8.62542911699738
"ZNF778",9.1851181449304,9.09653218965331,9.19573660328902,9.05856710290398,9.16253760076887,8.59156999981621
"NIPA1",10.9197243417726,10.781035182449,10.3088871446537,10.4175166165287,10.7025371120944,9.95484754360088
"FOXD4",5.74711795931809,5.88893120691801,5.78285907365734,5.6525587184268,5.87375914045291,4.98896808752624
"UBE2E1",10.2964391964619,10.4184585460572,10.2887812997289,10.663752750366,10.5307786573196,10.682753890212
"HNRNPA3",11.4496888026839,11.6150786699611,12.1228915098402,11.3120745542165,11.3062001381356,11.099212966122
"SIK2",11.2139779297639,11.093753290366,11.0111825993481,10.7860148119654,10.7087151177166,10.8695521150425
"RNF150",10.9820241011715,11.1522764819229,11.1354668767918,10.5491000137828,10.9060745197191,10.0474714221044
"CCDC144A",5.67698376420325,5.90657782030436,5.83737023149546,5.39408088420441,5.20943279770974,5.03357482878391
"CHRNB1",8.42636288355448,8.20344870999435,7.82589467947357,7.9917393367228,8.20275064115967,7.9406542465097
"USP38",10.2019788976978,10.198820820855,10.1024878261255,10.1154457175431,10.1273200900368,10.2630965458149
"SLC16A5",4.60390596466056,4.77662214806139,4.63910910251109,4.33057497578978,4.56883750728876,5.18746296578136
"NANP",7.54354537093579,7.54460119313592,7.3271073717309,7.09170070117212,7.199087088906,7.22503328181531
"ANKK1",4.7165496130104,4.84495094307666,5.19204933581343,4.77291247508709,4.66714835127326,5.47749470033185
"ADRA1B",6.35123217836489,5.95795537545197,6.03261425473495,5.51331587387945,6.03126530424217,6.02423069666386
"ADPRM",7.58266920398658,7.72015244174919,7.63614948010193,7.4685394090624,7.54363062364894,7.51563211554337
"FABP6",4.80259831140558,4.90491546544878,5.07933519419276,5.15028716110163,5.07654591073903,4.83010453277739
"PWWP2A",9.8566695227322,10.0055099518892,9.84422044190428,9.90271246980339,9.97474687607924,9.58987964941719
"USP47",12.1746886606866,12.263617521584,12.0813645078245,12.1024582526126,12.1358059975118,12.3314975057519
"PDCD6IP",10.9512105503769,11.1018363545889,10.9772065664657,10.9503675663708,10.8239619466746,11.1523029944582
"ZNF212",7.58817079353714,7.57953014147469,7.47120541838317,7.93064825240026,7.98385436074853,8.14805536708478
"FAM161A",8.81396913356261,8.98855297640755,8.73583916653005,8.67284018235232,8.80914563565002,8.82310651357793
"ZNF282",8.7738611411883,8.53898756336514,8.90693922358983,9.06629405646042,9.35435897433361,8.71619412677721
"GLB1",9.52886286651649,9.5873979996678,9.62364758391196,10.0866395770392,9.43114945909271,10.8501636295461
"C14orf142",7.32972286304845,7.36714293893297,7.35217632584177,7.7200078598636,7.35511793614766,7.86675109047803
"FAXDC2",6.40461685682177,6.17206882112393,6.46448655819503,7.62119967607547,6.9593212858361,8.60972755787944
"CRTAP",9.1357497162713,9.22219418962858,9.35903667418322,9.32321053039205,9.32369840158317,10.0449772927571
"ELP5",8.99311383673768,8.86179988105892,8.73583916653005,9.16793645687586,9.21695252228468,8.68870837862989
"GABARAP",6.77757659703764,6.67516177549202,7.0271704621372,6.83772806653164,7.18247781860919,6.96956810339794
"STX8",8.76666554967739,8.84767674792207,8.75451427131424,9.01397929669736,8.86818499416702,8.90067840911913
"CDK1",7.91955666087489,7.84398320320908,8.87317169905804,9.88826844960231,8.31461296790953,10.4798520090253
"UBB",12.5855756310547,12.7610984606048,11.9932356199772,12.9959658845918,12.9530588025401,13.1555708715034
"NFRKB",9.36880632694728,9.27286289268798,9.47415769676147,9.68432895347536,9.46413190467596,9.83387289626321
"FRMPD2",4.87482195210638,4.84495094307666,5.3782345210694,6.10134683232378,4.91093888395682,6.84138999912851
"PRDM10",9.92171280676643,9.87353011455324,9.78348755889255,9.59017684304039,9.82699954673128,9.37094476386717
"B3GNT2",7.99983014660569,8.09454011614963,7.99324667467734,7.96706345031109,7.74015144791177,8.6321061243264
"FOS",8.9786629802486,8.17131409702859,8.12870343458196,7.79686933256452,6.33784955861795,7.86295316522848
"TMED10",11.8780960856606,11.9215933919377,11.7717870819901,12.1433084524279,11.8185779764751,12.7156961306704
"SETMAR",8.64895738851833,8.71167643987149,8.92901816256516,8.73076386324414,8.71577261749427,8.7635702929894
"SMAD1",9.05738645449597,9.07764997547205,9.09928848577034,9.13157768414237,9.3199748703128,8.97077379830165
"SEMA3E",8.74973432875822,8.74472599239879,7.96668587520299,8.25869370048115,9.37244676578344,6.43857020096946
"LRRN2",8.87322395600214,8.69824067719828,8.92627676657856,9.59463308566578,9.10886517354124,10.5252873417986
"SLC30A1",9.06130971675503,9.14680417259033,9.20254636568912,9.35823642387804,8.70246955679619,10.0240233463816
"DCLK2",11.7361222710492,11.7492307781099,11.8715432665253,11.8882776484475,11.5090481334245,11.8642504993394
"ZNF804A",9.61673503043875,9.66299336912098,9.59806546082088,9.18931881856801,9.18591577809382,8.40393712176816
"GPRC5C",6.04388889103782,5.87100821421757,5.3782345210694,6.19617072220197,5.81067810207035,6.71726694632154
"TMEM182",7.10070481615422,7.21594487438752,7.22207310011052,6.88046848910133,6.96585350046218,6.94047352051505
"VSTM2A",11.5328116615857,11.5397299335552,11.0494163743309,10.6150385933321,11.4133704885305,8.92261244559331
"KRT8",4.80259831140558,4.58878259651035,4.33057497578978,4.99090412180236,4.86095996838829,6.09663944422455
"ADORA2B",6.91790282534075,6.81901835644222,6.03261425473495,6.14439749474012,6.13396671442646,5.93108273336772
"SDR9C7",4.93817568778476,5.09718127405855,4.94418431550225,4.99090412180236,4.80549449477315,4.88837907797739
"MGMT",6.72736783383392,6.12926986364968,6.27629400697231,6.34874784099573,6.38909414439227,7.17633604835938
"METTL7B",4.33057497578978,4.33057497578978,5.19204933581343,4.91404266993799,4.56883750728876,5.54910236469605
"HARS",10.7036064985809,10.5486721202098,10.5599757163722,10.5114355207602,10.7015842964606,10.3910078168381
"NFXL1",9.32869938005294,9.48174912088029,9.29039286680889,8.96796493881151,9.22228255718215,8.83665040334435
"DENND5B",11.6951057841243,11.7627092000487,11.7858204031069,11.4236607743113,11.6557134849452,11.3634812052899
"CD14",4.93817568778476,5.05426032044833,5.19204933581343,4.91404266993799,4.91093888395682,4.33057497578978
"DNAJC18",10.7781115496419,10.7693299214461,10.43748832202,10.3558792333017,10.5917055302239,10.0316019001008
"SPATA24",6.22223378738274,6.14370258404416,6.3126379774091,6.70759898081338,6.25130538879973,7.37785530753697
"RALGAPB",11.4014380310288,11.5179582133035,11.4716359275217,11.2698149274002,11.3236438286129,11.3866412304857
"WIBG",8.37358412581227,8.25647238048532,8.07506041228118,8.50080420703922,8.53883685259872,8.22384451131824
"NPAS2",6.74767673763211,6.64638115531134,6.62882379950556,5.6525587184268,6.21725309445207,5.11466593771837
"LONRF2",12.6463358019417,12.7059329398016,12.6197216413799,11.752785440888,12.4729633747112,10.9472733894846
"NUDT9",8.56291035292436,8.51618269687899,8.53076178760897,8.61775520212101,8.73643159593757,9.00029043092283
"PA2G4",9.97773978179248,10.0226468827047,9.74671165890383,10.1755556610697,10.0440564066893,10.0557541601154
"ELOVL6",10.2134702596327,10.3479442502354,10.122955833122,9.74571504013572,10.2293663061528,8.73077909581354
"PFKFB3",9.54014449831249,9.25769619590342,9.74826287174624,9.39958062950238,9.58382697032583,9.0139737471853
"TMC7",7.46787238298213,7.75104724377962,7.50874119576164,6.80635310863938,7.34524114011646,5.9629602809734
"ARL6IP1",12.226854803569,12.2902930492783,11.9698374495713,12.3326233210107,12.2975999199869,12.5686754615937
"SERPINB9",6.54099217405613,6.43659925234347,5.75456202992873,5.45558649408591,6.3482640446452,5.07532107295397
"SMAGP",4.99520527768772,4.95891832408665,4.7660846074949,4.71402308857299,4.74232802187034,4.76371589021208
"IRX1",6.90898517037246,6.51389521262857,7.56679197810507,7.70678240824869,6.83605876652294,6.87265238011493
"CDH2",12.8633998662996,12.9237513223958,13.126559636769,13.3182768849496,13.020791566992,13.784634534306
"IRX2",9.50746867642634,9.3478214101427,9.15184335248517,10.2903912164697,9.8852437496453,9.19751662073347
"EMB",9.26381263972206,9.42993339533797,8.91249082736972,8.93316606974582,9.29995175138841,7.37785530753697
"SIX2",6.37820212442732,6.5245731111976,5.07933519419276,6.89838247972714,7.13142268535155,5.11466593771837
"DLGAP1",9.04357016000457,9.14020185378065,9.45147693762016,8.78644174133763,9.08419002083006,8.55689254420254
"STAT2",10.1805204210603,10.1964384365039,10.3067838933604,10.6018243805378,10.3059773278293,10.849211150065
"NUDCD2",8.89757610611581,8.8896365274247,8.920778243449,9.18577707948806,8.92816188818415,9.24468510733243
"IRF2BP1",7.94966016818804,7.57459293577644,7.79598198249195,8.09904230004491,8.3925286683297,7.33429105777317
"HSPA4",12.1530528699065,12.224605271843,12.0104577687204,12.3374140738625,12.2375752588635,12.3726754436402
"SCRT1",7.0612404615827,6.85270764240235,7.78383813845146,6.99568221814795,7.51318256092913,5.67858866699434
"COMMD5",8.15903505160868,7.91574418510972,7.86097764282631,8.16794432804148,8.20545399040981,7.86295316522848
"SGCD",7.0771618631557,7.46135385014444,6.72369361431858,5.96211569431352,6.94616259821542,5.59411117987997
"DPY19L2P2",9.27398754712326,9.33342799158471,8.82098471473035,9.0739797299561,9.40092282443618,9.1425361134181
"ZNF16",8.86201692588972,8.80654292034083,8.66191329916477,8.77861866539099,8.83200680950523,8.58928406404957
"ARMC10",9.08076712991475,8.89553203123552,8.80016670972546,9.20223113617343,9.10598408235495,9.58530814745917
"RNF34",9.72572456602171,9.72493284573832,9.68487379556799,9.95423789993942,9.90938471586958,9.96807339380783
"ACYP2",7.60454807259589,7.92736006298722,8.05504282183853,8.05552620041401,8.08432684921098,8.31533747103444
"TRABD",6.56432869610102,5.83429039028268,6.6004284650849,6.64465633337608,6.82164699980973,6.34993536391042
"TMEM133",6.35123217836489,6.26653250017841,6.73671357377245,6.7346503210604,6.18224393265002,7.26628849061589
"ATF7",7.68882550855379,8.25033539374865,8.17578040881632,7.89327677938522,7.59434452332097,8.2674613148579
"RASA4B",4.93817568778476,4.95891832408665,4.33057497578978,4.77291247508709,5.11210946503177,4.33057497578978
"SOCS6",10.5299819660324,10.4882839678728,10.4112995522247,10.5076616350452,10.3935496049905,10.292128505617
"MURC",8.32860959222088,8.52128187610374,8.1711419178634,8.41852229954071,8.37823875941362,7.73987735564204
"ZNF296",4.80259831140558,4.84495094307666,5.0153475618871,4.91404266993799,5.07654591073903,4.88837907797739
"BOP1",6.63196100526831,6.14370258404416,6.3126379774091,6.48500758652161,6.73179084413284,5.8297852851543
"POLH",8.45353685457023,8.44550755057841,8.93993177466995,8.88152806691774,8.66180450307836,9.19301428746166
"SYT9",7.95814552402036,7.94270187356128,5.07933519419276,8.36301724296441,6.21725309445207,9.07887711853843
"KCNS3",5.81299943796065,6.186010907159,6.14008014374634,6.02211641227821,6.10909595759182,5.25394328805817
"KIF5B",12.331739029624,12.4316657147805,12.3596236682328,12.6429039463866,12.5008867392895,12.666263297151
"GPR37",7.91955666087489,7.82338929223941,7.70870670740222,7.62824016405039,7.83781430859603,7.40966184429143
"AKAP13",11.849495018016,11.8164321940549,12.0414547485131,12.0087966790885,11.7541055133188,12.5870725767368
"CDCA4",6.76768353188172,6.69400971602305,7.21295211595265,7.75575392497685,7.21005064912976,7.63219804937138
"CHCHD7",8.76906808702757,8.68012850292475,8.85886436827283,8.78644174133763,8.85279143390419,8.47998702889976
"HTRA3",4.7165496130104,4.58878259651035,4.33057497578978,4.71402308857299,4.33057497578978,4.58127373257168
"FOXN2",10.3252418426685,10.3699562853939,10.5260278695908,10.3342011033817,10.000548911285,10.220265550237
"USP32",11.6567782415141,11.673617083991,11.4219857851125,11.0744899814013,11.4430309789652,11.0069963491394
"CEL",5.6525384434395,5.62971160557788,6.11933501176659,5.68460767469218,5.96229157958667,5.45239055899795
"PPM1D",9.13015831234546,9.32763009518005,9.69938140990519,9.84853076892577,9.50842010591477,9.51373309027436
"GPR27",9.09039803745238,9.04973483161436,8.81209961871537,8.33122543394606,9.1415896217606,7.53494230908478
"KBTBD2",10.4410502656634,10.4320218937959,10.5105780524588,10.4155039234635,10.4905221573386,10.291427319361
"MINA",8.58217900268261,8.60530433401648,8.44129076856599,9.07780722443661,8.42300960856741,10.0516187394379
"TRIAP1",7.88880247875315,7.72015244174919,8.34174173769797,8.34614950452169,8.1191760897541,8.46509646646879
"LSM3",9.32869938005294,9.35781187672429,9.31363965669937,9.49707691685485,9.38556822620313,9.45855463613502
"LILRA3",4.80259831140558,4.33057497578978,4.33057497578978,4.33057497578978,4.56883750728876,4.33057497578978
"KIAA0232",11.9968954570555,11.9997102969612,11.9365650531761,11.8810041401999,11.8941182035699,11.7852878151304
"MTSS1",11.3987310232426,11.3886599910019,11.4828549774297,10.8856930979394,11.4335943342824,10.3451209466247
"TMEM43",10.0505230908115,9.94150432456766,10.0405466893855,10.4881639297544,10.3697526006365,10.7849147049916
"RNF139",10.0524933142623,10.091793509789,9.68325278521114,9.92127587986723,9.84782613113958,10.1076657741991
"RPS9",11.0614397109192,10.6444069677768,11.5408121746103,11.6823555890418,11.4698574212575,11.581598295989
"CYTL1",4.33057497578978,4.33057497578978,4.33057497578978,4.77291247508709,4.74232802187034,4.33057497578978
"TSEN34",8.52926401365878,7.96164951102611,8.41018140881965,8.93879079364195,8.57058076976177,8.91533821890828
"TRH",5.49214979402744,5.40267998277688,5.33538540566403,5.81805978469791,5.55563637036578,5.34453517938545
"GSTA4",11.4836608346607,11.4575779064468,11.2110607293801,11.2311506488738,11.3672534119891,10.7050372703749
"MSANTD4",10.8478224618156,10.9308856300242,10.8231527296166,10.5705120604572,10.7096632356636,10.4066322473138
"NDUFA3",8.75701501608071,8.49300929790695,8.56645426454561,9.07014202555374,9.06354665946576,8.8858675645699
"PAQR8",8.41411815025139,8.48780839229266,8.50523779269717,8.64211539283331,8.5789285082514,8.74110698940196
"NUDT6",7.36877029660064,7.12350224223334,7.22207310011052,7.34530362566354,7.29478283853804,7.83219871463206
"TPT1-AS1",9.39855757657233,9.59465596989111,9.43615555057683,9.08162456332603,9.17083215375322,9.26627430247844
"TANC2",12.2048865808289,12.346690256276,12.461669216004,11.4309013294165,12.0683040456726,10.5169140290116
"PKHD1",7.31646100731947,7.57459293577644,8.96151359439377,6.26520864888704,6.41888706613282,5.91480976668293
"DNAJC24",8.86426533335222,8.86980836905748,8.88168823501977,9.00462534486354,8.73643159593757,9.09827227609654
"ZNF160",9.92709238178042,10.1305793854832,9.94369410769911,10.1110991307884,9.89277913317022,10.2099127298903
"ZNF415",8.53492683408696,8.75341226294318,7.49384682798959,8.81119312613597,8.8867781799847,8.54278339593474
"PRKCDBP",4.60390596466056,4.33057497578978,4.33057497578978,4.33057497578978,4.33057497578978,4.33057497578978
"DCDC1",7.20556841239305,7.57459293577644,7.49384682798959,9.38421531582686,7.55648106711701,10.4749199963691
"HAS2",7.66822231500951,7.63272951889504,7.83768552609725,6.60835857260747,7.01072782128493,6.75992371440338
"PDGFD",7.58817079353714,7.63272951889504,7.68928444166657,7.93631157952285,7.43637318374401,9.48702095092543
"S1PR1",9.04950768501134,9.05149548767832,9.62702447013151,10.0879040591275,9.60946626106346,10.1345019093435
"HS6ST2",10.1614786495613,10.2278844044956,10.38960321339,9.2950014488377,9.71337673421076,8.5984060374396
"PYGO1",10.5806858112781,10.8264153943874,10.8530038998499,10.6380918465218,10.7713540035435,10.1874745903652
"PKIA",13.3643722650532,13.3489178742855,12.9402330064628,12.7621125895238,13.4228331078845,11.069669694199
"XKR6",8.91503119280458,9.3159637895208,8.98541216167722,8.02398951022514,8.46191531390061,7.64112048431256
"TSNARE1",7.33630691398512,7.08893281579373,7.45590604430278,7.54507410269512,7.68283904712796,6.80127051198349
"FEZ2",10.0613261502376,10.198820820855,10.3287164980388,10.6488394296626,10.1972742082339,11.3139452785521
"SOX7",5.29925920898593,4.95891832408665,4.86296472820736,4.95373220111794,4.80549449477315,4.83010453277739
"C11orf24",8.37674317942589,7.94270187356128,8.09969380630289,7.95037209575121,8.16713366873259,7.95141596036535
"FAM86JP",5.26254826080776,5.43072800972915,5.41912560421338,5.68460767469218,5.29596108369109,5.81198514857821
"ALK",9.56106234284132,9.41360765754929,9.78651027341612,8.0266443740023,8.81268649943107,7.56811129503746
"CCBL1",7.77319182083642,7.84806640040306,7.59494511401459,7.69007498685752,7.91601970225924,7.35624264735902
"MTM1",8.67738350087334,8.61487346962936,8.80315924048954,9.0073041157683,8.47091812757228,9.51252958812337
"TRMT61B",8.62792446314032,8.47209150018622,8.48299253765297,8.45042725300099,8.65195018122067,8.52614536735095
"INSR",10.6197375945016,10.6030403685205,9.6636570750972,9.71493960390413,10.8560004667633,8.29581737308345
"MFN1",10.9224194817672,10.9270596468983,10.6364905522819,10.6167913758071,10.6668568460458,10.6960592399293
"KCNMB3",5.76951971169128,6.06976574579927,5.69565584988958,5.80400878913798,6.04459192115025,6.15160304901779
"FUT3",5.14109345202186,5.43072800972915,5.13786241172375,4.82464481268825,5.11210946503177,4.58127373257168
"KCNG3",6.49303627369584,6.47028950760066,6.73671357377245,5.37262261357025,5.94799804642505,4.88837907797739
"ATP6V0E2",11.5714419255326,11.2592285650991,11.0743538950434,11.0212267938469,11.4787825261493,9.95750243917388
"PRKCE",10.6480221384366,10.5260847217984,10.3665661472964,10.0239414854805,10.3643437197003,9.38285079612583
"OR2K2",5.04742567774093,5.37374005388151,5.07933519419276,5.15028716110163,5.39908280147121,4.76371589021208
"JAGN1",8.45950617542595,8.35981600411131,8.35814192546247,8.56229638345275,8.26884667424514,8.60972755787944
"TADA3",9.90327060302018,9.61621304865666,9.87294263166118,10.2269608942263,10.0833655787661,10.2702315945105
"SOCS5",10.4144908997214,10.4441207841531,10.5359373287669,9.79455810801377,10.0833655787661,9.78388608338851
"C1GALT1C1",8.01616840558309,8.11496949348091,8.09480102749024,8.31830835495262,8.1076539584255,8.66720157104918
"C9orf16",8.48020517670868,7.90403269295821,8.82687773711074,8.85052643171638,9.00751883344009,7.9078720871362
"MORN4",9.66003291661576,9.73481966210361,9.34063782382317,9.33284785401494,9.72655714680067,9.06415721364255
"ZNF672",8.55178237037359,8.36550191101615,8.44896371376296,8.67621380842172,8.84070362922729,8.60520966262231
"ZNF692",9.01755385566988,8.68012850292475,8.80912566916236,8.98573293344925,9.25125010677828,8.375008746827
"NAIF1",7.4376478785882,7.4011209497998,7.44043827095953,7.51495760913922,7.60262243590723,7.6455606716121
"RBKS",6.46838189693335,6.60701201275565,6.18054720532947,6.30301855394286,6.27350364256348,6.40604308854489
"GRIK1",10.3622423993751,10.2939997408136,9.87436382595487,9.59996244648262,10.0686575612829,9.2198194259136
"TMEM126A",8.26522052484028,8.25953102712355,8.32097371919403,8.40025855214641,8.2636699680789,8.23853175849234
"TMEM126B",8.68503938204081,8.71167643987149,8.81506742590681,8.75009751507205,8.69289134719179,8.92261244559331
"TRIM8",9.06522230888423,9.01044496034907,9.29888973713469,9.20456643540401,9.44943999520147,8.73077909581354
"NETO2",11.1436561378002,11.1489955023446,11.2892939265717,11.4582841945272,11.1948317458786,10.8193679137193
"CDC42BPG",5.29925920898593,5.09718127405855,4.94418431550225,5.02596345433389,4.99924798284876,4.76371589021208
"SCAND1",6.81643943712401,6.57669813123392,7.16642702427941,7.21487597511706,7.56498342446013,6.91823902392529
"JUNB",5.74711795931809,5.34383018699978,5.98677983682015,5.60255728389094,5.34903754503733,5.47749470033185
"C10orf35",8.09131659757039,7.97289824292198,7.75923408296481,7.81237106313595,8.58100787571213,6.80127051198349
"UGT2B7",4.7165496130104,5.00838899562681,5.13786241172375,5.45558649408591,5.11210946503177,4.76371589021208
"SHCBP1",6.22223378738274,6.49227442759739,6.83657729618024,7.31930017347531,6.19402372481779,8.15426865862903
"SOSTDC1",6.57584372992704,6.60701201275565,6.76238112537073,8.22677577399742,6.9395354864449,10.2723652425412
"NPTX1",9.02761588958365,8.77916030269832,7.70226217510557,8.64038902406979,9.23156288954906,7.388537870084
"FAM98B",8.96615989634526,9.05501034833309,9.31991508587784,8.89461249430765,8.66376727607359,9.05921691820462
"ZNF439",8.79051201102661,8.96071088454157,8.74831617567287,9.49993074806541,9.56926712464467,9.39073381408231
"ZNF440",9.59391171840989,9.62451001761679,9.60150276911291,9.5485194464961,9.53435382461718,9.3481834233106
"GAA",7.96658061404491,7.40670473789636,8.01414446739986,8.25869370048115,8.4160328858863,8.02455368757363
"CANT1",8.7545922182861,8.41568412165511,8.90415536165726,8.9204294067061,8.98416814546324,8.75544240551484
"KCNK3",8.7545922182861,8.70721180545217,8.71691803825858,8.12650880137662,8.44373824376095,6.78488350934427
"ZDHHC16",9.75021406753562,9.7906523347536,9.55793548327086,9.67930321153188,9.63465725623364,9.99071461645565
"CHST11",10.1614786495613,10.2670083500095,9.89271295468413,9.80843374395591,9.9888779322909,9.40766708065872
"EXOSC1",8.79051201102661,8.5859724737242,8.78510984397774,8.61424117511111,8.80203762333912,8.61872090139936
"PGAM1",11.2349433532048,11.100138416918,10.9712439879982,10.780161250975,10.952467344006,10.4637609070971
"CHD7",10.9840895202154,11.1220572229319,11.8679822231322,11.9926901779224,11.4740479405747,12.1585385999634
"ESCO2",6.58725916525107,6.47028950760066,7.43264003745993,7.76534842315017,6.53165229568474,8.43738870961499
"LURAP1",5.89520136979655,5.62971160557788,5.98677983682015,5.83193623690723,5.63503194179442,5.91480976668293
"CLCN5",10.4129583455159,10.3493745663013,10.2189164299735,10.144295417351,10.4761069121712,9.83868152352171
"TPPP",9.90108533718409,9.70830257160587,9.90388971251469,9.64791768478496,10.0478109462072,9.41412722557302
"KCND3",9.82934785379102,9.69935398818343,10.4220265259559,10.1271779642391,10.0493100284272,10.1600796064063
"APLN",5.81299943796065,5.79633174395148,5.60065691610817,5.73093733123111,6.18224393265002,5.3153992589889
"PDE7B",8.54898683365936,8.63617355566335,7.14737131843771,7.10196809322995,7.53932097779064,7.3724833288726
"MRPL36",7.7827951013011,7.66556973088888,7.91203005704628,8.09145879024988,8.09895091182468,8.18796695439066
"ZNF581",6.77757659703764,6.73092761276427,7.28429996695587,7.1222768919252,7.19357270284301,7.34530990145589
"NAT1",5.36825224778896,5.6520241287847,6.36527543281753,5.71571562153576,5.34903754503733,6.1912683413666
"KSR2",9.61406862449296,10.1230724993668,9.90667041293327,8.10156120849626,8.90015102299955,6.68213699712675
"ZNF524",6.02629639048941,5.75702651981449,6.20029399103025,6.40154607385148,6.5226185101805,6.24225613351204
"MCC",9.4944779645835,9.56909147678651,10.5801415015028,10.3772362918685,9.42999855131585,10.972860021987
"ZBTB26",9.12641860295638,8.98118096489675,9.2537110262552,8.66945861021299,8.85107081666072,8.7266270537123
"CDK5R2",6.4305009759227,6.62684248559454,6.21973164683618,6.15492760336544,6.63548630992359,5.28523604052962
"DSEL",10.4898405182799,10.5152942161891,10.5528949077325,10.6004962756753,10.438281910095,10.8406104114656
"POLR1C",8.48313792825853,8.48258855057135,8.53076178760897,8.59654079746363,8.59958780847003,9.05260335548658
"ASXL1",11.0267938416306,11.0233785281535,11.0897237130437,11.012266167203,11.0473917194131,11.2497134639833
"DLK2",6.8354600493058,6.64638115531134,6.52664985962964,6.49306630528759,7.09036942125385,5.15195654074678
"ZNF562",11.0137104296453,11.1362107469983,10.9088362061253,10.6294357392426,11.0315562549207,10.719182612431
"ZNF318",10.438039549749,10.4501323756977,10.410320404458,10.2870924686048,10.4302512932843,10.1337196995219
"ZNF561",9.54715091501571,9.72272653330518,9.93009225816982,9.94589345139636,9.69816429285505,9.93971006962977
"MAP1LC3B2",5.04742567774093,4.77662214806139,5.07933519419276,4.55239249687834,4.91093888395682,4.58127373257168
"WIPF2",9.98188115960508,10.0217499997368,10.0201499429813,9.6590230997001,9.64262623659658,9.56919268141549
"HOPX",6.00844026539826,5.79633174395148,6.69726825935597,4.82464481268825,5.4465120496375,4.33057497578978
"LRRC8C",7.96236931453113,8.05982747804389,7.40898199943496,8.30308959658247,7.96159997772213,9.20349790702709
"RSL1D1",10.9438012048764,10.9737065614045,10.8857761120695,10.8007383753637,10.8607027716386,10.8854350193258
"LRRC8D",10.1912895790064,10.300669376438,10.0730879900817,10.38033535202,10.3009526911969,10.3599107093407
"PPID",9.26890908258958,9.20806020534668,9.13295382899122,9.24709979315887,9.3700481470016,9.69439658053551
"COL24A1",8.24114001093791,8.07381404238375,7.48634011036382,7.81545119961751,7.6671556408761,8.37234968959896
"ETFDH",8.55735715223255,8.70048871907336,8.46039665322925,8.59297437018921,8.36380483164449,8.82310651357793
"LPAR3",4.7165496130104,4.90491546544878,4.63910910251109,5.02596345433389,4.56883750728876,5.59411117987997
"PTGER4",5.49214979402744,5.62971160557788,5.0153475618871,5.43553531135657,5.42310223496893,4.88837907797739
"TBCA",10.1895002958792,10.1780415231944,9.87720201753689,10.200318703871,10.3197054753606,10.1012781269036
"NEUROD2",6.88187679516349,6.65604391987176,5.86366298223323,6.3841869298852,6.53165229568474,5.45239055899795
"MAP6",12.2192039198127,12.2323763287211,12.1306393548029,12.0797655936927,12.2854116712317,11.8980294597575
"ECEL1",7.14662114384871,6.53516475243763,7.93962027758522,7.31930017347531,7.6432996066977,6.27917803362026
"BCL2L1",9.93672531129211,9.69034948702734,9.62026276459832,9.76323654591077,10.169284954328,9.75771941185143
"FGG",5.93418371095413,6.05442078166421,5.69565584988958,5.68460767469218,5.93352705716022,5.59411117987997
"FGA",6.28119912210877,7.05347576660264,6.23887088147353,5.94973919615279,6.3482640446452,5.89830401412361
"FGB",6.02629639048941,6.30493497245368,5.75456202992873,5.83193623690723,5.87375914045291,5.7938961322474
"PLRG1",10.6764014536438,10.6863187032502,10.6473347077511,10.8451500299365,10.7663506698829,11.0676238679506
"ZNF584",8.52642419646877,8.60530433401648,8.13348157800378,8.86832344350265,8.58722795759676,8.98820979985356
"DSCAM",9.09996490555791,9.12021117526401,6.67031052339294,9.84404707657077,9.46075474106579,9.31818317314135
"DNAI2",4.33057497578978,4.77662214806139,5.13786241172375,5.73093733123111,4.99924798284876,6.42781852490384
"NMUR1",4.60390596466056,5.00838899562681,4.94418431550225,4.55239249687834,4.80549449477315,4.58127373257168
"CLSTN1",11.8755951475046,11.7924515409994,11.8902714279558,11.9216259064868,12.137920395887,11.7263389594131
"CXXC5",9.45329650431033,9.26378206223723,9.90110363737725,10.0916908647372,9.92743258528229,9.97682369054954
"ZNF274",9.69072467059024,9.58375525699587,9.61346917678294,9.50562150444249,9.80764047707362,9.35222636295298
"PIK3CD",6.84487119178406,6.39026961629101,6.33042650449943,6.96777562639213,7.31011254539078,6.9032122694239
"SLC25A33",9.21711404294371,9.14680417259033,9.02694202014253,8.88590278913282,8.79668344287188,8.49960353026931
"ENC1",13.3489299127953,13.3013176905618,13.418084037277,13.2159125163377,13.5648880146488,12.9438271480083
"SPSB1",5.22411723473243,5.37374005388151,5.41912560421338,5.87256822454692,5.87375914045291,5.7938961322474
"BPTF",12.6461727833059,12.810732698731,12.7787495133208,12.4948390901283,12.7661343745597,12.4582381145949
"ZIK1",9.55829078334178,9.63275948191501,9.42066942190477,9.70755339944846,9.59208129153332,9.4919146930977
"PLEKHG5",8.95143422706149,8.31936955677578,8.29989991996498,9.38215416456074,9.45284376167214,9.45103518024498
"ATF7IP",11.7151382438819,11.9421152074471,11.7522173264681,11.7845118428008,11.8496574207995,11.2979789643141
"RGS19",6.12819034179057,6.02312871455732,5.98677983682015,6.31229699252743,6.58458917618073,6.22970329815221
"TCEA2",8.62792446314032,8.31936955677578,8.57699109984022,9.0113129406992,9.02593021452796,8.96901851449384
"ANO5",10.3550774759928,10.2872991119475,8.9932909039238,9.19049746413165,10.2247304628472,7.81263346922393
"HDAC3",9.91197868666925,9.75006558627694,9.64379119588997,10.1179236105577,9.79964529468777,10.3923163380842
"GPHN",10.6903844138857,10.7968453375158,10.744539715819,9.99052549228581,10.5091580309632,9.00543694179581
"VAT1L",12.6044934542339,12.5553101887794,12.204218267561,11.1837564342455,12.0329517962062,9.763800180464
"TMEM51",6.89097298392508,6.72179300651678,7.1377443071229,6.90430184754237,7.20457967841515,6.43857020096946
"CAMTA1",12.3600444590439,12.3865860758288,11.958496874607,11.6381700887024,11.9579422769868,10.9684807896739
"LGALS4",5.04742567774093,5.13762512309315,5.0153475618871,4.77291247508709,5.32290848716218,4.76371589021208
"LRRC34",6.55271216369173,6.97209839855342,5.69565584988958,7.82159149973688,7.58601778618675,8.89698997909623
"PAH",5.43226952355336,5.40267998277688,5.33538540566403,5.0909007841773,4.99924798284876,4.98896808752624
"SPATA5L1",8.33186933541099,8.35124458435623,8.32931711803172,8.22907940417133,8.22955679407299,8.32362240762868
"GATM",8.14054424378127,8.11158483754391,7.18522450335871,9.15591864530993,8.94277315184952,9.68801512233366
"NHLH1",7.68370276245463,7.46670362353506,7.98268170929863,8.87126830516361,7.54363062364894,8.28454230082659
"SLFNL1",6.22223378738274,6.45915625855364,6.4803071669202,5.70027502758029,6.12159469522682,5.5258120673756
"BCL2",10.0788311108598,9.99366619472618,9.87578362032753,10.5831186856268,9.94927778793794,11.2053702327168
"RHNO1",9.89450959117179,9.85350523164609,9.49278927708468,9.82065648447731,9.79697034718239,9.86814218378981
"CTPS1",9.9494698912264,10.0027854010448,9.94504726011947,9.6453426956769,9.7862206309522,9.16723155597995
"KNDC1",7.56044579433542,7.41780607457735,6.68385737112564,7.21487597511706,7.60262243590723,7.18251737320531
"METTL18",7.20556841239305,7.04627361157714,7.24908276591028,7.570908304134,7.45482713624656,7.33429105777317
"TTC40",6.72736783383392,6.79318972059234,6.52664985962964,7.59627790978649,6.87143231354906,5.25394328805817
"COL8A2",5.29925920898593,5.2124335202594,5.53204272811162,4.64396487703681,5.32290848716218,5.50195500208462
"PWWP2B",6.58725916525107,6.19979772223188,6.44847108684433,6.52481329577584,6.8503189605295,5.9629602809734
"PCDHB1",5.04742567774093,5.37374005388151,5.29031095099465,5.28112095084593,5.29596108369109,5.61588662529712
"ZNF540",9.77906250229881,9.81156335476632,9.45907694291546,8.93879079364195,9.57760504532347,7.69350433219138
"FBXL14",7.7875724749967,7.31457793993222,7.66296644002311,7.86086919678128,7.99954014910263,7.17633604835938
"EXOSC10",10.4766969488674,10.3628922749971,10.4063971514956,10.5010334778909,10.4866552827371,10.4773881111148
"ZNF570",8.79523417180489,8.88371674545056,8.76989350743494,8.61599926416395,8.89848620500244,8.15426865862903
"MLLT3",11.2427274881295,11.3924800425879,11.2200278822078,11.466325810698,11.6938205263639,10.648669677499
"RRM2",7.77319182083642,7.59910803920834,9.0821557501178,9.34559809371799,8.0181379847393,9.53404027231434
"TRAPPC12",9.62999354070297,9.58253895980188,10.096412104684,9.30046936813477,9.39503656791511,9.24178192906478
"RPS21",9.87348625070665,9.63510782238954,10.2289481115276,10.5700597793616,10.505340869973,10.4240097254684
"RNMTL1",8.0202238731561,7.7246074378157,8.08989141677383,7.92211078054445,8.1047588350883,7.74401878388883
"PTEN",12.3217708986342,12.3942267169977,12.152758558421,12.238439103759,12.2180541653317,12.4325575346841
"RPS7",11.7480209145036,11.7001988329922,12.5035811257381,12.5072929175163,11.9753893452319,12.7301240201978
"PRND",5.22411723473243,4.33057497578978,4.7660846074949,5.70027502758029,4.80549449477315,6.44923337026561
"RNASEH1",8.56013643971704,8.63382242970392,8.53437126979068,8.37968859912342,8.48875588694496,8.40133127865555
"PRNP",10.9379527574687,10.9662691239132,10.6671429592272,11.3346138783172,10.9576642055291,12.3340526647857
"ADRA1D",5.22411723473243,4.33057497578978,4.33057497578978,4.82464481268825,4.74232802187034,4.33057497578978
"FRMD5",10.0999413868658,10.0369216400313,10.2727078314052,9.81837260237513,10.152645291612,9.08212785604339
"AQP4",6.16034128042322,6.34220771365591,6.57141063641404,9.4117559256642,7.99328654100108,10.968042134294
"MIR31HG",4.93817568778476,4.69525161239808,4.94418431550225,5.3280834021818,5.03903521958369,4.58127373257168
"TLN2",11.2279886810899,11.1986340131588,11.1019027305726,10.676413996267,10.9245661272945,10.245102912852
"TVP23B",9.12641860295638,9.17936891774307,9.15184335248517,9.08796437302086,8.96202670731021,9.35357149092632
"FBXW10",5.22411723473243,5.48441204341114,5.41912560421338,5.23135019106063,5.7264309006772,5.03357482878391
"ZNF217",8.56567891271529,8.70273324707026,9.54728032117247,9.7295993982081,8.99822400252426,10.294929845911
"SRGAP2C",7.63674370940126,7.81088806238494,7.30158068721242,8.05031828145981,7.73640192013404,8.96020981308936
"SCG2",13.3290615788172,13.2487447219338,12.4121599211991,11.2282874359576,12.3582523881629,9.67624187336612
"ATPAF2",8.73751723590206,8.85979076743473,8.65198398976558,8.48356564182963,8.81268649943107,8.46509646646879
"FOXB1",4.93817568778476,5.05426032044833,6.09823090651264,5.56781120866857,5.74380775294986,5.18746296578136
"PPIH",8.26180517451171,8.18103058476055,8.09480102749024,8.4912528267593,8.16990517830253,8.36434276505752
"LRRC48",6.111792441977,6.186010907159,6.399200953035,8.10156120849626,6.61873678184173,9.30433728213604
"ZNF57",6.26671530794524,6.40200899166213,6.21973164683618,7.01215778318072,6.8573932640096,7.17633604835938
"C20orf196",7.00402004987821,7.19015494350677,7.03759706541257,7.06569315570874,7.29478283853804,6.77661481002274
"JMJD1C",11.9778489439331,12.1621032833066,12.0017099137522,11.7948051192946,11.7789321181858,11.7366759468152
"SYNPO",5.93418371095413,5.95795537545197,6.05488661074004,5.61949520913034,6.01778816310778,5.86456156907527
"ZNF556",5.14109345202186,5.00838899562681,4.7660846074949,5.23135019106063,5.11210946503177,4.98896808752624
"MAL",5.22411723473243,4.90491546544878,5.13786241172375,5.15028716110163,5.8583162996779,5.571858798105
"ZNF554",8.88655806209392,8.80654292034083,8.32097371919403,8.45436588749645,8.69864593633242,7.94783775386725
"RAB33B",9.22936731070843,9.12857440067687,8.90971770521768,8.6018738729779,8.83026111206753,8.46009837150516
"THOP1",8.47726641310471,7.81923443275588,8.29138273173614,8.83853813449292,8.52809748622889,8.7077928690121
"ANKRD20A4",5.72424503540458,6.11466471136286,6.09823090651264,5.91179944389842,5.82678316373963,5.8297852851543
"GAP43",13.7531731616538,13.7143413246225,12.9047000210526,13.3358062635782,13.8085074834399,11.7830453570083
"EPHX4",5.6525384434395,5.77685464919912,5.53204272811162,5.6525587184268,5.70876948923922,6.06819675099262
"LAMB2",9.56106234284132,9.16154956259911,10.1746207417435,11.3894679523463,10.0220851168267,12.4931045349723
"USP19",10.1207470138208,9.90208078602438,10.1826721146723,10.5005588703599,10.5462533767575,10.240750821963
"QARS",10.4114241608579,10.232542702982,10.5810119106856,11.1691992463515,10.7447750934402,11.5494154844568
"ORMDL3",9.77787194337001,9.51401000680911,9.53114833806895,9.95770054750144,9.77991273468624,10.2487196477276
"KLF11",8.89976961734573,8.72939745994245,8.43743883491317,8.14859490983899,8.77687895365244,7.07348929612911
"SMN1",7.79707923979468,7.89617111940036,7.43264003745993,7.66976224547184,7.59434452332097,8.11339046848387
"EIF2AK3",9.9694211613608,9.93198778223074,9.98374613341583,9.69100279186113,9.78981278598363,9.39857391585116
"MOB3A",8.26180517451171,8.2161029397298,8.39436969427517,8.49889901448186,8.48209271024696,8.49960353026931
"KRCC1",8.43244623192903,8.50077545201846,8.44129076856599,8.83552536934532,8.47986475144536,9.29176110380042
"NME6",8.3480576326007,8.4852008471135,8.59092090787808,9.10306690025399,8.99043215863396,9.12688344576608
"CYCS",12.5176950510708,12.4163972390805,11.9416559173394,11.7020948672643,12.0647890288003,11.2518772250466
"SLFN12",7.10846414954516,7.21594487438752,7.55966503163793,8.12403356891573,7.36492552916603,9.3126607843239
"CALB2",10.5531239000024,10.4745867371067,9.45338070182393,8.25643732290653,9.74795234583184,7.60508765235972
"SLC9C1",4.99520527768772,4.90491546544878,5.13786241172375,5.6525587184268,5.7264309006772,5.93108273336772
"FRMD3",10.1449545486698,10.2177394974889,9.65375837200941,10.5609842430184,10.2503709634882,11.5388217123457
"SNTB1",6.78739762772996,6.76685754580122,7.49384682798959,9.01264673655776,7.74015144791177,11.0005765984411
"MTBP",7.72417497187913,7.92736006298722,8.09480102749024,8.43655616027932,7.67109281969654,8.55220489792328
"TEFM",7.72915364180026,7.9350516390946,7.84937931103585,7.81237106313595,7.84130553442437,8.12609347112724
"MRPL13",8.79523417180489,8.66869125972853,8.94806296378413,9.06757785674507,8.71577261749427,9.34006332964509
"MALT1",9.28576809095162,9.31009499655126,9.34679693200341,9.48848134147388,9.09294730013371,9.8747120690579
"ISG20",5.18373077138573,5.40267998277688,5.45827589049947,5.63615875497389,5.11210946503177,5.63720988468804
"MBOAT1",5.81299943796065,5.75702651981449,6.73671357377245,6.41867436581111,5.84266003333913,6.49103195422233
"ID4",11.7123379323352,11.7169133353359,11.8252843140297,11.8917197600697,11.9531471354279,11.7297066116814
"GPR22",8.81861495336706,9.02126725151801,8.18960621252554,7.68670971130126,8.76596031945126,6.00920807852439
"CEBPB",5.6018543074561,5.58358169504195,6.14008014374634,5.93722994218226,5.76091096778062,5.54910236469605
"AZU1",5.04742567774093,4.84495094307666,4.86296472820736,5.05921631031587,4.91093888395682,5.40006335275449
"ATOH1",4.60390596466056,4.69525161239808,4.33057497578978,7.05515127625664,4.86095996838829,7.50097370161107
"PAIP1",11.3297563242665,11.2993657562714,11.2699948799693,11.335412376894,11.3506361490128,11.3129093667747
"C5orf34",6.8354600493058,6.75796460995273,6.91830170473145,6.71441314140921,6.65202739144907,7.08677126760168
"C1QTNF4",5.62750733317344,5.37374005388151,5.69565584988958,5.23135019106063,5.55563637036578,4.76371589021208
"NEGR1",12.9063679236757,12.9698020378751,12.2974444627044,11.588351916606,12.1458219037409,10.3274442917468
"ZNF131",10.4052710480453,10.5806862188816,10.4229977602487,10.3416400909649,10.4111431393935,10.2334680182388
"MACROD2",9.40782643342965,9.4500837216424,8.85598573220306,8.55498168642593,8.85107081666072,7.7967848029881
"DPAGT1",7.66302429663445,7.71120019734812,7.80201515746545,8.119070193026,7.9806963720321,8.8055032390256
"BSG",10.4372858876174,9.94718423814957,10.5740338837645,11.0172511637768,10.9367634622511,11.0610576566334
"HINFP",9.08847700654475,8.99222485963511,8.68481806014692,9.09930610414443,9.3137475060278,8.95134681958924
"CERS6",12.4794104666725,12.5497231900034,12.422150075629,11.9332762652526,12.382233203035,10.9592408954248
"SPTLC3",4.60390596466056,4.69525161239808,4.7660846074949,5.02596345433389,4.80549449477315,5.77550668699715
"COPRS",9.00945323917443,8.96258388846603,8.71691803825858,9.19285186357795,8.99822400252426,9.25191754026147
"TP53RK",9.73065587299107,9.72272653330518,9.6471212545934,9.67762406140306,9.63964303151618,9.53759436431553
"B3GALT1",10.1338323233728,10.2035738126658,9.80749360409514,9.53930186408273,9.82262253570428,8.54750188239946
"BPGM",9.12266914911813,9.19059470241305,9.05230216624166,8.95830584158016,9.16115051557152,8.64756606686462
"POP7",8.13308036283113,7.7727098763533,7.93962027758522,8.01332033248237,8.38063033373842,7.63219804937138
"ALG14",7.88435423161158,8.11496949348091,7.74049678459003,7.99445490304425,7.73264244605026,7.92981055186659
"SUCLG2",7.71416483505751,7.89222397711092,8.25241517405332,9.03644595288523,7.57764163262191,9.5989793654791
"STARD5",7.30307208814694,7.36714293893297,7.18522450335871,6.39289578642982,7.18803634019307,5.9629602809734
"CSDC2",8.20957127094734,7.85619776121262,7.94507471577092,7.85190101178858,8.17267132180461,7.35624264735902
"RCAN2",10.8602452120316,10.7868523814269,10.0214332291796,10.1962209518909,10.7387499541468,9.3427751186104
"IL16",5.14109345202186,5.34383018699978,4.94418431550225,5.37262261357025,5.20943279770974,5.42659714675519
"ABCG4",7.42537359648511,7.06064047442664,6.00991838444328,6.46873913714878,6.97235471318137,6.06819675099262
"GNB2",10.2628016180267,9.82807643487866,10.2278369206519,10.6514069757271,10.705867018513,10.2858055204496
"CCDC11",6.8354600493058,6.74901254157243,6.20029399103025,7.3149188509121,6.81438320244227,8.37766287611289
"FAM195A",6.60979856227587,5.94108086001497,6.41583398350578,6.1653683000969,6.57591271561808,5.84730736939238
"C2CD2L",8.81164057880624,8.42115293777466,8.26986526502253,8.22677577399742,8.95082681945545,7.71898670555813
"ARNT2",11.7771962419833,11.7182975080982,11.8913242768905,11.6469874866773,12.0775133727782,11.1449481771444
"GNG12",9.97358647204753,10.008229363147,10.5151393229728,11.1596125936733,10.1470557871619,12.3398276584188
"PRSS27",6.32368052195683,6.31748106638303,6.4803071669202,6.26520864888704,6.45757155210179,6.12443048056718
"SYNPO2",7.57714608324443,7.57459293577644,7.03759706541257,7.30611477404241,7.01072782128493,7.8514981122475
"CLP1",8.2236879472729,7.98034834265512,8.04999422004313,8.31180583622759,8.21353349631336,8.27032234655235
"INSL5",4.87482195210638,4.69525161239808,4.33057497578978,4.99090412180236,4.80549449477315,5.65810362455486
"TTC36",5.57553933579376,5.71625300812078,5.53204272811162,5.70027502758029,5.34903754503733,5.37273133131448
"RSPH9",6.69631622744201,6.49227442759739,6.68385737112564,6.34874784099573,6.25130538879973,7.18251737320531
"MYEOV2",8.48606469245659,8.40192004734629,8.85598573220306,8.65071622892634,8.71766303466794,8.62319652718111
"GTPBP2",9.31890516947498,9.11516980833788,9.11140244211204,9.65987382761858,9.68664863544286,9.28754451339333
"FGGY",7.72417497187913,7.78128312950899,8.11909890918212,8.10156120849626,7.92262122309073,8.5117289367599
"IL17D",6.90000882976452,7.01708219172018,6.62882379950556,7.08653824488785,6.7624132232569,6.48070743372353
"FUT9",12.2281623191793,12.2596303459362,12.4111815578682,10.5071892041867,11.4353146858288,8.44752634496484
"TCEAL1",9.04555205928148,8.78764144327413,8.73583916653005,8.54023943131496,8.83549185548443,8.62765823926224
"ZNF24",11.9365870132218,12.0561890055919,11.8529291015145,12.2118722450173,12.0482089617442,12.4320805752823
"MANEA",8.41411815025139,8.40192004734629,8.60128022869596,8.74689325780234,8.38301792117354,9.37359906869622
"RAB40A",6.36478816236259,6.36646410882688,6.3126379774091,5.99848057344674,6.07080875752555,6.21702304029175
"AFF1",8.52926401365878,8.77916030269832,10.096412104684,10.079665031558,9.33849697587482,10.8242232994187
"ACOT12",6.33753079965724,6.58688018095247,5.78285907365734,5.53181738139766,5.79433681434327,5.15195654074678
"FIBP",10.0003715227902,9.88639867193558,9.83840667594376,10.1412535964195,10.1159200572859,9.81740250894982
"CARNS1",4.7165496130104,4.90491546544878,5.13786241172375,4.71402308857299,4.66714835127326,4.68467332000649
"BANP",8.08745859130208,8.08075623765708,8.64198552070115,8.50650464263019,8.64003499910727,8.44246649152755
"PPP1CA",9.53592423316634,9.33198070470989,9.59978514004362,10.0992347667262,9.74425418552182,10.253047788661
"HCFC1",9.77668040010728,9.5764420233294,10.4594281800199,9.81455807123281,9.85126815734889,9.31127687122318
"SNTG2",6.29551855050175,6.17206882112393,6.16047993900056,5.71571562153576,5.63503194179442,5.45239055899795
"FNDC9",7.0451330407818,6.94126765350759,6.41583398350578,5.73093733123111,6.62713795454819,4.88837907797739
"PDE3A",9.39545465336253,9.32763009518005,9.31782631370153,9.69183485251752,9.63565579242552,9.81447633058536
"RASGRP1",7.19106458252092,7.05347576660264,7.07853172863903,7.80309035402005,6.79973756323268,8.36968568596079
"CHCHD1",8.36087775999536,8.0876648197721,8.37838149196812,8.66606905430101,8.54524208458489,8.69722170369532
"MRPL52",8.44152310361832,8.39359767369775,8.36221278826824,8.62998697861772,8.79130923560853,8.47751598523127
"SMPDL3A",6.95300237665677,6.89367700381847,7.36864289908543,7.48806676121239,7.51318256092913,8.02455368757363
"RND1",8.05621313627249,7.85213789711754,8.04999422004313,8.95136654606393,8.36138496906497,9.80271184237064
"RAD9A",7.27590283438528,6.80185420069733,6.67031052339294,7.29725485245688,7.45940299913427,7.34530990145589
"EFEMP2",5.79147317606317,5.53524434648493,6.82449048673678,5.39408088420441,5.77775078358577,6.24225613351204
"TAF15",9.15973118315238,9.35496452350424,9.55084080548476,9.0494995534576,9.23552193196952,9.5528949053045
"FAM21C",9.46518326838979,9.60786802402504,9.10898779625106,9.7797652107364,9.79429042565997,9.93971006962977
"TMEM134",6.65375981739783,6.48132831963925,6.52664985962964,6.55580973262763,6.83605876652294,7.046535392754
"ZMAT3",10.6010169864116,10.5982363119178,11.1589719391989,10.8444022314743,10.4716423061922,11.7430991511615
"ZFAND4",8.55457246948722,8.67098600898378,8.28710505000652,8.40229939373641,8.39962051460941,8.87465841980021
"ZNF738",9.26040496001852,9.33342799158471,8.87885499257802,9.45259498004397,9.30623894063602,8.88958460612706
"FAM71D",6.06122660456922,6.05442078166421,5.56693702969189,5.4150421589993,5.70876948923922,4.58127373257168
"CORO1B",8.06015644934267,7.50359283809551,8.28710505000652,8.37761526210994,8.25847445877537,8.20002648018411
"FUT10",7.96236931453113,7.9691585288187,8.31258139993345,8.39206598500318,8.30708618189687,9.04429341443123
"LRRC20",8.48606469245659,8.2927514492747,8.13824378640928,8.99115613641441,9.15140330376353,8.71409841552894
"MUS81",9.21359386486504,8.77276642812238,9.04978617623314,9.47983416516482,9.66431636573103,8.77768436969042
"PURG",9.41397269513907,9.50504954867298,9.48163927329192,8.88152806691774,9.21962000682122,8.67368750799541
"TMEM217",5.18373077138573,5.37374005388151,5.49586482724437,5.45558649408591,5.11210946503177,5.67858866699434
"ZNF596",8.36087775999536,8.65020000749944,7.92864829383441,8.33122543394606,8.52377912090414,8.43229287086765
"COL6A5",5.67698376420325,5.67386991742712,4.86296472820736,4.77291247508709,4.95674843757777,4.58127373257168
"CFL1",13.1299962606425,12.917739637927,12.8200633081602,13.3426396774842,13.3331783998933,13.1433854829393
"TMCC1",11.0005072581504,11.0903362972326,10.9962533532288,10.8725495010031,11.2414652162232,10.4265664495179
"NAA16",9.99730621863906,10.038696087164,10.0380128221241,10.0973524886873,10.1343996058772,9.99932896041541
"EFCAB12",6.20704769793219,6.50312951392523,6.71054607635312,7.70678240824869,6.54062432223393,8.77165245129644
"FAM192A",10.9768475772315,10.9375567772988,10.6882992777689,10.963512683436,11.0946069925075,10.6584904945192
"RAB43",5.18373077138573,5.17594971784969,5.0153475618871,5.12120644125242,5.07654591073903,4.88837907797739
"FADS6",5.54851785949931,5.24729833481842,5.33538540566403,4.82464481268825,4.99924798284876,4.33057497578978
"CBWD1",8.76425898750754,8.89944897762756,8.59438233136493,8.13144643048668,8.1559935466332,8.22973752692289
"RAB37",5.0958257135656,5.13762512309315,4.7660846074949,5.20526093226038,5.03903521958369,5.03357482878391
"DCP2",10.9374199026691,11.0864824796538,11.2383484326767,11.8720438235086,11.2951897332791,12.5028270177058
"ZBTB8OSP2",4.60390596466056,4.84495094307666,4.33057497578978,4.64396487703681,4.33057497578978,4.33057497578978
"SNX32",7.34286011609801,6.78446930270084,6.97381680886921,6.70074998087008,7.02951969692029,5.93108273336772
"RPL38",11.194488210858,11.005801862904,11.3845908295216,11.6364433190595,11.5745194849768,11.5305279870605
"CYP7B1",6.68580357978683,7.01708219172018,7.91203005704628,6.61569797312695,6.54062432223393,7.23100224333004
"RARG",5.87520277529963,5.53524434648493,5.83737023149546,7.12730784464336,5.90403138225395,7.62321892806516
"CES4A",7.77800158699728,7.83578143291402,6.6004284650849,7.59986520168274,8.10185782762859,6.96956810339794
"CES3",5.72424503540458,5.77685464919912,5.75456202992873,5.49445599134623,5.63503194179442,5.63720988468804
"SSH3",5.54851785949931,5.28072429172865,4.94418431550225,5.7607533951804,5.65395698090973,5.5258120673756
"CES2",9.60738094053083,9.32617696587529,9.23390608819336,9.55310621498886,9.74517961568312,9.48579491314048
"PDP2",8.20957127094734,8.26562876801623,8.28281454063482,8.02929430294095,7.98700536437452,7.65879818227602
"SP3",11.4444482847781,11.5315646290501,11.7022989635865,11.710736337745,11.5027721611518,11.6640661116536
"DMXL1",11.5243213959238,11.6549453777046,11.6259240123847,11.1593119817347,11.1716254240817,11.3524325851696
"METAP1D",6.70674692185684,6.55609522107361,7.01666422632071,6.96777562639213,6.73179084413284,7.31759826822496
"ZNF621",8.81164057880624,9.03200872378282,9.03459711917213,9.08289476215242,8.79668344287188,9.77788965154638
"EGFL7",5.70087603390657,5.48441204341114,5.33538540566403,5.43553531135657,5.90403138225395,5.5258120673756
"NADSYN1",9.22412867730333,8.97191248858325,9.31154175413897,9.60350443325477,9.61048240279979,9.63149226405024
"DHCR7",10.0356599577441,9.80636397473805,9.30522964299305,9.84703775404901,10.2607596524706,9.19901427417006
"NBEA",13.4331636042987,13.5683308571456,13.5550397229848,12.8155475412892,13.1653952209426,12.4926471819678
"RNASEH2C",7.44981580957809,7.15722908848611,7.86097764282631,8.68628738323734,8.31711312572518,8.9760268314011
"ANKRD13D",9.6613248769155,9.29234370481802,9.30522964299305,9.29609669525902,9.69337728113903,8.72246297328624
"MYD88",5.6525384434395,5.85279833732561,6.55665892062138,5.81805978469791,6.14621490998224,5.99399275429218
"OXSR1",10.6795913242588,10.665227999075,10.2972811128636,10.3813668938036,10.3817001905137,10.3294949994122
"SLC22A13",5.49214979402744,5.99099191043792,5.33538540566403,5.3049269085433,5.29596108369109,5.22140032273235
"PHF8",9.07495748714055,9.16480589922472,9.55793548327086,9.32750175080972,9.31873155029677,9.40637156700623
"LCLAT1",8.89757610611581,9.12356230056988,9.10171944999658,8.94299494376949,9.10742534906414,8.9244252661372
"MIR4435-1HG",6.77757659703764,7.13031363970509,7.67618662531909,7.10707332424053,6.91945913830706,8.3908602425552
"KAT5",9.95790410663788,9.7694334360875,9.61517057916938,10.0186467050994,9.89944433996164,9.59443669165476
"SH3RF3",7.50912406189651,7.20310972633089,8.20783497667597,7.25209128692734,7.59434452332097,6.72590736183652
"GXYLT2",5.26254826080776,5.79633174395148,5.7255112363932,5.96211569431352,5.49165273270531,6.81746123354231
"DCAKD",9.74534934734069,9.63393413057806,9.67185436406061,9.65987382761858,9.85212738107402,9.68374506224799
"ARPP21",11.4068368544946,11.5299890656576,10.3067838933604,9.48848134147388,10.6362676127667,8.27887126887831
"TADA2B",9.12079075209408,8.97377096881457,8.73896859456404,9.03775665632753,9.1722099434197,8.82892667498782
"CCDC96",6.00844026539826,5.55970553524277,6.20029399103025,6.31229699252743,6.00415649635366,7.12586780654062
"ADRBK1",9.83279152042011,9.48044353484854,9.54549677365689,9.91843548496976,10.2207449851869,9.06744134391647
"RELA",8.5063864392058,8.21924907137084,8.32931711803172,8.41852229954071,8.49759222236428,8.60294536986959
"EVC2",4.99520527768772,4.84495094307666,4.33057497578978,5.4150421589993,4.91093888395682,6.05371984338478
"ZNF680",8.88655806209392,9.08969456780438,9.1843149081312,9.17985474394037,8.91669401918567,9.12845639658986
"HECTD4",12.6534904462298,12.7442121421652,13.0434439547345,12.1427003657026,12.5994371296431,11.483426335013
"FAM222B",8.44453599608621,8.65484519824644,8.56645426454561,8.17034468079859,8.42068780700564,7.85532673182994
"BNC2",10.6230551386624,10.8083302900913,9.30522964299305,9.37595295084046,10.1575183953916,9.43714671615689
"HPSE",5.04742567774093,4.84495094307666,5.49586482724437,4.82464481268825,5.03903521958369,4.58127373257168
"COQ2",8.36406493692669,8.2927514492747,8.07008228672197,7.90488060656855,7.96159997772213,8.07130711424953
"C10orf131",5.0958257135656,4.90491546544878,5.0153475618871,5.02596345433389,4.74232802187034,4.83010453277739
"HSPA6",5.22411723473243,5.13762512309315,5.75456202992873,5.0909007841773,5.03903521958369,4.68467332000649
"TRMT112",9.02560910591929,8.86580970271222,9.33857891940322,9.67088782495244,9.24602645254342,9.85775719094732
"LRRN3",11.4715670267107,11.6301580900751,11.2526206906086,11.4047649071345,11.1254833539763,11.5137961015174
"KDM2A",10.2491237501421,10.2887908337774,10.4669818604935,10.2643467609183,10.2832272862691,10.4329384981408
"ADCK5",6.70674692185684,6.44792678694728,7.05821634900997,6.5404029187479,7.17129355743574,5.93108273336772
"MRP63",8.94719904553425,8.89553203123552,9.02181589353066,9.27291970784534,9.08419002083006,9.1456463191189
"NOC3L",8.69012071758765,8.70273324707026,8.82687773711074,8.75009751507205,8.30456843055663,9.28190311348524
"ESRRA",7.58817079353714,7.17049332813552,7.44819344488401,7.66634825729697,7.69835056214515,7.16389018268598
"ADAMTS20",5.87520277529963,5.87100821421757,5.83737023149546,5.54997731954909,5.39908280147121,5.15195654074678
"COMMD1",8.39866358208397,8.46945518303297,8.44129076856599,8.5439392243761,8.44602302521782,8.57086426954066
"RAPH1",11.059971831394,11.2721039002361,11.3875785649779,10.2598664308025,10.1720396566514,9.6600308293974
"MTX1",7.29632919015158,7.26613346708606,7.09855240093192,7.49965437493521,7.26885316310694,7.88558998999751
"ADCY5",9.72325257000478,9.53050441465382,9.53654576285002,9.15712495262734,9.70769087158783,7.93704885298599
"PARP14",7.32310766257761,7.64219052751677,7.92864829383441,8.78644174133763,7.56073865313527,9.67624187336612
"CKS1B",7.19106458252092,7.14383672489722,7.5525018847791,8.30745435225579,7.56498342446013,8.45508278664294
"ABCD2",9.15790057669722,9.17775806258869,9.07969147656313,8.26992250355276,8.86648271745588,7.91888360076693
"AHSA2",9.16703041184271,9.08626353247239,9.55261775317147,9.59374293912155,9.46974297376782,10.2165766418685
"ABLIM3",10.751682433933,10.7059894507276,9.85721630267457,9.00194157546528,10.2952789671957,7.06007821984279
"MAB21L3",5.18373077138573,5.37374005388151,4.33057497578978,4.55239249687834,4.56883750728876,4.58127373257168
"KIAA1919",8.91719825247068,9.12690563965097,9.12580583788367,8.97755959016727,8.84589657091299,9.23741615377881
"VANGL1",8.344834584039,8.34837600371051,8.15713539366096,8.51218250582582,8.32707031228796,9.0139737471853
"GLRX",8.12557726315472,8.00246769211164,8.06007361605457,7.91352177677454,8.40667742405892,7.23694571614715
"IQCB1",9.06717462180755,9.15009400748187,9.0821557501178,9.24369757728612,8.9951123288234,9.67624187336612
"SYT12",6.73756065626201,6.66563710439642,6.61470214021762,6.366589959339,6.79973756323268,5.3153992589889
"GOLGB1",11.8767072108761,12.0263275130566,11.8754502880862,11.9614799399778,11.8209926197924,12.6411719849473
"ZNF483",10.0826924058314,10.2872991119475,10.2531801300428,9.58212070657547,9.62161291723563,9.60802196881137
"PLAC8L1",6.06122660456922,6.186010907159,6.05488661074004,5.68460767469218,5.74380775294986,5.45239055899795
"GPR137",8.09900146138285,7.81506738043907,8.05504282183853,8.40433733198799,8.53240288755316,8.31256513380369
"SNCG",7.15412798548242,6.72179300651678,6.71054607635312,6.44394842076515,7.16001841268955,5.3153992589889
"MMRN2",4.99520527768772,5.00838899562681,5.07933519419276,5.23135019106063,4.99924798284876,5.11466593771837
"MZT2A",7.87989202519444,7.67941399406605,8.10456986944914,7.72984654518072,8.22689868447515,7.64112048431256
"TNKS",12.0769650965158,12.1160107829122,12.4929855789138,12.0047868809488,12.2145522142707,11.7765474948882
"ZNF449",9.07883318781852,9.03379119653601,8.88733802173831,9.01264673655776,8.94438749809435,9.42440355969753
"ZBTB21",10.1301057662488,10.0190559980541,9.93826875983936,9.5131743759526,9.69337728113903,8.94600268274346
"PPP1R3B",6.64290506183329,6.50312951392523,6.82449048673678,7.15219202138481,6.49513717052095,8.06141674089896
"FAM86B3P",5.72424503540458,5.62971160557788,6.25772181162451,5.97436269294477,5.70876948923922,6.69981722026509
"STOX2",12.5857456424914,12.613298600285,12.5456477291388,11.9561254301027,12.513020141452,10.9098500386064
"MAP3K11",7.83908899707503,7.54460119313592,8.19418524668406,7.83075245367106,8.17543212017706,8.05478485436105
"TRIB1",8.93869107491571,9.03557146324886,8.63528097193548,8.12155403783591,8.87158351144173,7.05332344381605
"KCNK7",4.80259831140558,4.58878259651035,4.33057497578978,4.87127988604197,4.86095996838829,4.33057497578978
"SFT2D3",8.20957127094734,8.08421470978172,8.37031995901842,8.33977251533237,8.17818759423469,8.51655053485238
"NDNF",8.72766818498407,8.90530445890846,9.51665554875407,8.39001050085232,8.677432060422,6.48070743372353
"DAG1",10.8415707317608,10.665227999075,10.8935038465239,11.094439093428,10.8474113466588,11.7669976593434
"INSM1",7.10846414954516,7.06776813917055,7.49384682798959,8.43655616027932,7.70604305136319,7.88184212728081
"DAB1",9.32054217147365,9.54681209765115,9.40894456001009,8.57861934786081,8.99977731842302,7.046535392754
"ARV1",8.42025359754767,8.36833642053032,8.11909890918212,8.52347122940924,8.50856160689741,8.38295642421106
"NAA20",8.69012071758765,8.71167643987149,8.49044603867034,8.66437127057434,8.79130923560853,8.92261244559331
"MINOS1",8.75701501608071,8.80654292034083,8.38639790174872,8.64556191386529,8.85794096092759,8.36434276505752
"EHBP1L1",6.8354600493058,6.58688018095247,6.399200953035,6.87444438951238,6.73179084413284,6.11061427847656
"THAP2",9.58576932572485,9.51655993350031,9.50935410664662,8.93879079364195,9.18318503296805,8.95312379390624
"TMEM196",10.3975425516013,10.3212242387631,9.53294972756237,9.07014202555374,9.70198248532203,7.70204950767822
"RNF26",7.52643984619218,7.4011209497998,7.84354444978498,7.86086919678128,7.83431448138079,7.99366750914321
"PPP1R14B",9.83965426779424,9.46071639215507,10.0841833047062,10.1666076257289,10.0044183343212,9.89146982299723
"SSSCA1",7.12385340854776,6.99477456520651,7.15693190923556,7.29280372056405,7.37950932416922,7.16389018268598
"SMARCC1",11.1287974894073,11.2607492887707,11.4659935120778,11.6446271283361,11.5538162623898,11.5110888544342
"ZNF417",9.48866649442987,9.67673634573446,9.26242651196847,9.39140620183165,9.53756295687157,9.22129406403555
"PTPRM",11.8055012609438,11.7950775276912,11.5891957374522,12.1965732273309,11.7002737114884,12.5298253556991
"FKBP2",8.3672450358431,8.03858705976951,8.18960621252554,8.47195701967692,8.41136279154798,8.92623580383093
"VEGFB",8.50926617579326,8.28376756721044,8.25679769619421,7.98629262707594,8.29445289230655,7.85914506417443
"PEAK1",10.1921833885896,10.3600569530616,10.4142330128464,10.2309723288075,9.80764047707362,11.21944358811
"TNFRSF10D",7.09290167116183,7.07485915820495,7.92864829383441,7.58183688290282,7.12563200576146,8.73698473943939
"MST1",7.01234157832621,6.66563710439642,6.83657729618024,6.92190735690644,7.34524114011646,6.5513242749642
"TNFRSF10C",4.80259831140558,4.69525161239808,4.33057497578978,4.91404266993799,4.95674843757777,4.98896808752624
"MOB1B",10.486201526588,10.6024407358526,10.721832563642,10.9521040466925,10.3178411335085,11.6071754569434
"ZNF622",9.11136180841796,9.04089908174097,8.87885499257802,8.94159492577377,9.08857532332467,8.52614536735095
"CSPG4",4.87482195210638,4.69525161239808,4.94418431550225,5.05921631031587,4.86095996838829,5.61588662529712
"SNX33",7.0692241342811,6.92558771782441,7.64962153261386,8.10156120849626,7.47755893523241,8.7328506243017
"NABP1",6.63196100526831,6.67516177549202,7.15693190923556,6.31229699252743,6.62713795454819,7.45097907944464
"NUDT18",6.2372372059446,6.0388771203416,6.09823090651264,6.65179842733786,6.73951207025976,6.45980961472376
"GPR113",5.26254826080776,5.28072429172865,5.66493901424027,5.15028716110163,5.63503194179442,5.37273133131448
"CHD2",12.2976871091165,12.3968222591929,12.2985030517088,12.2258628863616,12.4221074612293,12.5679520412972
"CCDC106",7.74889523544411,7.40670473789636,7.4247982507733,7.83682709331949,8.06061204489979,7.46112122694523
"CCDC41",8.22719544304341,8.33973561473077,8.60471678266823,9.16673918171736,8.10185782762859,10.30885549046
"SULT1B1",4.33057497578978,4.33057497578978,4.7660846074949,5.23135019106063,4.74232802187034,5.97857887220761
"NUDT4",9.71456703665752,9.75223046829007,9.91498047243201,9.83277644048377,9.87598001523863,9.91806521864123
"PC",8.20246030796334,7.73788899500471,8.44896371376296,8.11658201929419,8.19732855478766,7.47619854413473
"SCAI",10.9840895202154,11.1199640594677,10.821680651018,10.2349726342369,10.7082408249147,9.49800858289361
"NMNAT1",8.12933374133874,8.23798184467487,7.91759106235902,8.31614412960057,8.06359804403511,8.75747869292391
"LRFN4",8.22719544304341,7.78980488734531,8.22135559310035,8.18466272346384,8.69864593633242,7.00508864209275
"TRAPPC3L",5.04742567774093,4.90491546544878,4.94418431550225,4.91404266993799,5.14598214718274,4.76371589021208
"SLC19A1",7.39420983209523,7.13031363970509,7.54530215955348,7.54507410269512,7.7916296063901,7.15133162417071
"RCE1",7.75378797125387,7.5191112184808,7.56679197810507,7.59986520168274,7.83080600963922,7.23100224333004
"UQCRH",10.7870119097408,10.6874500023947,10.5896872315472,10.6931245910746,10.7172258248073,10.4323025587985
"HES3",4.33057497578978,4.58878259651035,4.33057497578978,4.55239249687834,4.86095996838829,4.83010453277739
"EIF1AX",11.3236528853945,11.3074816353282,11.0361495243942,11.0738521356697,11.2519158929402,10.806176138731
"CXorf23",10.0475626978228,10.2609410253993,10.1384140922193,9.74089924236478,9.85898279335195,9.54937840727977
"PSMD1",11.5935921222003,11.6770378968551,11.5630060694233,11.7174899356038,11.6248881510101,11.766745492179
"GPR64",5.22411723473243,5.17594971784969,5.29031095099465,5.45558649408591,5.20943279770974,6.62764561149741
"SUSD5",7.24819384114694,7.15054908264214,7.11828713660677,6.83772806653164,6.91945913830706,6.91074633659562
"HEG1",7.69392978229176,7.81506738043907,7.99849992386532,10.1713868209611,8.40902202323183,11.6383842676609
"WFIKKN2",4.93817568778476,4.69525161239808,5.66493901424027,5.12120644125242,5.20943279770974,5.3153992589889
"C11orf80",9.35928204576691,9.30124670816547,8.88451590408552,8.75009751507205,9.02593021452796,8.07130711424953
"TOMM20",11.9440328299183,11.914848377064,11.9714976875299,11.9837203948253,12.1564642068435,11.8455084145668
"AGFG1",11.3890214575081,11.386223771438,11.6191612713233,11.177535619477,11.1090503432669,11.6480001619705
"STAT5B",9.71207580997916,9.72162210906736,9.87009603223881,10.1129635585027,10.1491543915192,9.78687496907103
"CNP",10.4803599726439,10.2356398954046,10.2498996460247,10.5799773453362,10.6471962704648,10.6971183841475
"JUP",9.57894866854625,9.21749826545531,9.58770405625394,9.50372708254281,10.1498532480454,8.64756606686462
"HAP1",6.57584372992704,6.68461897403412,6.52664985962964,6.50107558601883,6.67646014042819,6.1912683413666
"TDRD12",7.3751736125526,7.31457793993222,7.10845497857026,6.7279384444836,7.29478283853804,5.9629602809734
"EIF1",11.3027058759718,11.1102961916379,11.5835615198997,11.1496591715694,11.305886718619,11.0474197051664
"ENDOV",8.67225680584524,8.54149919794881,8.46796826016975,8.42455884077224,8.64997117320766,8.44246649152755
"RNF213",10.0044484823128,9.96688952058687,10.6322979154888,10.0006318717304,9.22095189762991,11.0104085689964
"TIGD3",6.76768353188172,6.62684248559454,6.71054607635312,7.1958881982195,7.33029396821466,6.68213699712675
"MARCH10",5.36825224778896,5.09718127405855,5.53204272811162,5.15028716110163,5.37441071259404,5.22140032273235
"PLK3",7.90645762791727,7.57953014147469,8.36627211087885,8.39616812554411,7.73640192013404,7.87431663323032
"NET1",8.11424816097241,8.4535346358434,8.51623232253245,8.85350794601829,8.34187741652818,8.92079733641546
"DPY19L1",9.51177300923692,9.60786802402504,9.78651027341612,10.0860069198609,9.32369840158317,10.7577625538658
"ZNF791",9.96210278067534,10.104556081801,9.89411479810368,9.90630097206432,9.91679526837568,9.77889079107673
"TUBB8",4.99520527768772,4.77662214806139,4.94418431550225,4.95373220111794,4.74232802187034,4.94087121374919
"PHC3",11.2069211895386,11.4062864808799,11.3745867813539,10.9576467769976,11.0548717476648,11.2164921652678
"GPR160",5.22411723473243,5.34383018699978,4.7660846074949,4.91404266993799,5.03903521958369,4.68467332000649
"CBX2",8.11045172639595,7.93888189586916,8.96151359439377,9.52256011463283,9.31499513546089,8.90619337077487
"SPTBN2",11.3878519055665,11.0622690126319,11.3487579333998,11.2642347019222,11.6730713868155,9.4833397024413
"GOLIM4",8.89097541870595,9.03557146324886,9.37519615884468,9.99794375742819,9.35920464386863,10.8812477124727
"RBM4B",10.4545212402163,10.393025008838,10.4884808631235,10.4245390025406,10.6819115612848,10.0282385715745
"USMG5",10.3967674189745,10.2820658990872,10.0631532878899,10.046880193737,10.152645291612,9.93702217090335
"MARCH3",7.39420983209523,7.42882027812935,7.67618662531909,7.36660997602452,7.04805835811577,7.47619854413473
"SWSAP1",6.22223378738274,6.02312871455732,5.93909051704448,6.06802763232559,6.3991018748316,5.9629602809734
"SLCO4C1",5.14109345202186,5.05426032044833,4.7660846074949,4.87127988604197,5.17836802896297,4.68467332000649
"RBM4",8.57120005488272,8.72277767559956,8.74831617567287,8.42856911875973,8.68518250976069,8.73077909581354
"PIFO",7.44374501965757,7.49838179734488,8.11427230764804,9.97009765817035,8.04558755474859,11.3541120677547
"XXYLT1",9.66390532749005,9.62922977916301,9.4872250638378,9.79842587063871,9.71809787544102,10.0078921339111
"UBXN2A",9.96105425811269,9.99640801883294,10.3675754489251,10.0986076137242,10.1029863418538,10.2165766418685
"LRRC63",5.74711795931809,6.09988234759329,5.66493901424027,5.02596345433389,5.51344929562775,5.28523604052962
"TCAP",6.28119912210877,5.97458977678836,6.33042650449943,5.93722994218226,6.10909595759182,5.63720988468804
"CCS",7.76836569039717,7.63272951889504,8.10456986944914,7.79998325159792,7.99954014910263,7.18251737320531
"CEP19",8.69012071758765,8.64086428542929,8.44896371376296,8.80812242009165,8.71766303466794,9.26198228739529
"KLHL15",10.1486429719446,10.058072202895,9.76061282904259,9.84554319100305,9.83310511631252,9.60689474223469
"FBXO45",10.3725292855481,10.2685212004644,10.1073300352787,10.0059931093679,10.2366212220129,9.17028890144541
"GNG5",7.49159265832426,7.48790146963411,8.43743883491317,8.71116639951409,7.6432996066977,9.25335967667131
"FAM3C2",6.14437114006863,6.0388771203416,5.63329680407505,5.66870520190303,6.14621490998224,6.00920807852439
"SLC25A30",8.08359012627474,7.9691585288187,8.07506041228118,8.18703517703851,8.22689868447515,8.682290095258
"CD34",4.33057497578978,4.58878259651035,4.7660846074949,4.64396487703681,4.33057497578978,4.76371589021208
"CTSF",8.38617874576254,8.35696456156378,8.18960621252554,6.62299697790865,8.16157446701301,5.40006335275449
"MSRB3",6.39147731265288,6.73092761276427,7.12804990920464,8.2788425118065,6.55838671547071,9.35491536353812
"MRPL45",8.4977123644544,8.57375644370362,8.56292471789015,8.66096966771882,8.74572469772659,8.65632613171377
"LEMD3",10.2379141455728,10.2617008386231,10.1997751347729,10.4625625197463,10.3679518936197,10.4233698355568
"C16orf91",7.25517290337706,7.01708219172018,7.22207310011052,7.33668941949539,7.30502131614998,6.9032122694239
"SOCS7",9.1851181449304,9.26074234505838,9.17280184623681,8.90614395165815,9.40327060705173,8.45759277300808
"TLR1",5.14109345202186,5.2124335202594,5.0153475618871,5.70027502758029,5.70876948923922,6.63688382412144
"TLR6",4.87482195210638,4.95891832408665,4.7660846074949,4.91404266993799,4.80549449477315,5.22140032273235
"FAM174A",7.27590283438528,7.3613989484648,7.03759706541257,7.2748558624593,7.495483467887,7.02596812009268
"RGMB",12.6261450096069,12.5826212205511,12.358862739224,12.3495853157457,12.4708681397187,10.8960810115223
"FAM53A",5.14109345202186,4.77662214806139,5.0153475618871,5.0909007841773,5.11210946503177,5.18746296578136
"KIAA1239",9.75506242136882,9.89328060019694,7.64962153261386,8.28991487692586,8.72519991723393,8.64756606686462
"CYB561D1",7.3878931108795,7.15722908848611,7.22207310011052,7.63524574948286,7.6432996066977,7.62771562040674
"ZDHHC24",6.93556526942794,6.55609522107361,6.82449048673678,7.08135641528514,6.8573932640096,7.03285808344634
"TRMT10C",9.15239474412405,9.29383136715744,9.09197085184009,9.06114736821261,9.15419496454384,9.22717755568559
"CTU2",7.27590283438528,6.65604391987176,7.14737131843771,7.39590461736391,7.6231073976722,6.7682951030033
"AGAP8",6.02629639048941,6.30493497245368,5.93909051704448,5.12120644125242,5.42310223496893,5.15195654074678
"MGA",12.1988973543106,12.2792693870134,12.145128913322,12.2019828417377,12.3479385824273,12.2612769775525
"C12orf66",6.91790282534075,6.68461897403412,6.73671357377245,6.60835857260747,6.74718918806888,6.43857020096946
"SNX31",4.7165496130104,4.77662214806139,4.33057497578978,4.87127988604197,4.80549449477315,5.571858798105
"PIGG",9.68056654897455,9.73700755120348,9.62870994994964,9.74411156167275,9.7889155862531,9.9080349878411
"PRPF8",12.284969314726,12.305843828184,12.6016102714697,12.4261648961174,12.5990534825816,12.4292155026628
"ADCY6",10.0085139442849,9.81052497824464,9.93554840932711,10.2799191868826,10.1187785273035,10.257362976813
"REP15",5.76951971169128,5.88893120691801,6.18054720532947,5.58533341826546,5.8583162996779,5.54910236469605
"PITPNA",10.9543743699055,11.0152928268214,10.4480229512344,10.7030587956533,10.9035909629506,10.8032281756342
"DDX23",10.7017250344169,10.6594744657868,10.5974506512451,11.1138058227212,11.0051574173822,11.3905744515727
"ZNHIT2",5.91485715615986,5.51016048524524,5.83737023149546,5.80400878913798,5.77775078358577,5.94713050764567
"EVX2",4.99520527768772,4.84495094307666,4.33057497578978,5.53181738139766,4.66714835127326,5.5258120673756
"ZBTB4",10.0903841086263,10.0369216400313,9.76061282904259,9.81684800119864,9.89861287266088,9.88590552450466
"TNK1",5.3344412562722,5.13762512309315,4.63910910251109,5.17826991240815,4.99924798284876,4.98896808752624
"ZHX3",10.5854554524617,10.5349107955955,10.4413280062415,9.89044430143425,10.2672147784903,9.40377703826272
"PHLDA3",7.68370276245463,7.45598363703094,8.06007361605457,7.4685394090624,7.91932429112947,7.25462542897823
"SLC16A13",5.72424503540458,5.77685464919912,5.86366298223323,5.92458453824114,6.24005731496927,6.34993536391042
"GLIS1",5.72424503540458,5.77685464919912,4.86296472820736,5.12120644125242,5.46935070319513,4.76371589021208
"CHRNA9",5.18373077138573,5.2124335202594,5.29031095099465,5.02596345433389,5.14598214718274,5.86456156907527
"PODN",5.46268370782665,5.28072429172865,6.57141063641404,5.02596345433389,5.49165273270531,4.98896808752624
"STAG3L3",6.65375981739783,6.59698438339265,6.69726825935597,6.65179842733786,6.58458917618073,6.57082196690698
"SNHG11",8.23418472593573,8.00246769211164,7.87819958590748,8.22907940417133,8.48431721191964,7.98671204508769
"C11orf45",5.22411723473243,4.90491546544878,4.86296472820736,4.77291247508709,5.11210946503177,4.58127373257168
"EXO1",6.58725916525107,6.50312951392523,7.5161296999261,8.10658572845733,6.58458917618073,8.45759277300808
"RALGAPA1",12.3590501606448,12.4042370367281,12.2081667040224,11.9010984935219,12.1999528852504,11.7075436487821
"WBSCR16",7.60996522475048,7.56963839252502,7.66959197425824,8.031939315567,7.63525730672253,8.46009837150516
"LIG4",10.1623911258836,10.1280814305341,9.93418630645876,9.55493684114571,9.80675431059308,9.23303709742854
"GTF2IRD2B",8.45950617542595,8.7897539286858,8.24801918127465,8.68628738323734,8.45965574735079,8.98300116003085
"ATP2A2",11.6703090195256,11.6330964446526,12.0354353984111,11.7337322484553,11.6863755388854,12.0719976816611
"ZWILCH",9.69072467059024,9.80532184408172,9.44766184351431,9.7417029937363,9.75348185295997,9.54231955495077
"RPL4",13.8019150494688,13.7948708927033,14.0126936063042,14.3227023071283,14.1706526176074,14.3584079713494
"SNAPC5",8.19172708519929,8.24108025118725,8.04492768270582,8.17513332165389,8.12775706975868,8.46009837150516
"STARD6",5.3344412562722,5.43072800972915,5.60065691610817,5.23135019106063,5.29596108369109,4.83010453277739
"GOLGA6L2",4.99520527768772,4.69525161239808,4.63910910251109,4.55239249687834,4.74232802187034,4.33057497578978
"VWC2L",8.70525771624932,8.88173805488778,7.90644722971276,7.43269165182521,8.06657780568588,6.40604308854489
"C12orf76",9.69325305135858,9.64096198312603,9.51665554875407,9.43381343680006,9.71526704719357,9.3126607843239
"ZCCHC12",11.4822003071384,11.367290490585,10.7836258473362,10.7034712395991,11.2522412597176,9.34006332964509
"CNTNAP2",12.2547085023172,12.3764520931176,11.6033999280048,12.766559654049,12.1555948346582,12.9712239225401
"GALNTL6",10.9277947007953,10.9522197130177,10.176925725432,9.25162360904461,10.2046919897802,7.22503328181531
"LINGO2",9.61806638523014,9.7619323928998,9.33857891940322,8.5328110900739,9.1722099434197,8.35629081786045
"BBS1",7.14662114384871,6.86924378332948,6.8122948523233,6.79998987983057,6.8503189605295,7.19479807814737
"DENND4A",10.3622423993751,10.4238992029886,10.43748832202,9.98646301798847,10.2914840438736,9.6237112353592
"IGDCC3",8.97450735232434,8.7834071312589,9.47415769676147,9.6959879642631,9.78981278598363,7.64998695820449
"ANKRD36C",12.1787517594913,12.3957846026177,12.3011461308177,11.56743438967,12.0747567422904,10.9171401264381
"SLC26A9",4.87482195210638,5.09718127405855,5.19204933581343,4.71402308857299,4.86095996838829,4.68467332000649
"MFSD4",7.25517290337706,7.27228180361364,6.82449048673678,6.25557621208894,6.70835702131992,5.71840792780094
"PELI3",8.39243476627361,8.17456027369429,8.27851112581537,8.26319580501232,8.78771523027141,7.55871379354643
"TTC9B",8.35448204461937,7.73788899500471,8.08496485668686,7.08653824488785,8.29698848856491,5.65810362455486
"TMEM81",6.88187679516349,6.88558122958182,7.10845497857026,6.7279384444836,6.79235481056696,6.57082196690698
"MRPL11",8.37358412581227,8.18425478613742,8.33761216785268,8.60009838252429,8.46191531390061,8.39348518624799
"IL20RB",5.72424503540458,6.11466471136286,5.98677983682015,5.39408088420441,5.46935070319513,5.03357482878391
"GOLT1A",5.70087603390657,5.62971160557788,5.0153475618871,4.91404266993799,5.11210946503177,4.33057497578978
"AKIRIN1",11.1161403423326,11.0309736289435,10.7194630138172,11.3212400806099,11.1546687092272,11.5038445911082
"NPAS4",7.0451330407818,6.24026434647469,6.43225541936395,5.54997731954909,5.34903754503733,5.07532107295397
"MSL2",9.96000497232785,9.90888842243682,10.022715374047,9.83804704028326,9.85727199470236,9.4447388392578
"ZNF497",6.88187679516349,6.81046349923715,6.9628925018021,7.29725485245688,7.33529412807663,7.36167716427533
"TRAM1L1",8.72766818498407,8.79607281247516,8.53076178760897,8.86093478417512,8.81621865930351,9.09827227609654
"CMKLR1",4.33057497578978,4.58878259651035,4.33057497578978,4.55239249687834,4.80549449477315,5.18746296578136
"ANGEL2",9.91306350742389,10.0351450061185,10.1607129164121,10.1826743200657,9.97474687607924,10.4137372573069
"UGT8",5.81299943796065,6.05442078166421,6.14008014374634,6.11225279239186,6.09646749403237,6.15160304901779
"KY",5.79147317606317,5.69527237656877,5.60065691610817,4.82464481268825,5.49165273270531,4.68467332000649
"IQCK",8.144261606223,7.89617111940036,7.74677010774564,9.00864163261508,8.25326000806279,9.37757137509462
"ZNF266",9.64313115830042,9.62805128742099,9.61006033266178,9.40872173783736,9.32121711763132,9.3427751186104
"SLC29A2",6.99564779673892,6.78446930270084,6.36527543281753,6.85007747191337,7.11981699628916,6.88801804929274
"BRSK2",9.50315144328339,8.92465225905957,9.34474682174218,9.31782845723895,9.77085329001239,7.73155801716285
"GRIK1-AS1",5.5207400332063,5.51016048524524,5.3782345210694,5.28112095084593,5.42310223496893,4.76371589021208
"B3GNT1",10.3843082951788,10.1405281502954,10.0367442164344,10.5826703414301,10.6362676127667,11.0027196916089
"TMEM167A",11.9104912875814,11.9951498277122,11.5585945226999,11.6691147823679,11.8033386851249,11.4423335117906
"SH3PXD2B",11.0638828621808,10.9620686507239,11.1826735997048,11.1858240916842,11.1736881247301,10.9711099242131
"KIAA1551",10.6680746204802,10.9479780655237,10.6891068172323,10.7457339792277,10.8994421750508,10.4662481776787
"LARP7",9.44281449952478,9.55923204256528,9.3508884167659,9.69847409795861,9.47756192885912,9.90711967824023
"FGFBP3",9.21183054218733,9.24390819191755,10.3130844661732,9.70590686660947,10.3685523791713,10.022333799207
"NR1D2",9.39390068104039,9.56540209165439,9.37318611230145,9.101814393448,8.85450999374424,10.0332806264328
"PABPC5",8.22719544304341,8.30464288391456,8.06508672927444,8.4950810177533,8.38063033373842,8.68657213707634
"BRMS1",7.7875724749967,7.37856072812948,8.15243586610618,8.88152806691774,8.33695871293833,8.65195278153725
"RPL15",13.6402573469199,13.6244060611972,13.6005960194091,13.7483762414554,13.9144186593877,13.6640368770569
"C4orf32",7.56044579433542,8.03143602779667,7.3271073717309,7.16691083790693,7.64730366489002,6.41697671329194
"HRAS",8.95986735118201,8.67098600898378,8.73896859456404,8.91900723185794,9.27836757882288,8.07786280762824
"WDR49",9.11325254656808,9.25769619590342,9.27324718940175,10.6835396699818,9.33111670042801,11.6220280973519
"SRP72",11.1597344269428,11.1366249320301,11.01698267326,11.1175243735513,11.2580853469998,11.0952015325825
"RIN1",5.14109345202186,5.09718127405855,5.3782345210694,5.98648331822425,5.42310223496893,6.49103195422233
"THAP6",8.54056738369723,8.66639283668562,8.80315924048954,8.49889901448186,8.57476071043855,8.71828678420789
"CEP135",8.52642419646877,8.77703217144969,8.66520786575491,8.79111522129111,8.5851575916591,9.23011030807532
"FZD4",7.91083738640365,7.91962668990232,7.80201515746545,7.25209128692734,7.28963530626763,8.08764021415036
"CD248",4.33057497578978,4.84495094307666,4.86296472820736,4.55239249687834,4.56883750728876,4.98896808752624
"PDZK1",5.0958257135656,5.09718127405855,5.13786241172375,5.3049269085433,4.91093888395682,5.34453517938545
"DENND6A",9.28241204623931,9.36207237766643,9.6864929844304,9.7157579611929,9.36041351770686,9.83387289626321
"PDE12",10.2266167118091,10.1836654739117,10.0606588783785,9.54115010485859,9.69529399454911,8.92623580383093
"GLMN",8.59578559098937,8.75341226294318,8.64198552070115,8.45829372797316,8.56638861486144,8.76761705596929
"DNAH12",6.14437114006863,6.26653250017841,6.18054720532947,7.45271987624042,5.82678316373963,8.91897993279777
"YIF1A",8.18091264014681,7.9691585288187,8.26552265982298,8.567758033203,8.61793023799506,8.91897993279777
"CNIH2",9.40474343802344,9.37196479779148,9.19573660328902,9.50467460491888,9.75899022482665,9.19901427417006
"NDUFA11",6.86349994425119,6.41364234346673,6.57141063641404,7.06569315570874,7.12563200576146,6.69981722026509
"RSRC1",9.43679035311619,9.44071530760352,9.32200083226283,9.3686842883176,9.13170855443281,9.42696122700476
"RAB1B",9.29578954005081,9.29383136715744,9.22501566579773,9.79067993760519,9.67309634538238,9.74137746378507
"PTDSS2",8.44754256766867,7.92736006298722,8.13824378640928,8.71280977457492,8.78411221189615,8.75544240551484
"C19orf70",7.4376478785882,7.13709168804272,7.53079143157882,7.70678240824869,7.78075476438535,7.35624264735902
"C3orf33",7.28274489527678,7.37286346670873,7.20377091105087,7.1571156741233,7.09036942125385,7.13227778960985
"SEZ6L2",10.5363303200574,10.2738037122439,10.4024631958566,9.32106011468672,10.4445604566783,7.23694571614715
"ASPHD1",7.30978258738388,6.95676981986346,6.98465473288329,6.78071837564872,7.34524114011646,5.15195654074678
"KCTD13",7.95390916723045,7.91962668990232,7.91203005704628,7.5854610146237,7.88930295088665,7.09336464344323
"AMZ1",5.36825224778896,5.53524434648493,6.00991838444328,5.43553531135657,5.59610890044655,6.26699080821412
"GPR149",5.9531937412958,6.02312871455732,4.94418431550225,4.82464481268825,5.67254547946021,4.33057497578978
"FUT1",7.36877029660064,7.20954211151148,6.46448655819503,5.51331587387945,6.7774670989655,4.94087121374919
"DHX36",11.2564630752607,11.294919591541,11.4570143050134,10.9268947572403,11.1546687092272,10.8256767336015
"ZIC4",7.0451330407818,7.17707819150479,5.86366298223323,8.14859490983899,6.55838671547071,8.90067840911913
"FBXW8",8.97242502650014,8.98855297640755,9.11140244211204,8.95830584158016,9.01060380982844,9.23741615377881
"KLC2",9.45180373741922,9.1484500301391,9.15886348549954,9.23800928750258,9.53113752748308,8.89883537704503
"SLC22A1",5.70087603390657,5.97458977678836,6.00991838444328,5.74594758405598,5.7264309006772,5.99399275429218
"CTBP2",9.9694211613608,9.86054563071746,10.4489768397321,10.7612685967097,10.7034892986813,10.467490206104
"CHST2",8.88655806209392,8.49819140515285,7.8318023376384,8.28328174582559,8.53669540293574,7.67191294711084
"ZDHHC14",8.56844213982876,8.63617355566335,8.56292471789015,8.3609196104459,8.63404011122319,8.41689570901026
"ATR",10.486201526588,10.558598518225,10.2962213722168,10.260427233978,10.0913914833328,10.6310435989517
"FAM211A-AS1",12.1198609469744,12.0276678987433,12.1733901266782,12.3741421663427,12.4261502873709,12.2005906183997
"UBE2C",6.69631622744201,6.49227442759739,7.36043382064508,8.49699128698534,7.01702036134237,8.66503306417162
"GK5",9.18331956688118,9.18097797195962,8.62516505955278,8.97482478702602,8.99355396371596,9.0207668972356
"VCPIP1",10.7339946524381,10.8386868338675,10.7491934423044,10.4114700903393,10.6948969036195,10.1321540055986
"RTP1",6.29551855050175,6.186010907159,5.81044805857035,6.04529202176455,6.14621490998224,5.59411117987997
"DES",4.80259831140558,4.33057497578978,4.33057497578978,4.87127988604197,5.14598214718274,4.33057497578978
"PDIK1L",10.9912952849743,10.9648703248936,10.7843817526221,10.3165129967385,10.7594998499312,9.56106683991954
"SPSB4",8.77146661305494,8.70273324707026,8.6453260878984,8.63866057645434,8.67937359856656,7.4811886036557
"TRAF6",9.31890516947498,9.32617696587529,9.23833079300592,9.36137875031349,9.39974749627067,9.3508799772661
"ZNF654",9.1851181449304,9.18579436923497,9.12102070761667,9.03644595288523,9.03807483320352,8.82892667498782
"TVP23C",7.76836569039717,8.20662278524194,7.91203005704628,7.34100315303529,7.52194936736348,7.8930562109277
"MRPS22",8.94082279178687,8.76634396910689,8.87885499257802,9.08796437302086,9.0797913109447,9.30433728213604
"PACS1",9.96837795039781,10.0832219271832,10.3604954573297,9.41780519104758,9.84523920640029,9.04595924739587
"MARCKSL1",12.8189680573851,12.6156773057481,12.4180162086029,12.9156667473888,13.0621097422797,12.1831231866586
"SH3BP5L",9.51749218542274,9.3873740190436,9.30522964299305,9.70508289414492,9.94122552186814,9.35357149092632
"TMEM51-AS1",6.50519094232758,6.17206882112393,6.00991838444328,6.05671361986226,6.37900788898933,5.89830401412361
"YPEL2",9.01148267442324,8.88766597424015,8.77294969540263,8.77704892531192,9.08711504047757,8.75951209785585
"CADM2",11.975515230207,11.9894288926034,12.0761271442242,11.4450277149886,11.884915407932,10.2143587582018
"PSMD2",11.653537835055,11.5334530364367,11.6662580249062,11.84276636972,11.8194564962902,11.9907685549584
"FAM182B",6.00844026539826,6.34220771365591,6.0767532850492,6.57858717013109,6.49513717052095,7.16389018268598
"PPM1E",10.0623042442125,10.2043644569208,9.80302282324439,9.65476190956148,10.2006506586365,9.06415721364255
"FAM131A",9.54994396821635,9.17936891774307,9.25589484940974,9.13280456041732,9.38319138174656,9.26054876739282
"CSRP2",8.73260115285752,8.73379375907277,9.07722297487228,10.6320380308461,9.01828742588139,11.4084657503802
"INHBC",4.60390596466056,4.58878259651035,4.86296472820736,4.55239249687834,4.74232802187034,4.33057497578978
"PARL",8.95354714924206,8.92272915376826,8.89577128390487,8.82644899120242,8.73269745384022,8.71409841552894
"DDIT3",7.85736845283788,7.92349862982285,8.28710505000652,7.85190101178858,8.06061204489979,7.45605930274817
"PCCA",9.09231650683789,9.15173610892029,9.28184555216452,10.1363732948867,9.49527603529314,10.237842113114
"DCTN2",11.4029826149161,11.2599891273334,11.4636359763632,11.5696981948928,11.5144833940932,11.4104041717148
"NPPA",5.26254826080776,5.2124335202594,5.19204933581343,4.87127988604197,4.99924798284876,4.98896808752624
"ZNF408",7.66302429663445,7.39551484013009,7.5525018847791,7.70345665799784,7.9127074203427,7.30635793952625
"CTDSP2",9.1170265857431,9.12021117526401,9.22724342445483,10.0390565422696,9.59926523175762,10.284396639343
"CKAP5",12.7543406105297,12.8751896589301,12.681277220554,12.8844545519861,12.871014342127,12.7636174920866
"ARHGAP1",9.29745302067819,9.18419069369384,9.27755278995927,9.25950623978589,9.402097194175,9.78089098617981
"MED16",8.1845265564615,7.68399881186436,8.23029881608044,8.83552536934532,8.67159164285877,8.34548396504814
"ATG13",9.9494698912264,9.78748934773527,9.61346917678294,10.0591814587708,10.1152045533836,10.3033013604969
"GAL3ST3",7.38154779352706,6.95676981986346,6.94077887024594,6.7279384444836,7.26360887976938,6.80127051198349
"CHST1",8.30558112606882,8.12842844023932,8.20783497667597,7.3750425574174,8.37344359628965,5.81198514857821
"GOLGA8A",9.73557036276821,9.4500837216424,9.31573450692466,9.2103881604142,9.52791403335681,9.31542462635113
"VWA3A",6.94431161196086,6.97969885755654,7.0271704621372,9.13892330036073,7.5479271328579,10.2414770832742
"TP53I11",8.93441813638862,8.79817294655836,8.54156309644457,8.75648466552255,9.46300706306253,7.6455606716121
"APITD1",5.67698376420325,6.05442078166421,5.69565584988958,6.49306630528759,6.00415649635366,6.80127051198349
"DOLK",8.64634506583055,8.44818824425593,8.39436969427517,8.42254948488586,8.4997928231422,8.9244252661372
"CCNE2",6.28119912210877,6.36646410882688,7.24908276591028,7.40004002884461,6.29531752794964,7.46112122694523
"PHYKPL",8.40486543042777,8.54149919794881,8.79416288500709,8.76601245500825,8.57476071043855,9.26627430247844
"GRAMD2",5.49214979402744,5.69527237656877,5.96317797384801,5.15028716110163,5.39908280147121,5.15195654074678
"ZNF519",9.14686776582168,9.3159637895208,9.04221169520246,8.91044451239327,8.94921969054632,8.59385229957226
"LSM1",8.73996898181716,8.68921314870482,8.87032160339421,8.94299494376949,8.85450999374424,8.78169162450539
"BANF1",8.98693838408299,8.89160438305601,8.70095774384844,9.40161700701979,9.43803565884169,9.67085843112171
"CHRNA7",6.35123217836489,6.64638115531134,7.07853172863903,6.78717281962596,6.79973756323268,6.89563633808235
"TMEM9B",9.88569500320504,9.73591402186529,9.62364758391196,9.87000747075552,9.71998200957284,10.1164028340046
"NRIP3",9.48575194320407,9.3873740190436,9.22946774065048,8.15588169151659,8.87835653452887,7.15133162417071
"PTPN2",9.10757286225941,9.08626353247239,8.95883351473242,8.84154459697104,8.70055901923613,9.17942216068995
"SCUBE2",8.29559720822196,8.38802243974816,8.41018140881965,7.2748558624593,7.69061605082664,6.96235222053922
"EIF1AD",8.55457246948722,8.73817664251288,8.37031995901842,8.53653006985102,8.84070362922729,8.34004979454148
"SMAD2",12.191543259921,12.2435705237981,12.0181893562353,11.9439609925656,12.0268795262834,11.7772987436494
"EIF3F",11.9371201336245,11.9364174942944,11.7888367685607,11.8850091071635,11.8048920582432,11.7624518925141
"ZNF25",11.2615803870596,11.2811236735267,11.1798039179684,10.4905558604018,10.6886592941138,9.93432925074133
"ARL10",10.7589385366158,10.9611335487209,11.4369649425782,10.0732951226019,10.2497191784944,9.67946231096837
"CLTB",9.76831189842386,9.40812435886994,9.52573061442293,9.50940289037947,9.97789910357067,8.61872090139936
"PCSK1",11.5064712034256,11.1241473533929,9.63207500609705,9.05079842218446,9.73775948089661,7.35624264735902
"LPL",11.9172622748027,11.9247143180825,10.0903106704478,11.8696572255801,9.72561967624564,11.7924898925588
"RFESD",5.5207400332063,5.60690679268508,5.3782345210694,5.3280834021818,5.53476861827663,6.20421240927874
"CCDC14",11.0357825678618,11.0950325788203,11.3312781400443,11.3255332010157,11.3714528724078,11.3638146944972
"SART1",8.63057049591439,8.25340717882698,8.61156529937367,8.76284354155449,8.89681945678756,8.62988390478554
"PPP2R2D",10.2099442004889,10.0615673242295,10.0755610054321,10.2406681726529,10.4210183493019,9.72588673215536
"MCTP1",8.37989528015012,8.64553973613791,7.68275068519138,9.14865948934634,8.10185782762859,10.4437067791169
"POLD4",5.29925920898593,5.31286008562374,5.53204272811162,5.39408088420441,5.07654591073903,5.45239055899795
"DPP10",10.8551761033147,10.9361298408954,11.0304261637619,10.7782047728653,10.739214321056,10.4705906052564
"CLCF1",5.04742567774093,4.69525161239808,4.86296472820736,5.39408088420441,5.49165273270531,5.15195654074678
"TSGA10IP",4.93817568778476,4.58878259651035,4.94418431550225,4.95373220111794,5.03903521958369,4.33057497578978
"UBQLNL",4.7165496130104,5.00838899562681,4.7660846074949,4.82464481268825,4.66714835127326,4.94087121374919
"LIPT2",6.111792441977,6.37842206372085,5.88936033417274,6.07923636656541,6.18224393265002,5.71840792780094
"KCNE3",4.33057497578978,4.33057497578978,4.33057497578978,4.33057497578978,4.33057497578978,4.33057497578978
"ALG10B",8.67993999982361,8.8375031438208,8.47925120479722,8.80041682163862,8.78951335673895,8.63875221389143
"DRAP1",9.28409104649794,8.89356954853587,9.02694202014253,9.48079753003947,9.65153897107057,9.04429341443123
"LONRF3",6.86349994425119,6.82751949701701,6.58599920034065,7.72984654518072,7.11981699628916,7.5867205581135
"UCP3",6.66452682316319,6.72179300651678,6.76238112537073,6.14439749474012,6.42866709038505,6.08250174298976
"UCP2",5.76951971169128,5.87100821421757,6.51138402021999,6.06802763232559,5.76091096778062,6.92569080701315
"C11orf68",8.23069435517052,8.17131409702859,8.25679769619421,8.59475869186419,8.68131251477216,8.34548396504814
"PAAF1",8.8821270892434,9.07937681733752,8.93448532338502,8.84604253092203,8.86136375746045,9.06251233281305
"MRPL48",8.59307457615746,8.63852083669891,8.48299253765297,8.65755998564566,8.71008638910114,8.54278339593474
"RAB6A",12.3141980372123,12.3518717590282,11.8068037027334,11.8554396927385,12.1621889610518,11.4084657503802
"FOSL1",4.33057497578978,4.77662214806139,4.94418431550225,4.71402308857299,4.74232802187034,4.68467332000649
"ERCC4",9.72942462735665,9.88738381852671,9.54906166329671,9.75847904130288,9.72468159543202,10.0189487528697
"SUGCT",6.33753079965724,6.45915625855364,6.76238112537073,6.50107558601883,6.19402372481779,7.17633604835938
"CCDC85B",5.49214979402744,5.09718127405855,5.56693702969189,5.47521948736164,5.69081184736494,5.22140032273235
"TMEM70",8.54337936186997,8.62674585515214,8.29138273173614,8.34190133605847,8.5579673737721,8.22384451131824
"LINC00476",8.22719544304341,8.25647238048532,8.49415830819509,8.04247056979435,8.37344359628965,7.69778336659097
"RPS6KB2",8.37041808834304,8.09454011614963,8.41802230083098,8.55681386040482,8.64997117320766,8.26459454934892
"RMI2",5.91485715615986,5.92395793531019,6.03261425473495,6.78071837564872,5.8583162996779,6.91074633659562
"TOM1L2",10.0603473922301,10.0413536694145,9.97582425945368,9.81608509539813,10.0686575612829,9.91988142197902
"ZNF77",7.14662114384871,7.19015494350677,6.6427968877454,7.65949546353462,7.75134088524586,7.6805890691043
"GPR156",6.64290506183329,7.04627361157714,6.20029399103025,6.70074998087008,7.04190649928189,6.61834268185337
"LINC00116",5.43226952355336,5.45795213323723,5.98677983682015,5.6525587184268,5.76091096778062,5.28523604052962
"B3GNTL1",6.92676259669851,6.82751949701701,6.92958651312438,7.35386512212328,6.91270089209392,8.30978741587605
"MLXIP",9.1170265857431,9.08626353247239,9.44766184351431,9.0892289894907,9.01521890322333,8.55220489792328
"BAK1P1",5.76951971169128,6.0388771203416,5.91449335713677,5.35063533644267,5.42310223496893,5.71840792780094
"RWDD4P2",6.54099217405613,6.35439345161833,6.34796986470843,6.33973246271108,6.27350364256348,6.71726694632154
"NR2F1",10.5847750401543,10.4047664165647,10.5439947262936,10.9458429094732,11.2069679516792,10.2723652425412
"EIF3KP1",6.12819034179057,6.06976574579927,6.05488661074004,5.37262261357025,5.29596108369109,5.45239055899795
"AURKAIP1",8.33186933541099,7.81506738043907,8.26552265982298,8.65243022935743,8.61184210728188,8.24436467501735
"TTLL11",8.51500835691647,8.5639081702684,8.30413957857438,7.98356144345384,8.42995252440677,7.19479807814737
"EIF4E1B",5.18373077138573,5.09718127405855,4.63910910251109,4.82464481268825,4.91093888395682,4.58127373257168
"TOMM5",7.58817079353714,7.60396038345923,7.26680255576584,7.1958881982195,7.38433704713278,6.92569080701315
"LINC01106",5.74711795931809,5.85279833732561,4.63910910251109,4.82464481268825,5.70876948923922,4.88837907797739
"SLC35E3",9.16703041184271,9.32034973886536,8.79416288500709,8.76125645952851,9.01828742588139,8.462599597548
"PRIMA1",5.91485715615986,5.53524434648493,7.07853172863903,6.06802763232559,5.96229157958667,5.34453517938545
"ZNF169",7.21992247057651,7.29660770278445,7.20377091105087,6.97900650440671,7.29991146090615,7.06007821984279
"RUVBL1",9.78618527567107,9.56540209165439,9.72008231531327,10.4210320840956,9.70864007468734,11.0294533387771
"MSRA",8.48898549385237,8.5859724737242,8.38239530543292,8.39206598500318,8.15878673236071,9.1657004441768
"CCDC168",5.26254826080776,5.09718127405855,5.0153475618871,4.55239249687834,5.11210946503177,4.58127373257168
"CTDNEP1",8.20246030796334,7.92736006298722,8.34174173769797,7.99445490304425,8.13911874261562,7.84765914901282
"ETV4",6.2520628250378,6.22692081198388,5.93909051704448,5.99848057344674,5.77775078358577,6.30320502760512
"SWI5",7.0612404615827,7.00225076772355,7.1945286559471,7.60344340280255,7.16566744120956,8.43992984962074
"BAIAP2",8.50926617579326,8.11834614368255,8.82393424673125,9.01264673655776,8.89348015170076,9.29456531891408
"CALCB",6.71709701753066,6.49227442759739,5.96317797384801,5.35063533644267,6.8573932640096,4.68467332000649
"CREG2",10.1541579748165,10.146300050678,9.00372920050377,8.82188921388764,9.50514531524311,6.67320839276355
"RPL7AP66",4.80259831140558,4.58878259651035,4.7660846074949,5.3049269085433,4.74232802187034,5.81198514857821
"ZDHHC21",11.2611546371013,11.3221218022791,11.2377966695784,10.8168388100473,10.7219323849184,10.9885160758891
"PLEKHF2",6.9872241670526,7.42882027812935,7.61569752442371,7.95037209575121,7.55648106711701,8.3908602425552
"A2M",6.36478816236259,6.34220771365591,8.53437126979068,7.24749340893775,6.45757155210179,7.83994996356416
"ARL4D",6.8354600493058,6.64638115531134,7.00607707526862,8.55131030298727,7.02328422924964,10.0631681547798
"LRRN1",10.9923217476587,11.1898800965766,11.2333749503812,11.5009011875121,10.9488585168283,12.0215301552413
"UBE2O",10.3622423993751,10.0883709897257,10.2909109548261,10.1921115208319,10.5953010868866,9.47718330387215
"ORAI3",6.40461685682177,6.25346714605822,6.25772181162451,7.06043229251081,6.55838671547071,7.88558998999751
"UNC119B",9.68311280066463,9.65838309398688,9.96652671283904,10.4790382386848,9.96286424904966,11.3142904172286
"DENND2C",5.89520136979655,6.14370258404416,4.94418431550225,5.70027502758029,5.49165273270531,6.16496703674859
"PLEKHD1",5.04742567774093,4.90491546544878,4.86296472820736,4.99090412180236,4.95674843757777,4.68467332000649
"TUBB6",7.90206434329552,7.66556973088888,8.89857141295084,9.75609438644094,8.18915665934638,10.2320070329288
"LYSMD3",9.13202452871453,8.98855297640755,8.92901816256516,9.05985781405205,8.88341544025648,9.66545480052321
"B3GALT6",9.62999354070297,9.35781187672429,9.14242958457957,9.4298280255958,9.61149782838727,9.32779667882478
"ZNF613",8.72271821537243,8.80027001543557,8.39436969427517,8.60718720155449,8.70628302304003,8.32086608716149
"CHDC2",6.22223378738274,6.34220771365591,6.23887088147353,7.83985469913699,6.33784955861795,8.94063860963047
"TMPRSS7",5.29925920898593,5.55970553524277,5.13786241172375,6.90430184754237,5.87375914045291,8.86902089725499
"NUPR1",4.33057497578978,4.77662214806139,4.63910910251109,5.0909007841773,5.07654591073903,5.99399275429218
"JAKMIP2",11.748932142621,11.8659799101951,11.6418595914399,11.382788561334,11.6084626771761,11.2293602912101
"RPL23P2",6.26671530794524,6.49227442759739,6.27629400697231,6.366589959339,6.2844576999073,5.94713050764567
"MBLAC2",9.28409104649794,9.40124074595961,8.82981521066513,8.57861934786081,9.13312429630922,7.67191294711084
"TPRN",7.3751736125526,6.92558771782441,6.89544820275353,7.46065189899311,7.7916296063901,6.69100632749698
"SLC35A4",8.61995696851919,8.62437922204943,8.67831104441804,8.80812242009165,8.75679763247672,8.89329206113673
"AIM1L",5.81299943796065,5.43072800972915,4.86296472820736,5.02596345433389,5.74380775294986,4.68467332000649
"IP6K1",10.851221109517,10.70375489621,10.7107412051471,10.8045881456005,11.055617621506,10.4462288492962
"SSNA1",7.9238963428382,7.30262350826576,7.91759106235902,8.33977251533237,8.16435677203213,8.07130711424953
"CSTF3",10.0145907207525,10.1504087354228,9.8672437998343,9.74651611081057,9.88019818576022,9.84634211268774
"YES1",9.91523070270785,9.97710482637841,10.2433162024206,10.7397142891322,10.000548911285,11.4527169797079
"CHMP6",7.98330238405137,7.59423896180188,7.81400512101009,8.17990596670228,8.37344359628965,7.88932800041491
"DLEU1",5.36825224778896,5.79633174395148,6.49593802186075,6.92772575729312,6.00415649635366,7.85532673182994
"UFSP1",5.76951971169128,5.43072800972915,5.41912560421338,5.3280834021818,5.51344929562775,5.67858866699434
"TMEM39A",8.40486543042777,8.51618269687899,8.57699109984022,8.40433733198799,8.54097510972847,8.80943375659142
"TCP11L1",9.1170265857431,9.27888511320198,9.27970077105899,8.89171511871018,9.22228255718215,8.20900481354466
"CCDC57",9.12641860295638,8.97005160344851,9.16584954006191,9.51128986746541,9.54395985411915,9.65349499773249
"HSF5",5.9531937412958,5.85279833732561,5.29031095099465,5.81805978469791,5.94799804642505,5.45239055899795
"SPHK1",5.18373077138573,5.05426032044833,5.2426758087291,5.99848057344674,5.76091096778062,5.91480976668293
"BNIP3",9.1170265857431,8.8678104264034,8.77294969540263,8.92893303956472,9.16669085291503,8.85957561010754
"MYPOP",5.87520277529963,5.7368316223205,5.96317797384801,5.77536139914715,5.87375914045291,5.77550668699715
"LRRTM4",10.0524933142623,10.2991898989315,10.2166776573238,9.79533249137034,10.0716111932806,10.371236164268
"ATAD5",8.34160426329624,8.5084997679839,8.54871904204772,8.71772864628175,8.55585431634013,8.5404183190413
"SMIM19",8.6951841343469,8.62437922204943,8.45278483601261,8.26094652409205,8.31711312572518,8.59385229957226
"ZNF404",7.50912406189651,7.53953995283721,7.68275068519138,7.33668941949539,7.33529412807663,7.82830717021178
"RTTN",9.07495748714055,9.07937681733752,9.45338070182393,9.5141157064915,9.21962000682122,9.45103518024498
"C10orf111",5.49214979402744,5.62971160557788,5.86366298223323,5.99848057344674,5.81067810207035,6.21702304029175
"ACBD7",7.87989202519444,8.03501602693746,8.0347402825363,7.54507410269512,7.71750400309801,7.78075715668249
"ANAPC2",7.79233381817689,7.5191112184808,8.00373387735555,8.06071517241143,8.28170706968008,7.88184212728081
"ZBTB8OS",8.44152310361832,8.5084997679839,8.22135559310035,8.47195701967692,8.33942017719165,8.66068619897956
"CYCSP34",5.22411723473243,5.6520241287847,5.66493901424027,5.12120644125242,5.32290848716218,5.11466593771837
"SLC35G1",8.12181087574416,8.20662278524194,7.86674150542615,8.01599512300708,8.04558755474859,7.88932800041491
"SLC25A53",7.3493827656466,7.59423896180188,7.76542522490381,8.17990596670228,7.60262243590723,9.13316495890527
"ZNF135",8.3576834732361,8.25340717882698,6.94077887024594,7.88743916870191,8.48653826724274,7.81656814366023
"COX8A",9.40319946182807,9.05501034833309,9.47228121491397,9.66835359527486,9.45962725792425,9.27482013441511
"ZSCAN2",9.71332196166359,9.63745234169236,9.61517057916938,9.91701318587131,10.0463103035651,9.08699023198093
"PRR18",5.04742567774093,5.17594971784969,5.3782345210694,4.95373220111794,5.17836802896297,5.03357482878391
"B3GNT4",6.99564779673892,7.10977802219848,6.61470214021762,6.15492760336544,6.78493148136335,5.42659714675519
"CDC26",7.64203905041473,7.67941399406605,7.53079143157882,7.80928422984062,7.82022829088924,8.07458872633557
"HSD11B2",5.26254826080776,4.90491546544878,5.41912560421338,6.04529202176455,5.37441071259404,6.02423069666386
"CRLF3",7.13148432506259,7.24126526423778,7.3438698231556,7.48418291916187,7.23708728805804,7.94425053129944
"RNPEP",8.18813135604138,8.32521805818853,8.49786099064325,8.52159593582743,8.2636699680789,8.8840054332622
"EID2",8.54337936186997,8.51106532078206,8.20329953523338,8.45633115326406,8.71008638910114,8.07786280762824
"DMRTA1",5.0958257135656,5.28072429172865,6.18054720532947,5.39408088420441,5.20943279770974,5.63720988468804
"EID2B",8.27880096134596,8.43743525109495,7.7715894574761,8.33977251533237,8.54524208458489,7.84765914901282
"RIMS2",11.7342829683587,11.9309359878956,11.52958585467,11.1653123495994,11.6188451178266,9.86908257426169
"KCMF1",10.3606532679078,10.2169561554946,10.2289481115276,10.1903467443295,10.2490670987411,9.97943845554583
"DNAJC30",7.22704432932557,6.89367700381847,7.12804990920464,7.48028832437801,7.51318256092913,7.36167716427533
"SPRYD4",7.99159023100463,7.90010733763586,7.87819958590748,7.86384605958538,7.9127074203427,7.94783775386725
"VPS37D",7.75378797125387,7.36714293893297,7.59494511401459,7.83075245367106,8.31210843498759,6.97674618414927
"SYNE3",6.14437114006863,5.95795537545197,5.86366298223323,5.61949520913034,5.7264309006772,6.03906618111504
"CLK2",8.84162139295442,8.75557564791784,8.92353013357852,9.17985474394037,9.21828688247022,9.23157444661217
"LPCAT4",9.1170265857431,8.71167643987149,8.21235607275838,8.33977251533237,9.03049647091855,7.5867205581135
"SLCO3A1",8.37989528015012,8.51873455296006,8.77599939552662,10.1503598741024,8.58722795759676,11.1877716073266
"ZNF575",5.40082433975998,5.45795213323723,5.41912560421338,5.53181738139766,5.65395698090973,4.98896808752624
"WDR25",8.31219858346385,8.26562876801623,8.14772082508125,8.54762949855517,8.64202774393158,8.25595961697687
"CCDC101",8.04032994299301,7.88826584910203,8.21235607275838,8.34614950452169,8.31711312572518,7.61870787941855
"PLA2G16",6.8354600493058,6.96445555233574,7.31014150476043,6.95645192050632,6.79973756323268,7.08014625782913
"DIRAS1",9.66648116516536,9.53302533619556,9.17511183834421,9.3015604644663,9.82174553612719,8.30421575342815
"PHLDB3",5.54851785949931,5.90657782030436,5.98677983682015,5.73093733123111,5.7264309006772,6.02423069666386
"GNG7",7.26902704649298,7.27840315363716,7.21295211595265,7.51495760913922,7.5479271328579,7.77672179555769
"KIAA2018",10.2239969930227,10.4713062265247,10.5705321681793,9.90271246980339,9.90690604115455,9.90437025692039
"CNTD1",5.72424503540458,5.58358169504195,5.49586482724437,5.23135019106063,5.61575483702208,4.83010453277739
"KBTBD11",11.3784611961102,11.2773722863477,10.9424108793672,10.9707260222162,11.425538787576,9.98204848631702
"B3GNT5",8.76425898750754,8.77276642812238,9.00892007671385,9.64190220288678,9.35557192127626,10.1799169371202
"MAP3K19",6.26671530794524,6.19979772223188,7.57388309620775,9.25838278884583,7.14865083799489,10.5553854720139
"LMNB2",9.54854811851031,9.28936376059437,9.54371101527453,10.2349726342369,10.2490670987411,9.68374506224799
"RMDN1",9.76831189842386,9.79905318590705,9.90805875410121,10.0133324062084,9.70388779439902,10.1814316402915
"MEX3C",11.1984962240367,11.1962518450544,11.02211878777,11.2803582500066,11.1385666906043,11.0704872129383
"RNF152",12.3742868877601,12.3817026953191,12.0748920551948,12.2138999102872,12.5995649893285,11.4091121802872
"MYO1D",8.70274593815867,8.9208034727136,8.12870343458196,7.23360799486408,7.87234646332605,6.5513242749642
"LRRC37A",6.68580357978683,6.97969885755654,6.61470214021762,6.58609309898638,6.71621387992826,6.41697671329194
"BDNF",9.70206761071113,9.32908175945099,8.50523779269717,8.16553993551088,8.45739261302119,8.4824538205352
"SCAND2P",8.57120005488272,8.57130070609712,8.50155413570858,8.21984252896038,8.63002956351772,8.27317766751525
"CCDC121",6.76768353188172,6.98725741936592,7.23113467566778,7.48806676121239,7.46851027478775,8.31810444853817
"ACSF3",8.16636486864207,8.13844004306714,8.27419472702668,8.18466272346384,8.41369974159203,8.31533747103444
"BOK",8.15903505160868,7.74228866356456,8.23918644785755,7.53009632512216,7.84478820167845,8.21495919100212
"ZNF843",6.12819034179057,6.02312871455732,5.91449335713677,5.66870520190303,6.04459192115025,5.34453517938545
"TTTY14",8.08359012627474,8.28376756721044,8.21235607275838,7.56724655127282,8.17267132180461,7.52048453789093
"C8orf59",8.3512734418971,8.62910859222468,8.53797169085479,8.81731492179533,8.65195018122067,9.09987679915929
"PFN4",5.46268370782665,5.69527237656877,6.18054720532947,5.12120644125242,5.88899535302041,5.65810362455486
"CDK5R1",11.8174226467104,11.5968330039456,11.3182888568113,11.2257056761671,11.8379996704294,9.42951436027299
"NCKAP5",10.2551237885649,10.3944113231835,10.5368348214293,10.7537213487971,9.93637248272583,10.5066806385687
"RUFY1",9.26551345947806,9.25005250329355,9.39514380663259,9.80689858718647,9.50842010591477,10.1203567888901
"BASP1",12.2632372051781,12.2167921279835,11.7351176314117,11.9001993371274,12.4722653011035,10.4430755717758
"LRRC37A3",9.12266914911813,9.49603300340026,9.02438124038737,8.88735807625832,8.94921969054632,8.97777358702147
"VSIG10",7.60996522475048,7.8316627210426,7.62254778683394,7.72657456869005,7.47304188353518,7.99713254947996
"MIR7-3HG",6.89097298392508,6.74901254157243,6.98465473288329,5.97436269294477,6.47648978420022,5.5258120673756
"IRX5",10.3170710530944,10.1683491327057,9.9994604651227,9.92481852072991,10.2717162337858,9.27197715659007
"METRNL",6.91790282534075,6.65604391987176,6.52664985962964,7.50349580743111,6.96585350046218,7.9901940216119
"FAM91A1",10.3788233951964,10.3117173356977,10.127729897513,10.3320686105441,10.2234031939415,10.8193679137193
"WSB2",12.1320192793291,12.0627417802938,11.7452464776176,11.6661558034215,12.0625645973096,11.0031479284113
"GRIN1",6.56432869610102,6.24026434647469,6.52664985962964,5.37262261357025,6.27350364256348,4.94087121374919
"SOX11",12.180328768185,12.1663689121267,12.3583552301528,13.4642476269314,13.6172290449993,12.4700573912349
"TYMS",6.9872241670526,7.06064047442664,8.9906694493425,8.81578691619792,7.45023632431756,9.41412722557302
"PXMP2",6.56432869610102,6.40200899166213,6.55665892062138,6.8252651653982,6.55838671547071,6.82548453408029
"TCEANC",7.91083738640365,7.93888189586916,7.71512204712023,7.76215746439214,7.93246643504887,7.388537870084
"PNMA1",11.2738727895239,11.1850827465562,11.0737356827713,11.0069297795059,11.1155029655412,10.9396870318227
"C8orf4",5.5207400332063,5.28072429172865,6.4803071669202,7.11215977246549,6.66022149182736,8.11975609815991
"MAMSTR",5.89520136979655,5.58358169504195,5.49586482724437,5.53181738139766,5.76091096778062,5.45239055899795
"C18orf56",5.14109345202186,5.34383018699978,5.66493901424027,5.84564325546448,5.53476861827663,5.75680447202851
"ANKLE2",10.6316452077724,10.5336532301857,10.4442010751051,10.6250881249536,10.6799778248485,10.4835399807835
"C8G",4.93817568778476,5.00838899562681,4.7660846074949,4.71402308857299,5.03903521958369,5.03357482878391
"EFCAB5",6.80682798154666,6.55609522107361,6.29459653090917,5.6525587184268,6.03126530424217,5.18746296578136
"GCNT4",5.97189916146181,5.53524434648493,5.66493901424027,6.49306630528759,5.57607598002124,7.76046456131871
"TOB2P1",4.80259831140558,4.95891832408665,5.2426758087291,5.17826991240815,4.86095996838829,5.67858866699434
"MUC20",7.11618018037421,7.56466638683442,6.8122948523233,6.20627032032873,6.63548630992359,6.9032122694239
"THAP4",8.92583397425425,8.54400644205889,9.06979195486079,9.10306690025399,9.26034613844487,8.59613097492842
"NFATC2IP",8.82324580138695,8.81278855898003,8.56292471789015,8.86684874704198,8.71198430133152,9.13316495890527
"LY6H",8.96406543927637,8.56884075769906,8.06007361605457,8.99790650815583,9.0783220806655,9.18396714702353
"FIBIN",8.45054284500622,8.42931722170164,5.7255112363932,10.0325042420704,8.90844631601676,10.3592417279578
"FAM89B",7.17640770575393,6.85270764240235,7.53079143157882,7.62472430504499,7.99328654100108,7.17633604835938
"SHMT1",7.16902082071916,7.00968649119216,7.36043382064508,8.09399110690924,7.53932097779064,8.462599597548
"DPP7",5.83411797820783,5.6520241287847,5.96317797384801,6.67999007974596,6.9593212858361,6.88801804929274
"SEC24C",10.904537779985,10.7863245135974,10.8573210014982,11.0412685397559,11.1836164735402,11.2983279438797
"SMCR8",8.86426533335222,8.73817664251288,8.63191691685501,8.80196125077407,8.85794096092759,8.73077909581354
"MTHFR",10.2072939857715,9.94245253239996,9.76061282904259,9.89767351037063,10.207379931277,9.54349843488996
"C19orf18",5.74711795931809,5.34383018699978,5.45827589049947,5.54997731954909,5.61575483702208,5.89830401412361
"DEAF1",10.3227954634768,9.96035097728249,9.88003463145601,10.2788124308723,10.6151710146597,9.40637156700623
"MTX3",9.5246093720587,9.55799485536789,9.51118293965454,9.46335760527424,9.31748715572539,9.840600491338
"TMEM80",7.72915364180026,7.53953995283721,7.44043827095953,7.79374856646045,7.76979592090996,7.7967848029881
"SIX5",5.5207400332063,5.62971160557788,5.98677983682015,7.24749340893775,6.35859427178238,7.3724833288726
"FBXO46",7.02883500481642,6.87743702785821,7.03759706541257,7.14229192927363,7.09036942125385,7.28360218235551
"ZDHHC13",9.52318874503732,9.58010328054848,9.1611959404494,9.0892289894907,9.34705975790669,8.90251908139843
"SLC38A9",9.02359951858077,9.05676456344544,9.12341526183461,9.01264673655776,9.19136177398489,8.98820979985356
"ACER2",7.75866388103475,7.70219100840178,7.48634011036382,7.44474282247544,7.77345828366695,6.68213699712675
"WDR73",9.84648449310148,9.64212996644654,9.72953719702195,10.202655058276,9.95967893595286,10.3745503226345
"POLE",10.1216856275338,9.83115168473451,10.13367533322,9.85002223884046,9.87513489777603,9.57842358065742
"FAM109B",4.93817568778476,5.13762512309315,4.63910910251109,4.95373220111794,4.80549449477315,4.76371589021208
"SCN4B",7.81590385069063,7.72904846965339,7.62254778683394,8.72426104368107,8.33942017719165,8.29862231342831
"DSCAML1",8.07192140142713,7.92349862982285,8.46418745624302,7.05515127625664,8.46642378882248,5.45239055899795
"RHOG",6.14437114006863,6.24026434647469,6.65662472716031,6.85007747191337,6.47648978420022,7.30070367541957
"EPS8L2",5.93418371095413,5.7368316223205,5.60065691610817,5.43553531135657,5.74380775294986,4.98896808752624
"ZDHHC22",9.11136180841796,9.00681935856758,8.8646044017896,9.28951268396801,9.68664863544286,8.29581737308345
"MRVI1-AS1",4.99520527768772,5.09718127405855,4.86296472820736,5.28112095084593,4.91093888395682,5.63720988468804
"ANO6",9.35928204576691,9.39986006628348,9.57901226323129,10.6154769886993,9.7862206309522,11.121473138768
"ZBTB34",10.1921833885896,10.1804544744002,10.2367025621336,10.0046546680198,10.3763360214919,9.65567690395344
"LINC00982",5.89520136979655,5.87100821421757,6.399200953035,5.4150421589993,5.90403138225395,5.11466593771837
"FAM210A",8.85072182485831,8.74254619225178,8.5839729087344,8.64211539283331,8.87666626836688,8.45508278664294
"TALDO1",9.93992203541429,9.71497772932437,10.1217598428862,10.3283291427522,10.2220747021403,10.0113032114136
"ULK1",8.14796931794989,7.64689739282451,8.56292471789015,8.25869370048115,8.52809748622889,7.3724833288726
"NAP1L4P1",4.93817568778476,5.05426032044833,5.33538540566403,5.4150421589993,4.99924798284876,5.571858798105
"RIMKLA",9.55967722959322,9.63979305225456,9.61006033266178,8.83703254141033,9.59824114510191,7.01208376966761
"CLVS1",10.1814209294664,10.3357289395465,9.67185436406061,8.74207342933317,9.80231528662451,7.40966184429143
"RPS6KA3",10.0475626978228,10.0737339493309,10.285580907915,9.85745652553697,9.84954817173239,9.63481417012042
"PUS1",6.81643943712401,6.69400971602305,6.89544820275353,6.81899045926147,6.66022149182736,6.88035690059614
"CHD9",12.9157300204887,13.0840439952377,12.9590998461657,12.5631215582961,12.7701158101543,12.3583546396768
"PDDC1",9.51033966023747,9.21592954677477,9.28398714281601,9.75529862381276,9.95488772997467,9.7217275922757
"MAN1B1",9.89780121400756,9.57521953368805,9.65541288542439,9.87587619309807,9.9943361497789,10.1187765079294
"KCNA3",8.54056738369723,8.40468346190297,7.37680414175874,6.63025606291703,7.82728884990171,5.881557447727
"FZD8",7.0451330407818,6.59698438339265,6.6427968877454,6.69386575843543,6.5226185101805,5.81198514857821
"KCNA2",7.77319182083642,7.86830822747009,6.49593802186075,7.84589062237744,7.57764163262191,7.81263346922393
"TOP3A",9.70332244350285,9.70159634911343,9.51665554875407,9.90055507238698,9.99511421081093,9.90161558123553
"CASKIN2",7.46787238298213,6.96445555233574,7.98268170929863,7.71671305573469,7.74762087771799,7.30635793952625
"OR7E125P",4.99520527768772,5.13762512309315,4.33057497578978,4.95373220111794,5.26812364332126,4.33057497578978
"ZBTB38",11.1989408721753,11.195059284127,11.0939980760391,10.7980374091544,11.2837763812994,10.1305866095548
"C8orf31",4.87482195210638,5.13762512309315,6.09823090651264,4.33057497578978,4.86095996838829,4.33057497578978
"DLGAP1-AS1",5.67698376420325,5.75702651981449,5.45827589049947,6.84391681936885,5.99036612397887,8.01433248455026
"CCDC71",8.19172708519929,8.05982747804389,8.07506041228118,8.45042725300099,8.41369974159203,8.37766287611289
"LRRN4CL",5.62750733317344,5.34383018699978,5.2426758087291,5.28112095084593,5.42310223496893,5.5258120673756
"TIMM22",9.1851181449304,9.06376011097949,8.97749001891469,9.06372301387852,9.23815525724378,8.97951822356867
"HIC1",5.49214979402744,5.09718127405855,5.66493901424027,5.58533341826546,5.26812364332126,5.59411117987997
"PPFIA3",9.87237121915166,9.41086861783338,9.37920785449591,9.22886100967309,10.1322793988051,7.43047244718852
"MAGEF1",10.3550774759928,10.2783162273879,10.3193576289248,10.4124796069576,10.4883137844834,10.1949928352401
"SAMD9L",5.18373077138573,5.05426032044833,5.13786241172375,5.12120644125242,5.03903521958369,5.37273133131448
"ZFAS1",9.72077632623851,9.58618477519925,9.95984870080025,9.98238906283406,9.99199944384328,9.68908066316949
"PAWR",8.91936205063466,8.97191248858325,9.20932406146196,9.63586150158609,8.8476233901428,10.4927188580684
"TGIF1",7.44374501965757,7.48790146963411,8.18501245887936,9.57672481284004,8.26107457242537,10.574531265046
"MIEF2",8.60657871996245,8.26258314695662,8.55583946488962,8.51783797575473,8.8476233901428,8.18189881272664
"NAP1L5",10.3080293841051,10.245660070295,10.0201499429813,9.41579159114068,10.0067350126202,8.53091881779662
"NIM1K",7.3493827656466,7.2286626536223,7.74677010774564,6.71441314140921,6.99167538730857,6.80127051198349
"C8orf47",5.97189916146181,6.0388771203416,5.81044805857035,5.12120644125242,5.57607598002124,5.11466593771837
"NR2C2",10.023658124968,10.028909488379,9.99554791232201,9.67594295227065,9.9331280223752,9.60914831416535
"OLIG3",5.22411723473243,5.2124335202594,4.33057497578978,5.73093733123111,4.95674843757777,5.11466593771837
"PTRF",5.46268370782665,5.40267998277688,7.00607707526862,9.36451423457152,6.98526535655273,10.9392395304617
"ARIH2",10.9234961292776,10.8768716108536,10.7320558643027,11.0255213968422,10.9420171095345,10.9841841902664
"RBM44",6.75771729922596,6.92558771782441,6.95188035432216,6.1757212913575,6.24005731496927,6.1912683413666
"ZBTB33",10.2687451264303,10.2798172663639,10.3604954573297,10.3885670987543,10.3308411896864,10.3942768963474
"IRX3",9.13760869997324,9.05325399149441,8.85310131906389,8.86093478417512,9.00906214874504,8.48737470642999
"ST8SIA3",10.6050490526527,10.8704112582827,9.40304613797014,9.55493684114571,10.4029595274831,7.61870787941855
"RPRM",10.5489438027075,10.1096296439533,9.77438118950172,9.83051169846218,10.6447197463757,7.00508864209275
"SLC25A22",8.42636288355448,7.91574418510972,8.40624481148365,8.21752395515374,8.63404011122319,7.39384877311
"RABEP2",6.96163830026338,6.63664771748306,6.74960856768488,7.06569315570874,7.10811313039174,6.5414660432608
"NHLH2",7.70913311376738,7.42882027812935,6.91830170473145,8.28991487692586,8.34922393054717,6.72590736183652
"ATOX1",8.57944213207293,8.37961868618862,8.72640976160702,8.46221083381507,8.45739261302119,8.70145951293704
"TBL1XR1",12.6070083583989,12.6813047623863,12.5129598358842,12.4355042685838,12.4317625532092,12.4683526881525
"SAMD12",10.1975346415882,10.3270436387737,9.95313960799102,8.93598118214196,9.44260823516066,8.22384451131824
"CD163",4.60390596466056,4.77662214806139,4.33057497578978,4.55239249687834,4.86095996838829,4.58127373257168
"C18orf32",5.67698376420325,5.87100821421757,5.56693702969189,5.51331587387945,5.81067810207035,5.65810362455486
"PIDD",6.49303627369584,5.81547244195914,7.01666422632071,6.95075475096743,6.91945913830706,6.29124861845814
"ZNF491",8.98073629975401,9.09311744058119,8.92627676657856,8.83552536934532,9.03201534082737,8.27887126887831
"RPLP2",10.5172008019014,10.2106740514734,10.9369824033538,11.4702086982688,11.3684545058304,11.133258412313
"GSG2",5.9903111609895,5.51016048524524,6.3126379774091,6.76771609134183,5.90403138225395,7.11942799821587
"JUN",9.37669538911513,9.07419006118042,10.2322765553301,9.42583155542229,9.63565579242552,9.24758244236283
"CSTF2T",10.1384770153954,10.0935017278326,10.0367442164344,10.1844485066899,10.3667501718365,10.1485096001525
"PGBD5",9.58712959084257,9.28488224734925,9.27108955064791,8.96383326762732,9.40327060705173,7.68921232485547
"C12orf54",5.04742567774093,5.48441204341114,4.94418431550225,4.82464481268825,4.66714835127326,4.33057497578978
"GBA",8.59578559098937,8.4852008471135,8.89857141295084,8.94997465934791,8.76413245157079,9.69120938399408
"CASC2",6.91790282534075,7.09591621670021,6.79998829512151,7.58183688290282,6.71621387992826,8.49227875959925
"ACAD9",9.52602859947427,9.40949714200264,9.60493189632962,9.52909393466528,9.5396984136465,9.76177610705622
"IL17RA",6.39147731265288,6.34220771365591,7.18522450335871,7.5073267853116,7.10222383794015,7.26046915862092
"PNPLA2",6.79714772954774,6.61696431031565,7.04794528740955,7.07093402566131,7.14293189495132,7.11942799821587
"AGTRAP",6.87271940713298,6.40200899166213,7.18522450335871,8.09904230004491,7.02328422924964,8.8055032390256
"CD163L1",5.67698376420325,6.06976574579927,5.0153475618871,5.43553531135657,5.91887334582027,4.83010453277739
"SRRM3",9.23110929370375,9.16317865192067,8.82687773711074,8.42455884077224,9.20757720371801,6.94047352051505
"THAP5",10.0105423839345,10.0253341885568,9.91221577235557,9.83954939263372,9.92906215058924,10.2150984318833
"SUMO4",5.72424503540458,6.02312871455732,5.91449335713677,5.97436269294477,5.82678316373963,6.44923337026561
"DNAJC28",7.19106458252092,7.23497821999131,7.20377091105087,7.32366780413866,7.24775658987465,7.28932599176162
"NAALADL2",6.4305009759227,6.42517175702489,6.25772181162451,6.88646604084261,6.68450597902808,7.82440493355072
"CD151",8.43850386345387,7.95788010161699,8.83859177605447,9.69432815565877,9.25905021885457,10.2559260151721
"POLR2L",7.67856140727407,7.31457793993222,7.83768552609725,8.119070193026,7.90938740898269,8.28736940950781
"FAM20C",8.802288440212,8.35696456156378,8.48672413198347,8.32478146523576,8.8867781799847,6.82548453408029
"PVRL3",10.1122718787971,10.2027827346216,10.2972811128636,10.584014956099,9.99277876674985,11.5008153780266
"SLC35G5",5.6525384434395,5.67386991742712,5.45827589049947,5.20526093226038,5.32290848716218,5.25394328805817
"ANXA2R",6.46838189693335,6.45915625855364,6.67031052339294,6.83151094080255,6.87143231354906,7.16389018268598
"KIAA0195",9.24669299929267,8.99222485963511,9.4872250638378,9.69100279186113,9.6554825588174,9.30155205388068
"FLII",9.93992203541429,9.5480589216231,9.92735641840585,10.2626682680998,10.1414445290157,10.4163122426474
"SOX12",9.13388832793336,9.06724516950701,9.29464757019393,8.9870906526168,9.48312102437045,8.44246649152755
"HNRNPA0",10.6596994331513,10.6635043478101,10.8709071962486,10.9148354610973,11.052631809229,10.6431846327403
"YIPF7",5.46268370782665,5.77685464919912,5.2426758087291,5.35063533644267,5.34903754503733,5.07532107295397
"ZCCHC3",4.93817568778476,5.05426032044833,5.13786241172375,4.91404266993799,5.23931319139556,4.88837907797739
"MYOZ1",4.80259831140558,4.69525161239808,4.33057497578978,4.99090412180236,4.74232802187034,5.47749470033185
"KCNJ10",6.50519094232758,6.80185420069733,7.48634011036382,5.53181738139766,5.94799804642505,5.63720988468804
"CHID1",9.13946528525982,8.76634396910689,9.1041463139336,9.47500765230559,9.21026210316021,9.87377534546999
"PCDHB9",7.54920138532055,7.6748142741682,7.7715894574761,7.11722758116921,7.17129355743574,6.42781852490384
"ZNF620",8.72766818498407,8.80027001543557,8.77294969540263,8.79887073063167,8.91504825945384,8.15736519835445
"ZNF518A",11.3995049725317,11.6109114975928,11.5182714834354,11.0732140077592,11.0552447327961,11.1649886942878
"TMEM187",5.67698376420325,5.60690679268508,5.88936033417274,6.44394842076515,6.2844576999073,7.03285808344634
"CACYBPP2",5.18373077138573,4.95891832408665,4.94418431550225,4.91404266993799,5.07654591073903,4.94087121374919
"CCDC23",9.29412413521009,9.17936891774307,9.13532862400988,9.25950623978589,9.57552508473467,8.5117289367599
"ZNF619",7.70913311376738,7.49315139052759,7.74677010774564,7.02843816393424,7.28446871963351,6.72590736183652
"C12orf68",9.89121043431502,9.68469296579113,9.37519615884468,8.92468750998132,9.71715488377369,8.25306968253427
"AP3S1",10.2318419133804,10.2910255269835,10.0755610054321,10.3458737741174,10.2313485424984,10.297027285414
"GRB2",10.7631544660983,10.7931717722393,10.3985184789614,10.7413219980145,11.0147781205275,10.1897341829691
"ZBTB41",11.5043142610631,11.5577799920426,11.443679073056,11.0795826186833,11.3233341767195,10.6590341395945
"UBE2N",11.6037016965125,11.6295697002686,11.2629618346936,11.4975758272163,11.5503807509318,11.0227106368375
"ARL6IP6",8.63847945105174,8.4535346358434,8.82981521066513,8.97755959016727,8.72707797392366,9.00200798154687
"ZNF354C",10.2482645600141,10.2448917549527,9.841316490277,10.1400350688597,10.3655474477547,9.76582141507849
"MAMDC4",6.89097298392508,6.25346714605822,7.0271704621372,7.40004002884461,7.58601778618675,6.43857020096946
"CENPBD1",7.48569998499647,7.46135385014444,7.53806547190816,7.35386512212328,7.68283904712796,7.19479807814737
"BET1L",7.75378797125387,7.3498397812423,7.59494511401459,7.74609406133652,7.76244270237009,7.9901940216119
"RPS27",12.1350429188881,12.1050476608423,12.7346542658132,13.1169922552978,12.6690777668698,13.0465867636149
"RIC8A",10.6802284526441,10.3776869366369,10.5124042922123,10.8432798063359,10.8076717982724,10.9396870318227
"IMP3",8.77863825715064,8.72056428283615,8.65861115442126,8.67789765338904,8.64798943308011,8.51655053485238
"ASB8",9.61806638523014,9.65838309398688,9.53294972756237,9.50467460491888,9.64758456044972,9.15647940677177
"ODF3B",4.80259831140558,4.77662214806139,4.63910910251109,5.85918570565528,5.20943279770974,5.84730736939238
"DPY19L2",8.99311383673768,9.06550369555416,9.118622161933,8.76759429417921,8.79310287251499,9.46105242302031
"C2orf73",5.43226952355336,5.34383018699978,5.81044805857035,5.96211569431352,5.26812364332126,7.41489349881731
"TSPYL6",4.33057497578978,4.58878259651035,4.63910910251109,4.71402308857299,4.66714835127326,4.58127373257168
"FAM211B",7.54920138532055,7.07485915820495,7.63614948010193,7.18629611924666,7.67501907268824,6.84138999912851
"DMAP1",9.31233848597499,9.01406144591473,8.68156823853044,9.27847197614137,9.69720816186653,8.95667116829504
"ADAMTSL1",9.91414751236102,9.88442635649701,9.58423362899804,8.61071852248022,9.35071399112692,8.30978741587605
"FAM26E",10.1113271144316,10.161036840432,9.98900330029094,9.42882994723022,9.70293545476043,8.84624705286912
"IMPDH2",10.7241422170577,10.5970327932057,10.9198855266258,11.191421410547,10.7590419695183,11.7695169096069
"ALS2CL",5.46268370782665,5.34383018699978,4.94418431550225,5.4150421589993,5.34903754503733,5.91480976668293
"MLF1",9.34165554804465,9.41770647442367,9.38719787370666,10.6454089091672,9.4551084787387,11.5987000245988
"NDUFAF3",8.20957127094734,7.8066964050237,8.25241517405332,8.43057005667427,8.30204624176601,8.67584299192599
"C2orf69",9.64443835569809,9.71386734809331,9.26892867330728,9.23686892724321,9.25905021885457,9.07887711853843
"GRAMD1C",7.0612404615827,7.24752405153874,7.05821634900997,6.89838247972714,6.54953549938818,7.10645774094267
"STAP2",4.99520527768772,5.37374005388151,5.83737023149546,5.60255728389094,5.61575483702208,6.30320502760512
"ULK4P3",5.0958257135656,5.37374005388151,4.94418431550225,4.99090412180236,4.80549449477315,5.03357482878391
"TSSK6",5.57553933579376,5.34383018699978,6.0767532850492,5.789777878405,6.10909595759182,5.91480976668293
"BOLA1",6.50519094232758,6.22692081198388,6.43225541936395,6.29367165290976,6.55838671547071,5.97857887220761
"PDE4DIP",13.3248919204923,13.3072163519418,13.2020386877299,12.588237693806,13.0230812591246,12.4059258359769
"DDX10",9.54435243612379,9.50761537213027,9.38918847095614,9.40059917819418,9.33111670042801,9.54467635090953
"PPP1R42",5.62750733317344,5.77685464919912,5.91449335713677,6.40154607385148,5.8583162996779,7.74401878388883
"NDUFV2",7.30978258738388,7.35563129640412,7.49384682798959,7.1958881982195,7.16001841268955,7.74401878388883
"DALRD3",9.26381263972206,8.99954062113869,8.93993177466995,9.49421742042345,9.23024078531945,9.89885563104635
"ZNF114",6.70674692185684,6.97209839855342,6.399200953035,7.21487597511706,7.54363062364894,6.80939009577328
"FAR2P2",4.99520527768772,5.05426032044833,4.33057497578978,4.91404266993799,4.74232802187034,6.26699080821412
"ZNF518B",11.0745838372477,11.1216388331609,10.7707144713428,10.9300701188773,11.0949698444587,10.7714025223356
"AMER3",9.41550517079529,9.30567764957881,8.37435639784723,8.37137718051461,9.45057547801835,6.26699080821412
"LCORL",10.4612098312289,10.6577439205318,10.6564472726993,10.2326881045688,10.359518734126,9.87002235159204
"PARD6G",8.13308036283113,8.0633369964684,8.24360963406932,8.61424117511111,8.47091812757228,8.53567643325285
"ZNF454",6.8354600493058,7.12350224223334,6.16047993900056,7.54879380865966,7.62716898512575,7.56342037115229
"SH2B1",9.13946528525982,8.67784833156328,8.80315924048954,9.02062364169454,9.44602816581555,8.66936680738772
"ZC3H12D",5.46268370782665,5.45795213323723,5.41912560421338,4.87127988604197,5.26812364332126,5.07532107295397
"VN1R1",6.48076738158518,6.75796460995273,6.41583398350578,6.37541862210786,6.56717883825407,6.39501592218696
"KDELC2",7.037008143838,6.96445555233574,7.81996234402189,7.4685394090624,7.14865083799489,8.45256839691374
"CYP4F31P",5.43226952355336,5.7368316223205,5.33538540566403,5.54997731954909,4.56883750728876,6.67320839276355
"PLEC",10.057407124974,9.46995602440841,10.5493414235851,10.9877568254675,10.5746332513034,10.7943479611004
"SH2D4B",5.43226952355336,5.43072800972915,5.13786241172375,5.7607533951804,5.74380775294986,5.28523604052962
"PRSS36",5.0958257135656,5.28072429172865,5.3782345210694,5.0909007841773,5.39908280147121,5.34453517938545
"ZNF543",9.50315144328339,9.51655993350031,9.44766184351431,9.48560471340402,9.4551084787387,9.2242388158567
"TMEM151B",10.9512105503769,10.6244627649574,10.5457791621075,10.1210150000359,10.7672616588351,8.4348430554223
"GALNT11",10.6661461971493,10.6542765881183,10.3297526327999,10.3715373256397,10.5097025158345,10.2069410763355
"SLITRK1",10.2746642367104,10.3762844427583,9.841316490277,9.4036505091447,10.1857347712261,7.76454637346845
"WDR6",11.5919002836288,11.3509637865589,11.52958585467,11.9516191755614,12.0171487054456,12.1955411793024
"GEN1",8.52072763612895,8.54900782042151,8.94264728331416,8.61248092965797,8.12490246952845,8.7077928690121
"AQP11",7.3878931108795,7.38423491701478,7.18522450335871,7.26124177581943,7.5175727858162,7.12586780654062
"TMEM11",8.1845265564615,7.9691585288187,7.84354444978498,8.32478146523576,8.45739261302119,8.01433248455026
"ZNF354B",8.87545491444252,8.87379594221807,8.82687773711074,8.49889901448186,8.62802007937459,8.41172633116895
"SHISA3",4.80259831140558,5.00838899562681,5.2426758087291,4.91404266993799,5.34903754503733,4.33057497578978
"ZFAND2A",8.43244623192903,8.38522666370381,7.93962027758522,8.0736056172147,8.32707031228796,7.33981132903799
"PLEKHM3",9.06912428892789,9.22375609943226,9.59461993227118,8.70952114167993,8.98102587777097,8.31533747103444
"ZNF223",6.60979856227587,6.82751949701701,6.27629400697231,6.44394842076515,6.54953549938818,6.30320502760512
"HTR1A",4.87482195210638,5.67386991742712,4.33057497578978,4.33057497578978,4.80549449477315,4.33057497578978
"FAM220A",9.56520971017267,9.5886102033464,9.50752294882917,9.46627896284472,9.69816429285505,8.87840452188125
"DNAJC22",5.26254826080776,5.13762512309315,7.22207310011052,6.25557621208894,6.50436191355333,6.59953871009217
"NEUROG2",7.56603455452022,7.55967679243628,6.86043252493434,8.85648328808025,7.78438898045635,7.63219804937138
"BEND3",8.60388803879639,8.62674585515214,8.97218424115071,8.72263072779628,8.68518250976069,7.86675109047803
"NT5DC1",7.50330448909053,7.69312413237732,7.81400512101009,8.17274100746512,7.6190341013449,8.98820979985356
"LINC00843",6.49303627369584,6.69400971602305,6.33042650449943,6.09034204967627,6.12159469522682,6.48070743372353
"GLDC",8.85750953167143,8.82519898215955,9.87009603223881,9.20806229528032,8.93142169149292,9.08050340540972
"COX14",7.53786656908706,7.45059282337976,7.46357654594288,7.86086919678128,7.61085210505094,7.88932800041491
"H3F3AP6",4.80259831140558,4.95891832408665,4.94418431550225,5.12120644125242,4.99924798284876,5.07532107295397
"P4HTM",8.85298795748274,8.62437922204943,8.71691803825858,9.17032802321791,9.20757720371801,9.81934999917669
"DTX3",10.8579944739445,10.5260847217984,10.2031715279538,10.8372787423116,10.9981905611574,10.3692440070136
"KLHL11",9.51033966023747,9.56417019403732,9.65375837200941,9.58391485618546,9.67988842283842,9.73726285624238
"CTXN1",6.73756065626201,6.19979772223188,6.84855731667408,6.95645192050632,6.98526535655273,6.99805770896564
"SLC25A20",7.53216479117351,7.51395740488749,7.88389418139776,7.80928422984062,7.37950932416922,8.15736519835445
"CA8",10.6853153726229,10.7762581427779,8.90693922358983,8.08638063615661,9.02440490211399,7.91155206941919
"EPM2AIP1",11.365448333159,11.6085248403722,11.299376383581,10.9062619021471,11.3124542702794,10.8076478638631
"ERBB4",12.1387556427082,12.3133736420645,13.06770607585,12.6678426122019,12.2332966327581,13.1098818657873
"MAF",7.31646100731947,7.43429514159085,7.04794528740955,9.84629066624801,8.63203623817222,10.229812775578
"CTNNBIP1",10.3756797743932,10.2043644569208,10.0878628482733,10.3977719911688,10.4439908079376,10.1685056557114
"GTPBP6",7.30978258738388,7.08191392230372,7.69578817842309,7.58907586411754,7.58183592387922,7.30635793952625
"ERN1",8.19172708519929,8.32813337198237,8.15243586610618,8.00795564502938,7.94224401134541,7.97269840201164
"GPR35",5.6525384434395,5.28072429172865,5.45827589049947,5.4150421589993,5.70876948923922,5.59411117987997
"ACTG1P1",6.69631622744201,6.72179300651678,6.52664985962964,6.24586930570413,6.40903241569879,6.47030047129559
"CSRNP3",13.8585929227309,14.0216125221393,14.0423792269159,13.0741843997968,13.5333770973769,12.8316166620669
"ZNF713",9.22587700764999,9.45274925692986,9.07475023047096,9.57130863361975,9.81117970431962,9.45103518024498
"PARP10",5.76951971169128,5.69527237656877,6.33042650449943,6.05671361986226,5.91887334582027,5.59411117987997
"SUZ12",9.74534934734069,9.85753252683366,9.98374613341583,9.8809917964673,9.60946626106346,10.3572329196666
"NSUN3",8.71026813043122,8.97562705037016,8.80614555166744,8.57138761546195,8.47316002370718,8.41689570901026
"KCTD12",10.712354357291,10.6987144543388,10.4875527582892,10.8297421294163,10.6111173895896,11.5735475723796
"DHFRL1",8.33186933541099,8.5136262916019,8.48672413198347,8.51029238170292,8.8476233901428,8.50689107156897
"RPP25",6.74767673763211,6.65604391987176,6.21973164683618,6.5404029187479,6.64378255741951,5.84730736939238
"GRINA",10.0515085391094,9.7424627855672,10.0556570742511,9.98578482449647,10.2333280575021,10.1203567888901
"C5orf64",5.85484684019812,5.95795537545197,6.8122948523233,4.82464481268825,5.17836802896297,5.50195500208462
"COX5A",9.51891843862347,9.28637763563983,9.17972072930523,9.27957986484281,9.33604108477369,8.97252694224018
"FAM132B",4.33057497578978,4.69525161239808,5.60065691610817,5.43553531135657,4.74232802187034,5.18746296578136
"FAM219B",11.0818347048698,10.9053473219381,10.927433130853,10.9055451332244,11.1982131691094,10.6644593492362
"ZHX2",8.24806163007159,8.13844004306714,8.42582051594171,8.96521181076517,8.51074544955204,9.24468510733243
"CPNE7",8.15166742943762,7.66556973088888,6.78756865288512,5.98648331822425,7.04805835811577,5.03357482878391
"MPI",9.5624461256505,9.48044353484854,9.5184751413448,9.74250629707844,9.68761179631344,9.79382502400382
"TRIM73",4.7165496130104,4.90491546544878,5.2426758087291,4.82464481268825,4.91093888395682,5.07532107295397
"TMEM52",5.5207400332063,5.37374005388151,5.07933519419276,5.12120644125242,5.53476861827663,4.83010453277739
"TMEM139",5.04742567774093,5.17594971784969,4.86296472820736,4.87127988604197,5.23931319139556,4.88837907797739
"EFCAB13",6.63196100526831,7.02443831744491,6.34796986470843,5.96211569431352,6.32734927396785,6.1912683413666
"APOLD1",6.9872241670526,7.16387706458242,6.62882379950556,7.41646081015636,6.66836552419538,8.31533747103444
"FAM101A",6.50519094232758,6.19979772223188,6.21973164683618,6.70759898081338,6.78493148136335,6.09663944422455
"EXOSC4",7.08505419616435,6.97209839855342,7.39298538920024,7.3792398886982,7.5734348367007,7.21301798050329
"DPY19L3",10.2956077501917,10.4006332978513,10.4024631958566,10.5417376655795,10.271074028478,10.6644593492362
"TAF7",10.7528943222716,10.7564512624282,10.7730013642721,11.082122210711,10.9829792674348,11.1367752995742
"ZNF852",7.95814552402036,8.12171482632251,8.32515149771504,7.65949546353462,8.07547992783212,7.92981055186659
"PFAS",8.79758944493229,8.47472297771754,9.00112672005549,9.36764290643921,9.21294200370204,9.38679769902528
"HYI",7.71917874513055,7.47203311609823,7.1945286559471,6.89838247972714,7.49102369857769,7.31759826822496
"C17orf62",9.16703041184271,8.84564778038799,9.1281924489942,9.27847197614137,9.43574391525268,8.91897993279777
"ZNF552",7.4376478785882,7.50359283809551,7.5525018847791,7.3750425574174,7.52194936736348,7.53494230908478
"LINC00086",9.83851274339922,9.80323531940577,9.07969147656313,8.9925087478252,9.71809787544102,8.42717884553343
"GAK",9.41703601751255,8.96071088454157,9.26459716379155,9.36764290643921,9.37603721939128,9.06580021591101
"ZBTB7A",6.8354600493058,6.92558771782441,6.74960856768488,6.5404029187479,6.94616259821542,6.91074633659562
"TUFM",10.6954357017042,10.4541262260565,10.7170895646172,10.9148354610973,10.8581397787006,11.0294533387771
"C1orf173",6.69631622744201,6.54567163620786,5.29031095099465,6.02211641227821,6.99805561656189,5.47749470033185
"RMI1",7.92822283064298,8.2317648173543,8.47173911795696,8.32046931273056,8.01196563195928,7.80868786012119
"CTC1",8.80930824446235,8.52636298817639,8.56997514870699,8.35671510430623,8.92979271367827,8.38031209582063
"FBXO34",10.2585412054169,10.2843110306447,9.90805875410121,9.8809917964673,10.1209186667759,9.54231955495077
"LINC00324",6.88187679516349,6.85270764240235,6.65662472716031,6.51694844538658,6.8853279124242,6.13809210754304
"SEPW1",11.3511173083581,11.1986340131588,11.0842094261805,11.3131558789884,11.5174640812752,10.8506396335212
"EIF3K",10.5250249644135,10.4414409004902,10.2121896566174,10.8076605804668,10.60348599624,10.8914619711586
"MRFAP1L1",11.4601130683372,11.4059429255176,11.178079364614,11.3874160472339,11.6657625268252,10.8761133294887
"SNX18",9.21183054218733,9.20173360768444,9.44575050020637,9.27847197614137,9.1260316168917,9.27339934728188
"AURKB",6.16034128042322,6.06976574579927,6.94077887024594,7.76215746439214,6.513522034208,7.91888360076693
"MRFAP1",11.4183381681233,11.3056411228042,11.0675389435075,11.562896093579,11.7669138238518,11.737190856939
"C3orf38",9.89889675333845,9.9137314103387,10.0278325807221,9.92056630569195,9.85555916300393,10.0507902298934
"TMEM107",7.71917874513055,7.67019955312673,7.95050833517773,8.6979512528077,8.16157446701301,9.10627705806585
"RRS1",6.09517066737624,6.06976574579927,6.11933501176659,6.33973246271108,6.09646749403237,6.58046374046774
"RCC2",9.38140816436637,9.26074234505838,9.86438591208906,10.6233454029244,10.1194922601667,10.9494970986431
"IGSF22",6.00844026539826,5.92395793531019,5.33538540566403,5.28112095084593,5.49165273270531,4.76371589021208
"CCDC89",4.87482195210638,5.05426032044833,5.07933519419276,5.23135019106063,4.80549449477315,5.77550668699715
"FAM133A",7.77319182083642,7.72015244174919,7.05821634900997,7.00119606273514,7.46851027478775,5.69868419475818
"DPM3",5.83411797820783,5.83429039028268,6.3126379774091,6.39289578642982,6.18224393265002,6.26699080821412
"CYC1",9.82128048880316,9.43128555671802,9.58596988757857,9.92976363612676,9.88104034055605,9.56571578856142
"PER1",8.08359012627474,7.73788899500471,7.78992305097672,7.76534842315017,7.79883347609376,7.52048453789093
"TMTC2",10.5545145776829,10.6185439474481,10.6979600369856,11.2069211574681,10.9387863610044,10.931160673573
"HES7",5.22411723473243,4.90491546544878,4.86296472820736,5.02596345433389,5.57607598002124,5.03357482878391
"FARSA",9.62735158112343,9.36348974802331,9.62026276459832,9.64877499289082,9.97158774048586,9.27623952076319
"SPTY2D1",9.00945323917443,9.09653218965331,9.02694202014253,9.08669864401928,8.92489467730096,9.39073381408231
"C10orf67",5.62750733317344,5.81547244195914,5.60065691610817,5.68460767469218,5.69081184736494,6.13809210754304
"SAMD4B",8.86201692588972,8.91113618735267,9.14006648893158,8.9457908969375,8.85450999374424,9.1425361134181
"ALOXE3",5.22411723473243,4.84495094307666,5.0153475618871,5.02596345433389,5.26812364332126,4.83010453277739
"EDC3",9.39545465336253,9.33053196164497,9.54192304052945,9.31782845723895,9.57344211691196,9.14874981729395
"TCAIM",9.96315054112619,9.91952159876882,9.95716880956863,9.75847904130288,9.74147432400551,9.83772108066134
"FUCA1",9.1189098997837,9.23309213400573,8.55938646576936,8.6829373718257,8.84070362922729,8.60067749860521
"GGN",5.6525384434395,5.2124335202594,5.2426758087291,5.4150421589993,5.32290848716218,5.42659714675519
"ZNF664",11.2603027600228,11.3264850345307,11.6170413965077,11.9173659761853,11.5598745039845,12.1442443797426
"CALR",12.0247510903154,12.0108228942965,11.9246160363809,12.6946410286233,12.1582013810714,13.628744583371
"MAGED1",12.730396533115,12.6118099152263,12.1474807970495,12.8425707484339,13.077062962963,13.0041124556355
"LDLRAD3",8.19172708519929,8.19068144629386,8.79115153842337,9.67594295227065,8.92162002498518,10.6934079715375
"CDH4",9.26721227218681,9.19059470241305,9.44000120426333,10.4727609051846,9.7880178276362,10.0273965119669
"RAD23A",9.20652757588376,8.7834071312589,9.10898779625106,9.19754913987009,9.30498369725566,9.23157444661217
"C2orf71",4.87482195210638,4.69525161239808,4.33057497578978,4.95373220111794,4.91093888395682,6.02423069666386
"GADD45GIP1",7.97077949716114,7.57953014147469,8.01932138505468,8.21287549559311,8.30204624176601,8.26459454934892
"MEIS3P1",6.45587737080958,6.57669813123392,5.83737023149546,6.07923636656541,6.19402372481779,5.84730736939238
"DAND5",4.33057497578978,4.77662214806139,4.7660846074949,4.64396487703681,4.33057497578978,4.94087121374919
"TMEM151A",7.82522337839033,7.43974874141735,6.98465473288329,6.48500758652161,7.51318256092913,5.61588662529712
"C17orf96",6.111792441977,6.02312871455732,5.69565584988958,6.15492760336544,6.20569266903883,6.27917803362026
"PTPN11",12.0493694172901,12.0927204645343,12.0668380988415,11.9845689873278,12.0384328002971,12.0349942177175
"CTGLF12P",5.14109345202186,5.09718127405855,5.49586482724437,5.15028716110163,5.14598214718274,5.47749470033185
"NSUN7",6.81643943712401,6.29226341962715,6.87220484073834,7.5187575698143,6.65202739144907,8.77567654292518
"FAM156B",6.90000882976452,6.37842206372085,6.49593802186075,6.60835857260747,6.74718918806888,6.79310186108496
"WSCD1",11.6460571608756,11.4874346487825,11.962175648679,11.376595397792,11.6754994676106,10.8970030472078
"RAB39A",7.673401304741,7.71120019734812,7.84937931103585,7.4685394090624,7.6552779251961,7.30070367541957
"CLK3",9.57072102596532,9.27738191812508,9.50201546713426,9.58749646641924,9.82086800257879,9.49922427330795
"ARID3B",7.99159023100463,8.13177344649862,8.31258139993345,8.24964675285185,8.52377912090414,7.95141596036535
"TMEM31",5.0958257135656,4.77662214806139,4.7660846074949,4.91404266993799,4.86095996838829,4.58127373257168
"PACS2",11.3586986432775,10.8872468234602,11.1259565482622,11.0620008273071,11.5915909126107,10.0078921339111
"ELMOD2",10.2542681673086,10.4211814403355,10.5731592516406,10.460123665482,10.2093926040892,10.9754811936538
"EGR3",4.80259831140558,5.05426032044833,5.81044805857035,5.23135019106063,4.91093888395682,4.88837907797739
"C1orf101",6.2372372059446,6.40200899166213,6.09823090651264,6.10134683232378,6.46706506058221,6.03906618111504
"GPC5",7.64203905041473,7.63746793871332,7.36864289908543,6.83151094080255,7.04805835811577,5.18746296578136
"VWA1",5.6525384434395,5.77685464919912,5.29031095099465,6.10134683232378,6.2287072513673,6.15160304901779
"LINC00174",6.26671530794524,6.63664771748306,6.54174004934149,6.57858717013109,6.13396671442646,6.67320839276355
"GEMIN4",8.63321165952193,8.58109853610596,8.64198552070115,8.86093478417512,8.88173111580712,8.98994182948811
"FJX1",9.32544204007221,9.12188771346692,9.2537110262552,10.7895155793713,9.85812764785629,11.6948760029185
"KLHL28",10.409888342273,10.4286429976908,10.3816319948986,10.3574527157347,10.3128577386978,10.5324259745514
"MKRN3",8.48606469245659,8.57620798498917,8.67831104441804,8.81119312613597,8.67354108974707,8.46758899351877
"ZBTB18",9.54994396821635,9.6054748265058,9.87861902033256,10.7104648009961,9.83397523299029,10.8761133294887
"C14orf28",7.31646100731947,7.44518124642502,7.41691240853898,7.1958881982195,7.3151852881193,7.046535392754
"ALOX12B",5.14109345202186,4.90491546544878,4.63910910251109,5.15028716110163,5.14598214718274,4.58127373257168
"SLC17A8",8.3512734418971,8.62910859222468,8.26116683070521,7.56357526806495,7.27928293246356,8.21495919100212
"EIF3J-AS1",7.79707923979468,7.95788010161699,7.73419557219369,8.00257068731471,8.1076539584255,8.02794453368651
"SHARPIN",8.13308036283113,7.87632492610492,8.24801918127465,8.43854598406872,8.56848622357422,8.38559587944258
"DNHD1",8.144261606223,8.19068144629386,8.3334706512509,7.89327677938522,7.43172155984136,8.23853175849234
"SLITRK4",9.03959815089769,8.99222485963511,6.23887088147353,9.76797839676195,10.3084830955908,8.92623580383093
"HTR1D",4.93817568778476,5.37374005388151,4.63910910251109,5.60255728389094,5.03903521958369,6.73449250527301
"GCC1",9.15606763868563,8.97377096881457,9.118622161933,9.18813920699919,9.42075802904368,9.42951436027299
"LSMEM2",4.7165496130104,4.84495094307666,4.63910910251109,5.05921631031587,4.95674843757777,4.76371589021208
"ZFPM1",5.79147317606317,6.09988234759329,6.29459653090917,6.14439749474012,6.2844576999073,5.73777627602365
"PLD6",6.64290506183329,6.62684248559454,5.60065691610817,5.99848057344674,6.10909595759182,5.93108273336772
"GRM8",8.25150991735726,8.2927514492747,7.3355137098602,8.74368183653481,8.40197668249007,9.12057439162789
"CDC42EP4",9.76471046833387,9.58497052821773,10.3245644978011,10.5170778967581,10.3929594410571,10.3811558761951
"DGKZP1",5.04742567774093,4.90491546544878,5.2426758087291,5.0909007841773,5.17836802896297,4.76371589021208
"ZBTB42",4.87482195210638,4.95891832408665,5.29031095099465,5.35063533644267,4.95674843757777,5.45239055899795
"LACC1",7.00402004987821,7.08893281579373,6.58599920034065,6.63025606291703,6.82164699980973,6.20421240927874
"MAF1",9.30077422707913,9.00500312466709,9.44957065374681,9.88826844960231,9.72749400789147,9.94060492323376
"RPRML",4.93817568778476,4.95891832408665,5.07933519419276,5.05921631031587,4.74232802187034,4.76371589021208
"KIAA1875",6.40461685682177,5.58358169504195,5.83737023149546,6.04529202176455,6.31676160488645,5.47749470033185
"PCED1B",5.26254826080776,5.00838899562681,4.7660846074949,5.20526093226038,4.91093888395682,6.1912683413666
"APOBEC3B",4.93817568778476,4.58878259651035,4.63910910251109,4.33057497578978,4.33057497578978,4.33057497578978
"PIPOX",7.47384006337657,7.42332398013186,7.60189652432882,8.93034543479799,8.02121416697394,10.1723194599425
"ATP8B5P",4.99520527768772,4.95891832408665,4.7660846074949,4.64396487703681,4.66714835127326,4.33057497578978
"FOXS1",4.33057497578978,4.33057497578978,4.33057497578978,4.33057497578978,4.33057497578978,4.68467332000649
"ATOH7",5.14109345202186,5.09718127405855,5.29031095099465,5.23135019106063,5.26812364332126,4.88837907797739
"CDH5",4.7165496130104,4.77662214806139,4.63910910251109,4.99090412180236,4.74232802187034,5.11466593771837
"LRRC3B",8.52642419646877,8.42115293777466,6.68385737112564,8.64556191386529,7.85172803010065,8.97077379830165
"FAM216B",5.49214979402744,5.55970553524277,5.81044805857035,8.80196125077407,5.46935070319513,9.80271184237064
"PCBP1-AS1",9.56382858057774,9.84440246211252,9.67512026675256,9.23686892724321,9.43574391525268,9.38153275427456
"MYADM",7.14662114384871,7.39551484013009,6.399200953035,7.27033258636037,7.16566744120956,7.68490726420632
"MROH1",7.41919597398627,6.94904069284673,6.86043252493434,6.85621029266722,7.39394288903325,5.86456156907527
"SERTAD2",8.28554313971869,8.2927514492747,8.85886436827283,8.46221083381507,8.05761978181695,8.24145119078836
"RBM15B",10.8034803816617,10.701516874266,10.916441697757,11.12092464443,11.2411374094443,10.9093931824054
"AKAP5",8.07192140142713,8.13511063516641,7.84937931103585,7.84589062237744,8.14758106664588,7.63219804937138
"NKPD1",4.93817568778476,4.95891832408665,4.7660846074949,4.87127988604197,4.86095996838829,4.88837907797739
"CITED4",5.85484684019812,5.81547244195914,6.09823090651264,5.7607533951804,5.79433681434327,5.94713050764567
"ABCA13",6.06122660456922,6.2134331229608,6.09823090651264,8.03457943030103,6.18224393265002,9.4447388392578
"TIGD5",7.0771618631557,6.35439345161833,6.94077887024594,7.04984994513719,7.18247781860919,6.59953871009217
"PDXDC1",10.7911466897254,10.7450873238314,10.3726113877503,10.6128446153622,10.7826610788612,10.6720205204786
"PHC1P1",6.56432869610102,6.27946357496297,6.20029399103025,6.48500758652161,6.62713795454819,6.50127544507696
"C1orf194",5.85484684019812,6.09988234759329,6.21973164683618,7.74285942399799,6.3991018748316,8.97777358702147
"ZNF154",9.33194936777295,9.39571006736673,5.91449335713677,6.74797431349417,9.1415896217606,7.35078694996982
"R3HDM2",9.02961987740918,9.15009400748187,9.26892867330728,8.4854913057512,8.74015605497258,8.30978741587605
"NRXN1",14.3474531550396,14.4258156000331,13.9504146950369,13.2840831437828,13.8551438952803,11.433146534553
"SEPHS2",8.0202238731561,8.12507557929939,7.90084240602467,7.84589062237744,8.28681903199853,7.77267492272428
"ZNF784",6.59857684600822,6.59698438339265,6.74960856768488,6.99568221814795,6.66022149182736,6.85711112771071
"C14orf119",9.30408778983115,9.23154032716347,9.21382485946965,9.60615522062485,9.38675517893996,9.89609038609743
"LINC00652",7.24819384114694,7.16387706458242,7.26680255576584,7.0338224137936,7.40348336308433,5.99399275429218
"BBS10",9.06130971675503,9.13688930019841,9.22946774065048,9.40161700701979,9.3531450048145,9.65021593086558
"FIZ1",7.53216479117351,7.50359283809551,7.47120541838317,7.59986520168274,7.67109281969654,7.36709066927881
"PUF60",10.6157464417999,10.2471954738831,10.821680651018,11.2150429589539,10.9416136614875,11.275821283311
"SSC5D",5.29925920898593,5.17594971784969,4.86296472820736,5.28112095084593,4.99924798284876,4.98896808752624
"DCTPP1",8.09516420208531,7.84398320320908,7.85519030962788,7.57456057707826,7.82376295836512,7.11942799821587
"ZNF771",6.91790282534075,7.06064047442664,6.92958651312438,7.07615506021504,7.02951969692029,6.9032122694239
"PPP1R14BP3",5.43226952355336,5.43072800972915,5.60065691610817,5.25661469107151,5.32290848716218,5.50195500208462
"CRIPAK",6.90898517037246,6.85270764240235,6.65662472716031,6.56344602671809,6.5226185101805,6.3267847648848
"TSHZ1",8.88876843717865,8.80445499341524,9.34063782382317,8.78331762090474,9.29490215720122,7.88932800041491
"PSTK",7.77800158699728,7.98775968103525,7.86674150542615,7.43269165182521,7.5479271328579,7.36167716427533
"SOCS4",10.5800031444514,10.6612029370594,10.8290260655519,10.6776740289967,10.4643577121289,10.7150058438385
"ZADH2",9.63526297101948,9.57154582837835,9.52573061442293,9.79842587063871,10.008277399086,9.21390571951481
"ZNF48",9.73679637096289,9.51401000680911,9.78952666147922,10.0866395770392,10.0266584560666,9.39335192665545
"C3orf80",5.49214979402744,5.71625300812078,5.45827589049947,5.61949520913034,5.93352705716022,5.22140032273235
"ANKRD18A",5.89520136979655,6.186010907159,7.31865018274309,5.73093733123111,5.81067810207035,5.77550668699715
"TMEM86B",5.83411797820783,5.40267998277688,5.75456202992873,5.85918570565528,6.0837061780769,5.40006335275449
"SEPT1",5.49214979402744,5.00838899562681,5.53204272811162,5.17826991240815,5.51344929562775,5.25394328805817
"TRNAU1AP",9.32869938005294,9.22998684560074,9.28184555216452,9.18577707948806,9.29869101221186,9.12845639658986
"EXOC3",9.47990508894047,9.2878714723138,9.59978514004362,9.48848134147388,9.70198248532203,9.64802573323646
"TDRD6",5.93418371095413,5.90657782030436,5.2426758087291,5.12120644125242,5.34903754503733,5.11466593771837
"ACTA2-AS1",6.04388889103782,6.32990443424444,5.81044805857035,5.20526093226038,5.67254547946021,5.54910236469605
"LYNX1",7.47978252488682,7.15722908848611,5.78285907365734,6.15492760336544,7.1139774433399,6.26699080821412
"TH",6.19167384472197,5.58358169504195,5.7255112363932,4.87127988604197,5.03903521958369,4.76371589021208
"FAR2P1",9.9054525609009,10.3109834327029,9.84856542835633,5.68460767469218,4.74232802187034,7.51076291506911
"MED14",9.30077422707913,9.30420218373835,9.60664340420261,9.59463308566578,9.21695252228468,9.97332994309557
"FAHD1",8.92798482432825,8.92465225905957,8.87601615466618,8.88152806691774,8.98886871128201,8.53329959829096
"TDRP",8.32860959222088,8.40744155608265,8.56997514870699,8.09145879024988,8.13344920618018,8.24145119078836
"RCC1",8.37674317942589,8.03501602693746,8.51623232253245,8.85648328808025,8.42532765385363,9.11423755328731
"F2",4.99520527768772,5.24729833481842,5.3782345210694,5.3280834021818,5.53476861827663,4.83010453277739
"TPT1P10",5.3344412562722,5.34383018699978,5.41912560421338,5.51331587387945,5.59610890044655,5.25394328805817
"PRKRA",10.0515085391094,10.0324759432174,10.3287164980388,9.94100345576353,9.89611558912783,10.2312759847727
"HERC2P3",5.36825224778896,5.58358169504195,5.29031095099465,5.45558649408591,5.03903521958369,4.88837907797739
"ZNRF2",8.51500835691647,8.42115293777466,8.26116683070521,8.76917439345354,8.49538823886037,9.45229115221292
"RRH",5.67698376420325,5.90657782030436,5.88936033417274,5.4150421589993,5.49165273270531,5.28523604052962
"SLC9A4",4.60390596466056,4.33057497578978,4.63910910251109,4.64396487703681,4.74232802187034,5.07532107295397
"ZNF816",7.16159439458307,7.27840315363716,7.5161296999261,7.55620390682624,7.3501882512894,7.9901940216119
"FGD6",10.1678538899237,10.3472285598307,10.2121896566174,10.213701333527,10.6070523389194,9.73003390265819
"GPR139",4.80259831140558,5.05426032044833,4.63910910251109,4.82464481268825,5.93352705716022,4.33057497578978
"PLD5",8.83704947571897,9.00681935856758,8.00373387735555,7.40416328095667,7.6432996066977,8.65414112207079
"OAZ2",9.88900679376735,9.85350523164609,9.85433844322586,9.91416437051536,10.0425518487324,10.0980736590231
"PNPLA1",4.7165496130104,4.90491546544878,4.63910910251109,4.71402308857299,4.80549449477315,4.33057497578978
"ALX1",5.04742567774093,4.77662214806139,4.63910910251109,4.82464481268825,4.56883750728876,4.88837907797739
"CCDC43",9.54014449831249,9.48044353484854,9.37117325616167,9.33498074982398,9.43574391525268,9.19451663064525
"KCTD4",5.87520277529963,5.87100821421757,5.56693702969189,5.43553531135657,6.13396671442646,4.76371589021208
"C17orf104",5.70087603390657,5.87100821421757,5.56693702969189,4.99090412180236,5.14598214718274,5.07532107295397
"FZD2",4.7165496130104,4.95891832408665,6.74960856768488,6.5404029187479,6.09646749403237,6.02423069666386
"TIGD2",7.57160125842783,7.57953014147469,7.8318023376384,7.62824016405039,7.84826235284752,7.46616498671517
"CCDC129",4.80259831140558,4.90491546544878,4.94418431550225,4.87127988604197,4.74232802187034,4.94087121374919
"HCLS1",5.22411723473243,5.40267998277688,5.3782345210694,5.4150421589993,5.11210946503177,5.5258120673756
"MTURN",12.6118581102251,12.65971093493,11.9406391807058,12.3856232930421,12.5249177095753,12.3631996512171
"ZNF609",11.5064712034256,11.6923319578389,11.5887631164998,11.5802907502028,11.6160669114083,11.2475464523809
"PAK2",10.972172768483,11.1182873390106,11.598680720833,11.1724799981218,11.1856621105147,10.9772259989176
"CCDC66",9.92923860286129,10.0832219271832,9.98374613341583,9.91202405801697,9.98965894408264,10.1546918222368
"EMC3-AS1",7.21276396249247,7.23497821999131,6.87220484073834,7.24288030421585,7.09630934344129,7.26046915862092
"MCFD2",11.1989408721753,11.1514569363985,11.1307195503539,11.0969526858694,11.1047325030328,11.3954759446228
"LINC00304",6.33753079965724,6.41364234346673,6.05488661074004,5.58533341826546,6.03126530424217,5.42659714675519
"HARBI1",7.60454807259589,7.7246074378157,7.57388309620775,7.55250372585819,7.72509344315077,7.60964233684129
"C11orf71",6.56432869610102,6.65604391987176,6.74960856768488,6.66596874216255,7.0723947844243,6.44923337026561
"SERTM1",5.74711795931809,5.69527237656877,5.81044805857035,7.54879380865966,5.55563637036578,9.41541578447011
"GAS1",7.0692241342811,6.80185420069733,7.24013763794434,9.28620935273799,7.49102369857769,9.73932162851211
"ZNF571",8.64634506583055,8.70721180545217,8.38639790174872,8.13144643048668,8.0813839661163,7.73155801716285
"GLIPR1L2",4.80259831140558,5.24729833481842,5.2426758087291,6.11225279239186,5.97641267591333,6.09663944422455
"FAM73A",9.95158307599823,9.98356798637418,9.76214915872482,9.54668064221337,9.80941117709474,9.56919268141549
"KCNE1",5.83411797820783,5.87100821421757,5.60065691610817,5.54997731954909,5.7264309006772,5.34453517938545
"NRIP1",11.1984962240367,11.3552407739453,10.9679207629807,11.4266612751245,11.3503322380304,11.2497134639833
"RNF182",8.89976961734573,8.93422938976644,9.45338070182393,10.0390565422696,9.84954817173239,10.5318324362703
"TSPYL5",5.22411723473243,5.13762512309315,4.33057497578978,4.91404266993799,5.91887334582027,4.33057497578978
"FUT7",4.80259831140558,4.58878259651035,5.0153475618871,4.55239249687834,4.74232802187034,4.33057497578978
"HIST1H2AC",9.79680386278009,9.34351847140204,10.4782387098297,10.6743114923361,10.3412798741888,9.94149922167021
"SRP9P1",5.70087603390657,5.90657782030436,5.63329680407505,6.06802763232559,5.94799804642505,6.43857020096946
"SKIDA1",8.59578559098937,8.60290204661825,8.66191329916477,9.38009005897819,8.62399265091434,9.23157444661217
"HIST1H2BC",9.1779103074616,8.91694435555473,10.0162932160196,10.4175166165287,9.63465725623364,9.70707533684465
"MB21D2",9.2518503022694,9.32472236857087,9.26242651196847,9.434808068813,9.71526704719357,8.55689254420254
"SSTR2",9.01957190137446,9.00681935856758,7.78383813845146,9.19049746413165,8.81445366466997,8.81921326867187
"ZNF594",9.90654230248744,10.0036941569249,9.93554840932711,10.0935805441519,10.1609891273432,9.92802613668296
"PCGF5",9.8600486014929,9.92912052484049,10.0668868285281,9.24483254291013,9.10309721063196,9.73313646702429
"MAB21L1",9.60738094053083,9.4882593591773,9.77742304381021,9.88026210662749,10.9612510956058,7.48616102253718
"YOD1",10.0416236119212,10.15122906921,9.86581556428188,9.74571504013572,9.96683601791732,9.76783981885991
"TMEM64",9.43225564995682,9.57888389500345,9.36309357753935,9.86706412443217,9.49747505963233,10.3851047330547
"C3orf22",4.93817568778476,4.95891832408665,4.63910910251109,4.71402308857299,4.74232802187034,4.94087121374919
"CHRM4",6.00844026539826,5.6520241287847,5.33538540566403,5.4150421589993,5.57607598002124,4.98896808752624
"SHISA2",7.6314284560604,7.5191112184808,6.62882379950556,7.30611477404241,7.32023968222131,7.39384877311
"S1PR5",4.33057497578978,4.58878259651035,4.7660846074949,4.33057497578978,4.33057497578978,4.68467332000649
"GPR157",5.46268370782665,5.48441204341114,5.60065691610817,5.87256822454692,5.53476861827663,6.80127051198349
"PIPSL",5.3344412562722,5.17594971784969,5.13786241172375,5.02596345433389,5.34903754503733,5.28523604052962
"WDFY3-AS2",6.48076738158518,6.67516177549202,7.08857834537339,7.3323623405347,6.73951207025976,7.90048343971049
"SRSF8",9.01755385566988,9.06376011097949,8.42582051594171,8.73885120153711,9.23156288954906,8.00403745420835
"SLC36A4",10.1008936393341,10.1355623491447,10.1205628597072,9.53467086120084,9.51168746862854,9.86343100620578
"ZDHHC20",9.29078753500937,9.32326630029189,9.40304613797014,9.08669864401928,9.23288378058202,8.84624705286912
"ZFP3",5.83411797820783,5.81547244195914,4.86296472820736,6.93928874200785,7.37950932416922,6.49103195422233
"ARSJ",5.04742567774093,4.84495094307666,5.33538540566403,6.27476788446092,5.93352705716022,6.92569080701315
"MAP3K15",5.29925920898593,5.43072800972915,5.93909051704448,5.20526093226038,5.03903521958369,5.11466593771837
"PPA1",10.9390178768825,10.8783583611493,10.9143714467237,10.9683255818701,10.9221142338822,10.5252873417986
"PSMG4",9.41243858706752,9.48565879368882,9.63878163274787,9.04168161617988,9.2062328735611,8.84624705286912
"BHLHE22",7.41299103728355,7.31457793993222,8.14772082508125,6.68694592364447,7.01702036134237,5.40006335275449
"MAP6D1",7.26902704649298,7.22231829608507,7.1377443071229,6.79998987983057,7.04805835811577,6.47030047129559
"ZNF443",8.24806163007159,8.33104276038431,8.20329953523338,8.51783797575473,8.33449300910272,8.04142784365371
"PDIA3P1",6.44325127059483,6.67516177549202,6.57141063641404,6.57103832417983,6.80708020734672,7.03285808344634
"GREM2",6.90898517037246,6.91767973622659,7.36864289908543,7.10196809322995,7.72509344315077,5.91480976668293
"SSR4",8.87768241564622,8.55895856412948,9.3073367562706,9.48560471340402,9.24471757186586,9.46105242302031
"CAPS2",8.42940778608008,8.45620037119831,8.33761216785268,8.45042725300099,7.90272405102928,9.50043893859807
"ZNF792",8.59578559098937,8.44818824425593,8.55583946488962,7.81237106313595,8.18368265205321,7.35624264735902
"CUEDC1",9.538739116537,9.29531749389626,9.2205497782648,9.94937617707533,9.91350639206912,10.1539204926099
"SCRIB",8.49190035684375,7.99513266426283,8.99590758900064,9.24028730143564,9.14720563218502,8.95667116829504
"KCTD2",11.1123686478128,11.0354227249931,10.424938268663,10.7051198369374,11.061942025238,10.4736843531659
"D2HGDH",7.24819384114694,6.85270764240235,7.40100650295854,7.56357526806495,7.45940299913427,7.47119071522143
"OXTR",6.09517066737624,6.27946357496297,6.36527543281753,6.1653683000969,6.05777184720114,6.30320502760512
"CMTR2",9.82589593948548,9.83626256461779,9.86295484044014,9.91130991370487,9.73775948089661,10.1415227662423
"FAM83H",5.9903111609895,5.6520241287847,5.3782345210694,5.53181738139766,5.69081184736494,5.34453517938545
"ZNF572",7.0612404615827,7.10286449688796,5.63329680407505,7.5187575698143,7.43637318374401,7.51563211554337
"ST20",6.77757659703764,6.94904069284673,6.78756865288512,6.71441314140921,6.66836552419538,6.52152479638696
"PITPNB",9.81549031266684,9.90597479999593,9.82082333332167,9.72635452987511,9.87513489777603,9.3427751186104
"TCEAL8",9.96105425811269,9.94340011691356,9.66201200638002,9.7914564070017,9.78442119033637,10.1692692240285
"LRRC57",8.39243476627361,8.42660095928725,8.27419472702668,8.72914091656603,8.48875588694496,9.01056510285078
"MRPL14",8.58217900268261,8.16806052790184,8.42192671374476,8.59654079746363,8.54524208458489,8.57779943472958
"GPR137C",10.5902093714827,10.6461535805017,10.4801063381677,9.74250629707844,10.2464558267905,8.92623580383093
"BBS12",8.04829365157979,8.08075623765708,7.87248208979373,8.21984252896038,8.02121416697394,8.79958722914079
"ZFP82",9.76471046833387,9.90888842243682,9.38120951919906,9.33604601411246,9.58279184703499,8.89698997909623
"LSMEM1",6.77757659703764,6.76685754580122,6.76238112537073,6.56344602671809,6.55838671547071,6.50127544507696
"NQO1",7.84825812045836,7.84398320320908,8.78510984397774,8.61599926416395,7.79883347609376,10.3705724175983
"AEN",8.5063864392058,8.27170062503493,9.71533150943496,9.42583155542229,8.89681945678756,9.87658369192511
"FKRP",8.32534240882815,7.96164951102611,8.08002122851554,8.39206598500318,8.33942017719165,8.68014427585977
"RPH3AL",5.6525384434395,5.24729833481842,5.33538540566403,5.23135019106063,5.51344929562775,5.11466593771837
"SLC25A42",8.21311353050452,8.05278242919946,8.06007361605457,8.09904230004491,8.53025180249575,7.22503328181531
"METTL23",7.24117963765951,7.33232000194245,7.07853172863903,7.45271987624042,7.30502131614998,7.7967848029881
"ANKRD34A",6.28119912210877,6.31748106638303,6.29459653090917,6.02211641227821,6.63548630992359,6.17818765351574
"SLC26A11",8.31878558396344,7.97662816360005,7.95592129618506,7.96982642064981,8.1809377646698,8.09088451846267
"HIGD1A",10.5328069073,10.4150476822599,10.5096640646129,10.6780937953964,10.4093934136579,11.0231329803811
"CHRM2",10.0817280511882,10.0969121039416,9.90110363737725,9.24823208060184,9.6991197898545,6.96235222053922
"MAPK15",5.81299943796065,5.43072800972915,5.7255112363932,7.89909052633311,6.46706506058221,8.01774770225266
"EHMT1",10.118867951227,9.87452409280452,10.293037469218,10.4785563357804,10.6252555094636,10.1454085198751
"F2R",9.79562787589388,9.63040730777667,10.2088144647543,10.4399679396998,10.1665249788479,10.2893217124481
"ZNF707",6.72736783383392,6.62684248559454,7.07853172863903,7.09170070117212,6.89222287773343,6.57082196690698
"NPM1",12.531176021429,12.5378568781074,12.59989390658,12.9645697612391,12.5725929283101,13.3227011672701
"PJA1",11.7345896817077,11.6342701127114,11.4151696821795,11.5004266051048,11.9007744634793,10.8896102052852
"DHTKD1",10.5697241742554,10.5733611746417,10.6364905522819,10.6743114923361,10.689620683985,10.7108169444145
"PENK",5.18373077138573,4.84495094307666,4.63910910251109,5.45558649408591,5.32290848716218,6.5513242749642
"HIST3H2BA",4.87482195210638,4.58878259651035,4.33057497578978,5.6525587184268,5.76091096778062,5.28523604052962
"HECW1-IT1",7.037008143838,7.71568339177883,7.21295211595265,6.12306193840807,6.26245350803355,5.881557447727
"C4orf50",7.70408345195101,7.70219100840178,5.13786241172375,6.03376044615837,6.7624132232569,5.03357482878391
"HIST3H2A",6.91790282534075,6.81046349923715,7.31014150476043,7.59627790978649,7.82376295836512,6.84138999912851
"ZNF746",8.94931819555722,8.82313800716929,8.96151359439377,8.92610407990373,9.1722099434197,8.69084144663026
"POLR2A",10.1541579748165,10.3168442244921,11.3543681114235,10.4771096601097,10.256872660109,10.1227239673465
"SLC25A41",5.85484684019812,5.97458977678836,5.69565584988958,5.47521948736164,5.91887334582027,4.94087121374919
"TMEM136",8.74973432875822,8.70497427220764,8.63191691685501,9.01929722586009,8.89848620500244,9.23887288389121
"FRAT2",7.53216479117351,7.7727098763533,7.24908276591028,7.70345665799784,8.08726367540621,7.11942799821587
"TMEM102",5.0958257135656,4.77662214806139,5.07933519419276,5.20526093226038,5.55563637036578,5.7938961322474
"TMEM132E",5.87520277529963,5.79633174395148,5.07933519419276,6.98458762895756,6.63548630992359,7.046535392754
"ZNF322",9.19764564929611,9.07764997547205,9.34063782382317,9.29390536859931,9.2834753966689,9.59670981894573
"NME9",7.0612404615827,7.25995789712136,7.01666422632071,7.55250372585819,6.99805561656189,8.25017389671768
"HEPHL1",4.33057497578978,4.33057497578978,4.33057497578978,4.64396487703681,4.33057497578978,5.54910236469605
"FAM211A",7.81590385069063,7.91185105683922,7.49384682798959,7.95316761118244,7.9291922595515,8.37766287611289
"CCDC108",6.02629639048941,5.99099191043792,5.60065691610817,7.10707332424053,5.96229157958667,7.82049194481516
"DDX60L",5.67698376420325,5.83429039028268,5.49586482724437,5.68460767469218,5.8583162996779,6.29124861845814
"SYNE4",4.99520527768772,4.90491546544878,4.94418431550225,5.05921631031587,5.14598214718274,4.33057497578978
"OGFOD3",8.27541791952294,7.78555040601595,7.98797398522681,8.73238497806447,8.61793023799506,8.48982882985997
"AATK",7.3751736125526,7.00968649119216,6.72369361431858,7.01760602430721,7.6231073976722,5.65810362455486
"DDN",5.6525384434395,5.13762512309315,5.66493901424027,6.21628853422501,5.23931319139556,6.91823902392529
"ZNF467",6.77757659703764,6.51389521262857,6.55665892062138,6.40154607385148,6.73179084413284,5.40006335275449
"SOX2",9.50459195914849,9.44205738909359,10.4326742951408,10.3056863708002,10.3697526006365,10.6601208153616
"ZNF678",10.5690362976904,10.716002323212,10.5205938725924,10.6355004650242,10.4093934136579,10.306081099634
"TMEM45A",6.51723368027146,6.72179300651678,6.8122948523233,6.86231554612004,6.8503189605295,6.84927332268354
"RAP2B",9.89670484138313,9.84744311078833,9.61346917678294,9.950071713618,9.86325092700952,9.66220286852171
"ZBTB2",8.83475805128403,8.91307485178166,8.55228367163176,8.81578691619792,8.85622650111369,8.45004958824174
"RNF135",5.29925920898593,5.45795213323723,4.63910910251109,5.37262261357025,5.17836802896297,6.12443048056718
"ACBD4",6.52916670743809,6.15796744435664,6.3126379774091,6.5326312524326,6.37900788898933,6.99805770896564
"SGSH",7.40049822086436,6.95676981986346,7.50874119576164,7.40827444694496,7.34027647530114,7.56342037115229
"RPL24P4",5.26254826080776,5.17594971784969,5.33538540566403,5.54997731954909,5.14598214718274,5.28523604052962
"MAB21L2",10.988725927943,10.8457972530978,9.55970370689966,9.78834801625453,11.1165756018497,6.9032122694239
"FANCB",7.1390734122226,7.32051701751159,7.31014150476043,7.56357526806495,7.31011254539078,7.33429105777317
"SETD2",12.0022550560215,12.1160107829122,11.9758053854522,11.9387160975843,12.1444203505138,11.9226847965452
"TMIE",5.89520136979655,5.83429039028268,5.86366298223323,4.87127988604197,5.81067810207035,4.83010453277739
"MEX3D",8.26522052484028,7.82338929223941,8.10942933195419,8.53653006985102,8.42995252440677,7.84765914901282
"MRPS23",9.28409104649794,9.24851888234009,9.24933341612418,9.32321053039205,9.32245829410536,9.3427751186104
"GPR135",8.0202238731561,8.18425478613742,8.09480102749024,8.04770717304165,7.9291922595515,8.50689107156897
"ZFP41",7.50912406189651,7.44518124642502,7.47879312224272,7.34530362566354,7.5479271328579,7.2487570893267
"ATG9B",5.6525384434395,5.55970553524277,5.13786241172375,5.66870520190303,5.76091096778062,5.34453517938545
"GPR88",6.72736783383392,6.59698438339265,6.67031052339294,6.32150807584472,6.2844576999073,5.42659714675519
"HKR1",9.92171280676643,9.88146281382322,9.81343315344366,9.74250629707844,9.67795109392997,9.80958612553072
"PLAG1",7.40049822086436,7.26613346708606,7.88389418139776,7.90776683256439,7.49102369857769,7.88558998999751
"YIPF6",10.0855816054522,10.1255791401903,10.0380128221241,10.308942902422,10.1159200572859,10.493938306119
"ZBTB20",9.98704120676161,10.0413536694145,10.2919746040309,10.1968070585256,10.3134816057114,10.1171944929458
"C3orf58",10.0970808498847,10.1900660992975,9.63207500609705,11.5999168691233,10.1173500007096,13.1935864396411
"C5orf30",10.3952159026511,10.3572160452837,10.285580907915,10.0777570123001,10.1308641932779,9.49069281535939
"AMIGO1",9.13946528525982,9.13523015950479,8.81209961871537,8.80965859338651,9.39621574551037,8.11019697759067
"GPR3",6.06122660456922,5.79633174395148,5.56693702969189,5.15028716110163,5.37441071259404,5.37273133131448
"SIAH2",8.90195978674521,8.73598687261204,8.75141856655928,8.84154459697104,9.00287892649142,8.55689254420254
"COPG1",11.3539150695276,11.1818756264054,11.140789009762,11.353131306535,11.4376053010617,11.6586400492028
"BAI1",6.99564779673892,6.68461897403412,6.49593802186075,6.65890241898307,7.34027647530114,5.47749470033185
"LINC00471",6.00844026539826,6.09988234759329,5.96317797384801,5.93722994218226,6.18224393265002,6.08250174298976
"SLC9A9",7.28274489527678,7.21594487438752,7.1945286559471,6.63025606291703,7.02951969692029,6.49103195422233
"LSM10",7.18375548402539,6.81046349923715,7.12804990920464,6.90430184754237,7.34524114011646,6.93310215294778
"RELL1",8.02830035881907,7.86024605995143,7.93962027758522,8.58939905639909,8.26107457242537,8.73077909581354
"RFX7",10.8352917861313,11.1077634461257,11.4019326882533,10.4409577092054,10.5499639078079,10.1919902399695
"SLC35C1",7.88880247875315,7.83578143291402,7.95050833517773,7.2793645171567,7.6432996066977,6.78488350934427
"TIGIT",4.87482195210638,4.69525161239808,4.94418431550225,4.71402308857299,4.91093888395682,4.68467332000649
"RNF41",10.9299391921365,10.8478223798046,10.4575335615188,10.7100543524226,10.8547153548816,10.6282699607631
"SLC2A4",4.60390596466056,4.33057497578978,4.7660846074949,4.87127988604197,4.80549449477315,5.34453517938545
"IBA57",7.91083738640365,8.04570240743399,8.20783497667597,8.06846340828415,8.06657780568588,8.02455368757363
"ZNF329",10.1458775394758,10.2502613848524,9.84856542835633,10.1351506339621,10.1747891059413,9.79481515865549
"ZNF101",8.06015644934267,8.00976515806518,7.8318023376384,8.04770717304165,8.07251872154137,7.66318329412718
"C5orf24",11.0604612905621,11.1661379834781,10.8857761120695,10.8122569959037,10.9270138598364,10.6790062901814
"ADO",9.84875406094533,9.97710482637841,9.77590291920157,9.66919883382539,9.89944433996164,9.15029906011076
"COA4",8.12933374133874,7.96164951102611,8.25679769619421,8.51407014182555,8.22156759349832,8.89329206113673
"PRKAG1",9.84193460787192,9.92624755274738,9.51483365483742,10.0783932993358,9.88859767335251,10.4643831270366
"GINS3",7.26902704649298,7.09591621670021,7.18522450335871,7.77487844920169,7.10811313039174,7.70630283433365
"NEUROG1",4.7165496130104,4.33057497578978,5.69565584988958,5.23135019106063,4.95674843757777,5.18746296578136
"CCDC149",8.94931819555722,8.92272915376826,8.96151359439377,8.47195701967692,8.7382950326843,8.77366590609715
"MRPS11",9.21887090889578,9.04620704156347,9.10656909142671,9.22656482682833,9.29237070313745,9.16723155597995
"SNRPE",9.25527826810056,9.13523015950479,9.2925217901957,9.74411156167275,9.34217297647732,9.5807220935992
"RTKN2",7.56603455452022,7.68399881186436,8.20329953523338,8.3588189005965,7.56073865313527,8.32637343054268
"PNMAL1",11.9640513006531,11.8177241390516,11.5228078864561,11.2566669913237,11.7192265091468,10.8672015720973
"CHST15",8.97033968110083,8.81693728728556,8.58048625117165,9.50940289037947,9.20488728664812,9.65894358079627
"USH1G",4.7165496130104,4.58878259651035,5.0153475618871,4.64396487703681,4.86095996838829,4.58127373257168
"MGAT4C",8.79758944493229,9.05325399149441,9.25152388519973,8.16553993551088,8.3295488236368,7.09336464344323
"TRIM49B",4.7165496130104,4.84495094307666,4.94418431550225,4.99090412180236,4.99924798284876,4.33057497578978
"IDH2",10.2257440009631,10.013652844269,10.4641538648953,11.3017613383571,10.631272532285,11.6599984793886
"TMEM259",8.99721612273053,8.50077545201846,8.95076317415032,9.26399129666955,9.51168746862854,9.00543694179581
"WRB",10.9320804998572,10.8748868902267,10.576654602057,11.0399628240925,10.9314906095389,11.2220211386713
"TNRC18",9.80967678093453,9.85350523164609,10.4063971514956,10.2142803788046,10.2575212202589,9.96455834842518
"FAM181B",6.36478816236259,6.32990443424444,7.36864289908543,6.78717281962596,6.9395354864449,6.13809210754304
"DEXI",7.89765744756007,7.7727098763533,7.80802279742507,8.11159262389103,8.00265669129451,7.92981055186659
"NOP10",9.54154851038933,9.58375525699587,9.67348824067804,9.63586150158609,9.60437477464621,9.61252207666058
"FAM89A",8.26180517451171,8.20662278524194,8.77599939552662,7.66976224547184,7.9060596315197,7.40966184429143
"KCNIP1",9.33357161491262,9.36065361083876,8.81802911615754,8.10407567937615,9.00287892649142,7.56342037115229
"TDRKH",8.90195978674521,8.94753109884105,8.60128022869596,8.53838594974355,9.04711647923565,7.9901940216119
"ZNF708",10.0836561158489,10.33356251374,10.0988454666413,10.2771507024355,10.2542754984016,9.99244160827961
"IST1",11.4210086646562,11.3452413389658,11.3523305702794,11.7581549500052,11.5564534072309,11.6675821392158
"ERCC6L2",10.9933474804025,11.0739941147218,11.1554705043666,10.9265415073847,10.9314906095389,10.940581618249
"MRPL41",7.19106458252092,6.56643692587744,7.41691240853898,7.30611477404241,7.6552779251961,7.06680005950331
"CREB3L2",8.11424816097241,8.41294186554891,8.78813386699181,8.36511180722146,7.84826235284752,9.20051037087257
"TP53TG1",6.79714772954774,6.89367700381847,7.31865018274309,6.89243729035956,6.87143231354906,6.84138999912851
"UNC5C",11.1765388343526,11.3665844631513,9.55084080548476,11.0994619057843,10.2575212202589,10.8765808475534
"TSEN54",7.29632919015158,7.23497821999131,7.28429996695587,7.74609406133652,7.76979592090996,7.60964233684129
"RGMA",9.7526402833544,9.31888923972253,9.81343315344366,10.3132735356996,10.1008193970125,9.60914831416535
"UBA7",5.22411723473243,4.84495094307666,5.19204933581343,5.61949520913034,5.53476861827663,6.3267847648848
"MRPS16",10.6250420082878,10.6090230228864,10.5775271175989,10.6810287443486,10.7139220703331,10.6816841406337
"FAM159A",5.22411723473243,5.53524434648493,5.19204933581343,5.02596345433389,5.42310223496893,4.76371589021208
"RAD51B",6.9787484957864,7.20310972633089,7.4247982507733,7.39590461736391,6.5226185101805,8.08764021415036
"LDOC1",7.64731463068176,7.69312413237732,7.275578697877,7.17178260254888,7.93246643504887,6.93310215294778
"ARL6IP4",4.99520527768772,5.09718127405855,5.2426758087291,5.4150421589993,5.26812364332126,4.76371589021208
"EXT1",10.0913426925188,9.99366619472618,10.2333843313711,10.4379863603873,9.98418295473031,11.2395727744397
"SHMT2",8.98280663449547,8.60049573085151,9.19801010582148,10.2400996301369,9.81294606407946,10.1076657741991
"MOB2",7.86190181053377,7.30861351157057,7.47120541838317,8.09145879024988,7.99641677579841,7.85532673182994
"HHIPL1",7.51491967875223,7.46135385014444,7.52347964195245,6.49306630528759,6.60177306867266,6.88035690059614
"ATP6AP2",11.1611042632193,11.2057570040675,10.7979207388197,11.0265106458642,11.0792841957805,11.1919097210901
"CYB5D1",8.98693838408299,8.89553203123552,8.48672413198347,8.95968969122972,8.79310287251499,9.38416763273161
"BACE2",5.40082433975998,5.60690679268508,6.0767532850492,7.54507410269512,6.55838671547071,8.30700429615734
"UBE2E2",9.18331956688118,9.3478214101427,8.8617372504545,8.86684874704198,9.2142800852089,8.59385229957226
"SYNM",10.1814209294664,10.1699690625735,10.494960926303,11.9733271721118,10.182323168477,14.1330561317048
"KCNA4",9.35609323496928,9.1335691036514,8.45659579775425,6.95645192050632,8.03040308440144,5.8297852851543
"GABRG3",8.24114001093791,8.2927514492747,7.87248208979373,6.79998987983057,6.87839785072055,6.65516992011782
"FIGN",10.3803926394314,10.5592166554215,11.6902506613524,10.288192889945,10.3159743781173,10.0754407093799
"IZUMO1",5.0958257135656,5.05426032044833,4.63910910251109,4.71402308857299,5.03903521958369,4.33057497578978
"B4GALNT4",9.93672531129211,9.22843168569077,9.58075482190222,10.1944612011248,10.4082257492606,9.2490289260213
"AP1S2",10.7577317183903,10.8704112582827,10.9552222155735,11.1199980924554,11.0443888132506,10.5072846170333
"C8orf33",10.164214347916,10.0875140886981,9.81343315344366,10.0252621475961,10.1918553873016,10.1012781269036
"DCAF4L1",5.04742567774093,5.24729833481842,5.07933519419276,5.02596345433389,5.11210946503177,5.28523604052962
"SPACA6P",6.2372372059446,6.30493497245368,6.11933501176659,6.18598823092721,6.35859427178238,6.57082196690698
"ZSCAN22",7.50330448909053,7.58445013314384,7.78383813845146,7.5073267853116,7.61494902704567,7.31759826822496
"KCNJ14",5.93418371095413,6.186010907159,5.96317797384801,5.51331587387945,5.51344929562775,5.22140032273235
"FBXL6",7.24117963765951,6.77569217432756,6.72369361431858,7.1958881982195,7.5734348367007,6.84927332268354
"C1S",6.4305009759227,6.5245731111976,5.83737023149546,6.35770001541804,6.33784955861795,6.61834268185337
"ZNF804B",9.26040496001852,9.57888389500345,8.73896859456404,7.55620390682624,8.18368265205321,6.06819675099262
"KBTBD3",7.74889523544411,7.76840374055197,7.78383813845146,7.70345665799784,7.58601778618675,7.83219871463206
"YBEY",7.24819384114694,7.27228180361364,7.31865018274309,7.02843816393424,7.21550017657449,7.2487570893267
"FAM27A",5.54851785949931,5.62971160557788,5.45827589049947,5.74594758405598,6.09646749403237,6.17818765351574
"CLN8",9.0475312317789,8.95883543783139,9.23168862503101,8.66776483259553,8.9919939082137,9.08537126519685
"PLCXD1",9.34165554804465,9.12690563965097,9.29677021609139,9.15350299293158,9.57344211691196,8.63654026824561
"NXPH4",7.54920138532055,7.37286346670873,6.62882379950556,7.21958267750304,7.72509344315077,5.8297852851543
"CACNB4",10.6935435413571,10.925622282747,10.7249859198198,9.98781844853812,10.565758932296,9.37757137509462
"DNM1P46",5.0958257135656,4.90491546544878,5.33538540566403,5.20526093226038,4.99924798284876,5.22140032273235
"TRAPPC6B",10.3936627152386,10.5524025306032,10.0201499429813,9.9680388627361,10.3289911989534,9.21834327551738
"PGBD4",7.60996522475048,7.7727098763533,7.60881388150519,7.3105237476609,7.56073865313527,6.59953871009217
"NPLOC4",10.5349219877699,10.3853763652872,10.2564531675874,10.555054369816,10.5259421991286,10.5635389922342
"OTOL1",8.31549587315435,8.44282183317067,6.18054720532947,6.66596874216255,7.70604305136319,4.98896808752624
"TSHZ2",9.76711242144086,9.81156335476632,10.5050854162697,9.92269398118554,9.57864390061998,10.7024024696914
"EXOC7",11.8691840934057,11.6094202996186,11.801213036044,12.1330890350642,12.1089315397169,12.0524772249393
"KPNA2",11.4623370727373,11.4291202751105,11.5523956041442,11.7710001603319,11.4614396852393,11.7510244095226
"WASH6P",6.2372372059446,5.77685464919912,5.81044805857035,6.01035734573399,6.2844576999073,5.7938961322474
"BGN",4.60390596466056,4.58878259651035,4.7660846074949,5.17826991240815,4.33057497578978,5.77550668699715
"ORAI1",5.6525384434395,5.90657782030436,5.86366298223323,5.96211569431352,5.97641267591333,5.71840792780094
"CEP97",11.4530476816242,11.4812516603051,11.3141074613397,11.3009439880802,11.2286252276461,11.1657539507361
"LHFPL1",5.49214979402744,5.58358169504195,5.49586482724437,5.73093733123111,5.61575483702208,5.84730736939238
"FES",4.80259831140558,4.69525161239808,4.7660846074949,5.02596345433389,4.86095996838829,4.98896808752624
"GLRX5",8.48898549385237,8.4535346358434,8.59783542490088,8.89461249430765,8.65195018122067,9.0207668972356
"FAM104B",7.82522337839033,7.73788899500471,7.57388309620775,7.67316801531201,7.71369398086317,7.98671204508769
"MXRA7",9.96105425811269,9.8301273303448,10.3193576289248,10.9176820265749,10.8789388095069,11.0193274292332
"LIMK2",10.2353148909798,10.0563214595482,10.1642024700785,10.0822051355308,10.4451298804881,9.32779667882478
"MFSD5",8.2376665973062,8.02784701667875,8.01414446739986,8.15830238138819,8.25586960979723,8.47256108260949
"ADI1",8.74973432875822,8.59325247693861,9.23833079300592,8.94997465934791,8.5259399289731,9.65458636384187
"RWDD4",8.74973432875822,8.97005160344851,8.81209961871537,8.97208477321676,8.76778586449696,8.82310651357793
"SATB1",9.78262828932815,9.87551738607421,9.98374613341583,10.7088223053954,10.7447750934402,10.5612141149737
"HIST1H3I",7.33630691398512,6.63664771748306,7.12804990920464,9.08035324209271,8.16713366873259,8.8055032390256
"NXPH3",7.0692241342811,6.96445555233574,5.93909051704448,6.41013865333125,7.33029396821466,5.3153992589889
"EPHB3",8.35448204461937,7.95788010161699,9.52392016920357,8.73562172871382,9.00442722589531,7.99713254947996
"EPGN",5.46268370782665,5.58358169504195,5.45827589049947,5.12120644125242,5.42310223496893,5.03357482878391
"C2orf82",6.85421751109717,6.63664771748306,6.71054607635312,6.28425515241289,6.61028206685648,5.9629602809734
"HS3ST4",6.71709701753066,6.63664771748306,4.7660846074949,7.03918568086747,8.51074544955204,4.76371589021208
"TRAK1",11.4719349993169,11.357729839621,11.3655234324655,11.0613574336734,11.2764369543556,10.7567470357616
"HIST1H2AJ",5.62750733317344,4.95891832408665,4.7660846074949,8.76601245500825,7.36003032060166,8.18796695439066
"TSPAN10",5.22411723473243,5.28072429172865,5.49586482724437,5.68460767469218,5.26812364332126,6.00920807852439
"PLCB1",11.414131659572,11.5214511590592,10.943088004621,11.0245314689049,11.2116601489377,11.1492107987444
"SKA2",10.6204017141216,10.6947818958144,10.4632099659666,10.8983577852274,10.9448380905491,10.7398869245848
"CCNYL2",4.99520527768772,4.69525161239808,5.19204933581343,4.64396487703681,4.74232802187034,4.33057497578978
"NDN",10.947510635193,10.7815649892943,10.75151468674,10.602266810514,10.9699816806348,10.0130057282253
"FAM156A",6.19167384472197,6.06976574579927,6.0767532850492,5.789777878405,6.17035088062347,5.81198514857821
"LINC01006",5.9531937412958,6.05442078166421,5.41912560421338,5.60255728389094,5.74380775294986,5.86456156907527
"NTM",11.1837454092286,11.1064954037379,10.4489768397321,10.0739333814942,11.0277601434074,8.39348518624799
"TTC3",14.6947299111278,14.7309205341845,14.5977765357367,14.4743921139147,14.3886118140625,14.6539830870723
"KCNB2",9.40165382856769,9.48174912088029,7.88389418139776,8.23596810912026,9.31124899917331,6.71726694632154
"BRICD5",7.46187926330275,6.70333499340347,7.30158068721242,7.45271987624042,7.86893076154135,6.36135507851925
"IGIP",7.33630691398512,7.38423491701478,7.41691240853898,6.99014613646108,7.12563200576146,7.42529865342838
"TSKU",7.56044579433542,7.27840315363716,7.81400512101009,8.09145879024988,7.90272405102928,8.36166381032946
"ANXA2",9.4944779645835,9.37618369136868,10.5133165455848,11.9439609925656,9.6692007354805,13.5089537175661
"SEPHS1P1",4.60390596466056,4.69525161239808,4.33057497578978,4.71402308857299,4.33057497578978,4.58127373257168
"RGS6",8.24114001093791,8.34837600371051,8.94535767324388,8.78018669218393,8.93629758074995,8.8424160794459
"PAQR7",8.27202685849682,8.0633369964684,8.09480102749024,7.72329501884015,8.11342664886969,7.9691733424189
"PAPPA",8.8821270892434,8.83954363430369,8.46039665322925,8.34402699597376,8.98416814546324,7.12586780654062
"MAFA",4.87482195210638,4.77662214806139,5.49586482724437,5.70027502758029,6.01778816310778,4.98896808752624
"NGRN",10.2516982529934,10.1020125896421,9.88568321377485,9.97078327041816,10.1428493922293,9.38153275427456
"GRID1",9.17610269365232,9.04089908174097,8.85310131906389,8.92326954298752,9.59002214055639,8.98300116003085
"CCDC87",5.87520277529963,5.67386991742712,5.78285907365734,5.77536139914715,5.97641267591333,5.54910236469605
"TMEM198B",7.87092537703759,7.98405883147454,7.77772701745442,8.25643732290653,7.95839220121356,9.09827227609654
"CRIP2",9.08269847586965,8.55647734205739,8.77599939552662,9.61495612051193,9.71243064703405,9.34953233150707
"DDX28",7.54920138532055,7.47734248484103,7.58093875215175,7.49965437493521,7.69835056214515,7.53972878558198
"ACBD3",10.2257440009631,10.3204951596704,9.83986231742918,10.2275346400352,10.2529751611937,10.3552213090904
"C16orf72",10.5164874049993,10.55426412355,10.4575335615188,10.6535431113345,10.6653915636782,10.6497641876387
"PLCXD3",9.00538575784659,8.89749183849585,8.47173911795696,7.70012307850175,8.02428372515973,7.45605930274817
"RRP7B",8.04032994299301,7.81506738043907,7.99849992386532,8.31614412960057,8.44144981385615,8.18493610461721
"VMO1",5.46268370782665,5.48441204341114,5.3782345210694,5.68460767469218,5.76091096778062,5.28523604052962
"ALG12",8.19531378989286,7.90403269295821,8.24801918127465,8.26992250355276,8.27142801894521,8.24436467501735
"GALNT9",7.49746075667521,6.86924378332948,6.4803071669202,6.44394842076515,7.16566744120956,5.18746296578136
"COL18A1",5.79147317606317,5.17594971784969,6.29459653090917,8.29871148734869,6.8573932640096,9.3508799772661
"RBM10",9.66905240642446,9.45141710591192,9.82964181855436,10.2096414923213,10.1116216978434,9.86531732550384
"GPR97",5.18373077138573,4.90491546544878,4.86296472820736,4.82464481268825,4.91093888395682,4.83010453277739
"GLUD2",5.89520136979655,5.75702651981449,5.45827589049947,6.25557621208894,5.4465120496375,6.25468438971641
"RPL35A",11.5983187415447,11.5397299335552,11.9073724759125,12.1215628518058,11.8865930160452,12.223740055853
"RGS7",8.6951841343469,8.76634396910689,8.43743883491317,7.64568945218677,8.33449300910272,6.12443048056718
"SLC25A18",5.72424503540458,5.77685464919912,6.61470214021762,6.22622682849031,5.70876948923922,6.61834268185337
"ZNF721",10.4876582253427,10.6250533129198,10.3431550694885,9.84254940752499,10.1498532480454,9.8812521440721
"C21orf90",5.62750733317344,5.81547244195914,4.33057497578978,5.12120644125242,5.67254547946021,4.33057497578978
"TCEAL7",10.3039007174884,10.2309916083921,9.13532862400988,7.70345665799784,9.51277494470214,5.18746296578136
"C11orf54",9.01350925021389,9.09140702207749,9.12341526183461,9.19167514527474,9.19814041799852,9.4535460299137
"CEP63",9.12266914911813,9.25922007618236,8.98277629335664,8.98437393129035,8.95723743288725,9.25480036981179
"SRPR",9.06130971675503,8.99222485963511,9.0673063941228,9.00596535396008,9.00751883344009,9.41283751274919
"EWSR1",12.1587780327236,11.9767624018209,11.7933495240216,12.3611320679803,12.3369371111863,12.4404837302769
"ODF3L1",4.87482195210638,4.84495094307666,4.94418431550225,5.0909007841773,4.95674843757777,5.571858798105
"HMGN4",9.17066619018199,9.19378605294295,9.07722297487228,9.44669038268896,9.25255306398883,9.61700817280036
"SPATA13",9.50603103590383,9.47782880725864,9.60835288137349,9.62631750514419,9.40678512009778,10.0948620528137
"GJC1",9.00538575784659,8.99588739199487,9.88427314208673,10.1061155039647,9.46974297376782,10.4220892032912
"SOX1",7.87092537703759,7.78555040601595,8.3334706512509,9.03513405406417,7.9127074203427,9.09505785200406
"CNOT10",9.46961563526219,9.55179293197308,9.43615555057683,9.73526039578545,9.60641352882846,10.0070381019114
"MTA1",8.94082279178687,8.63852083669891,9.2205497782648,9.22080829341615,9.4551084787387,8.98473947019248
"ZNF662",5.29925920898593,5.31286008562374,4.33057497578978,4.95373220111794,6.513522034208,6.33841262084272
"CADM1",12.3440528599606,12.4974749306952,12.2115424981558,12.0494292539778,12.4407826520074,11.627871064693
"ZNF320",9.90436199482836,10.0298019295937,9.37117325616167,9.96253432291533,9.89194381106712,9.8348359060207
"C12orf60",5.91485715615986,5.94108086001497,6.14008014374634,6.05671361986226,6.18224393265002,6.34993536391042
"PYCR1",8.70274593815867,8.2777468188277,8.80315924048954,8.83401661496969,8.95563745685719,8.63432490859355
"LSMD1",8.33836663722997,7.98034834265512,8.69452362345421,8.72588951096918,8.5851575916591,8.90985829334596
"SPNS2",8.92152259713283,8.42115293777466,8.47550008213014,8.5494710814336,9.14018218792599,6.85711112771071
"AP2A2",10.5014239672703,10.2479625629999,10.46792329465,10.4967563766429,10.7195810247078,10.4252886541095
"SLC8A1",13.1070826650716,13.2448122699405,12.7796974152803,12.0969754235457,12.7207750458815,10.2516065180537
"SLC25A21",5.6018543074561,5.53524434648493,5.29031095099465,4.64396487703681,4.99924798284876,4.58127373257168
"PCP4",6.67520758794867,6.68461897403412,5.78285907365734,6.33065288233021,6.72402496561255,5.67858866699434
"ABAT",12.4576526044538,12.3248677904025,12.7453684555774,12.4625560550451,12.4297504047731,12.544314756981
"SLC25A10",5.43226952355336,5.40267998277688,5.19204933581343,5.77536139914715,5.81067810207035,5.03357482878391
"CAMK1D",10.3990915680255,10.3357289395465,10.5546683718083,10.2660233021329,10.4273723433563,9.66545480052321
"LYSMD4",8.23418472593573,8.30760036652845,7.86097764282631,8.14859490983899,8.62399265091434,8.08112939298979
"IGSF5",6.59857684600822,6.65604391987176,6.62882379950556,7.08653824488785,6.61028206685648,7.51563211554337
"AFMID",7.92822283064298,7.86428286000716,7.48634011036382,7.61412392885074,7.94872528274519,7.63219804937138
"GAS6",8.71026813043122,8.2317648173543,8.45659579775425,8.5439392243761,8.84416767436889,8.0313273339539
"FREM3",5.76951971169128,5.53524434648493,5.33538540566403,4.82464481268825,5.55563637036578,4.94087121374919
"NEB",7.82522337839033,7.97289824292198,7.50874119576164,6.93928874200785,7.60674326500401,7.21301798050329
"BEGAIN",7.6314284560604,7.5191112184808,7.5161296999261,7.24288030421585,7.96159997772213,6.96235222053922
"GPC6",8.19889151572816,8.23487670991194,9.52753878717314,9.12048846997021,9.36041351770686,9.19601740731215
"ARHGEF37",7.24117963765951,7.30861351157057,7.58093875215175,6.95645192050632,7.08440384257953,7.07348929612911
"FAM43B",6.2520628250378,6.00716920758814,5.98677983682015,5.63615875497389,6.24005731496927,5.25394328805817
"CSMD1",10.1347624595844,10.3536570218461,10.3318226714653,9.458475470235,10.1000963576913,7.9406542465097
"PTGDR2",5.22411723473243,5.24729833481842,5.29031095099465,4.71402308857299,5.07654591073903,4.88837907797739
"CEP57L1",8.86426533335222,9.05501034833309,8.97749001891469,8.92610407990373,8.85622650111369,9.09827227609654
"RIPPLY3",4.93817568778476,5.17594971784969,4.7660846074949,6.42715403265457,5.34903754503733,7.28360218235551
"GPR19",9.02761588958365,8.98118096489675,9.04726577808308,8.29211910461904,8.75679763247672,7.24286392443478
"GJD3",4.99520527768772,5.05426032044833,5.19204933581343,4.82464481268825,4.86095996838829,4.33057497578978
"RABIF",8.81861495336706,8.66639283668562,8.41018140881965,8.49699128698534,8.64997117320766,8.05145731144394
"TMEM119",4.60390596466056,4.33057497578978,4.33057497578978,4.71402308857299,4.74232802187034,5.22140032273235
"FANCF",9.2722967153584,9.09823652986495,9.14478880607621,9.34771220024483,9.25385484294785,9.35893947262541
"CALN1",9.51463543563667,9.5873979996678,8.81802911615754,8.14127076135559,9.28220014013334,6.51143928016197
"SMDT1",8.05621313627249,7.98405883147454,8.29564766292227,7.97258404126916,7.9806963720321,7.84380978523961
"C2CD4C",7.30978258738388,6.86100086831046,6.87220484073834,7.26124177581943,7.72509344315077,5.7938961322474
"CHST6",6.90898517037246,6.92558771782441,7.20377091105087,7.27033258636037,6.65202739144907,7.91522255745225
"HSP90AB3P",5.3344412562722,4.84495094307666,4.86296472820736,5.12120644125242,5.11210946503177,4.88837907797739
"RUVBL2",9.69325305135858,9.29976669219361,9.7849997086218,10.1660091109179,10.0870192569428,9.92622017298321
"GDPGP1",6.4305009759227,6.34220771365591,6.33042650449943,6.54812888578483,6.35859427178238,6.26699080821412
"CTNNA3",6.32368052195683,6.25346714605822,5.07933519419276,6.42715403265457,6.19402372481779,7.39384877311
"C21orf67",6.88187679516349,6.67516177549202,6.82449048673678,6.97340256901771,7.28963530626763,6.83346059421358
"PTTG1IP",11.1005181334374,10.9063192862515,11.5331877912855,11.8806395003577,11.3904962349753,12.4681976152136
"DDX41",9.52176671564277,9.20806020534668,9.29039286680889,9.56405524088877,9.81029571197305,9.57957329551284
"PLGLB1",6.26671530794524,6.44792678694728,6.27629400697231,5.51331587387945,5.84266003333913,5.25394328805817
"DAZAP2",9.88900679376735,9.83932041590958,9.9246153762528,10.2892924721402,9.9880964971326,10.6644593492362
"CCBE1",5.04742567774093,5.2124335202594,5.93909051704448,6.7279384444836,5.23931319139556,6.82548453408029
"CECR6",8.7594337343783,8.66409072801546,8.81506742590681,8.20118777878336,8.61387435525855,6.58046374046774
"ZNF623",10.1559916311766,10.1577749907365,10.0278325807221,10.1247159389733,10.2214099969489,9.96455834842518
"EPHA10",8.52072763612895,8.26258314695662,7.48634011036382,7.18629611924666,8.44602302521782,5.77550668699715
"CCDC125",7.33630691398512,7.52424624116357,6.09823090651264,7.48028832437801,7.03572703226692,6.80127051198349
"BCOR",10.0166106338959,10.0235432080352,10.2389104811917,10.3926654176659,10.3745435217559,10.297027285414
"JRKL",8.2376665973062,8.16479953223991,8.44129076856599,8.2788425118065,8.2636699680789,8.48737470642999
"C10orf107",5.76951971169128,5.60690679268508,5.29031095099465,6.85621029266722,5.61575483702208,7.30070367541957
"KIAA2026",11.3370465255125,11.4655124040324,11.1752005193422,10.7441311835351,11.0182259250678,10.4111576657933
"OVCH2",4.33057497578978,4.58878259651035,4.33057497578978,4.33057497578978,4.56883750728876,4.33057497578978
"FHL3",6.9872241670526,6.83596763058775,7.09855240093192,6.64465633337608,7.17689695338959,6.72590736183652
"C19orf71",5.3344412562722,5.05426032044833,5.3782345210694,5.15028716110163,5.29596108369109,5.07532107295397
"CCDC159",6.2372372059446,6.2134331229608,5.98677983682015,6.57103832417983,6.41888706613282,6.92569080701315
"RPS7P1",5.57553933579376,5.60690679268508,5.98677983682015,6.1653683000969,5.70876948923922,6.3150496424646
"LRIT3",5.43226952355336,5.94108086001497,5.49586482724437,5.02596345433389,4.86095996838829,4.94087121374919
"NPIPA1",7.30978258738388,7.49315139052759,7.05821634900997,7.30169183947393,7.49992914835553,7.27208363450596
"SF3A3",10.2231226946453,10.319765711762,10.2608056925403,10.690630311465,10.5243264353008,10.7978078776096
"TRIM61",5.43226952355336,5.60690679268508,4.33057497578978,4.33057497578978,4.86095996838829,4.33057497578978
"OR7E38P",6.58725916525107,7.04627361157714,6.6004284650849,6.15492760336544,6.0837061780769,6.15160304901779
"GRIN2A",7.16159439458307,7.13709168804272,4.94418431550225,8.51029238170292,8.24802647612564,9.78587936242107
"SSTR3",5.40082433975998,5.2124335202594,5.29031095099465,5.6525587184268,5.14598214718274,6.3150496424646
"GTF2H2C",7.90645762791727,8.13844004306714,7.58093875215175,8.07872935865574,8.02121416697394,8.32911917638599
"ASB7",8.91503119280458,8.94753109884105,8.83859177605447,9.17032802321791,9.04861791045008,9.19151037447996
"EP400",10.0176195301291,10.1188850557073,10.6785733710749,9.95977415061213,9.88440404790284,9.85015719266175
"MEX3B",9.57621133851287,9.37477876640336,9.54192304052945,9.77663147410939,9.96762906019122,8.70357373679164
"PI4KAP2",8.74241654982002,8.39915129170205,8.39038934388409,8.56411924472429,8.79130923560853,8.31810444853817
"FAM46C",5.46268370782665,5.62971160557788,5.07933519419276,5.88579523582229,5.26812364332126,5.67858866699434
"COA5",9.34326690275064,9.31303238324726,9.55261775317147,9.53930186408273,9.41959878392584,9.69863523967168
"UTP11L",9.08269847586965,9.10503377358561,9.13532862400988,9.15591864530993,9.03807483320352,9.08537126519685
"PSMG1",8.24806163007159,8.32813337198237,8.13824378640928,8.57138761546195,8.36380483164449,8.61198118289239
"PRR14L",11.3212042606457,11.4515982610045,11.3513107194428,11.1614149508904,11.2103210778772,11.1657539507361
"SERHL2",4.99520527768772,5.2124335202594,5.0153475618871,5.25661469107151,5.07654591073903,5.34453517938545
"PCBP3",5.43226952355336,5.69527237656877,5.0153475618871,5.84564325546448,5.63503194179442,5.89830401412361
"SETD3",10.7222873691682,10.7548333141956,10.5670219295401,11.1411596471218,11.0518843894456,10.6736356270303
"TNFAIP8L3",7.0692241342811,7.25995789712136,5.13786241172375,5.17826991240815,5.96229157958667,4.76371589021208
"ZNRF3",8.62261771767438,8.68921314870482,8.32097371919403,10.5668898339713,9.34705975790669,11.1623070950846
"FBXL7",7.18375548402539,7.14383672489722,7.54530215955348,8.2244684261654,7.59018729455927,8.7956296465034
"TANGO2",7.70913311376738,7.49838179734488,7.79598198249195,8.08128434587954,8.05462122815303,8.02794453368651
"HIST2H3D",5.79147317606317,5.60690679268508,7.50874119576164,7.24288030421585,6.29531752794964,6.53153329507253
"SFXN4",8.03232150805896,7.86830822747009,7.92864829383441,7.99716530369918,7.9806963720321,8.11339046848387
"FAM167B",4.93817568778476,4.69525161239808,4.94418431550225,4.71402308857299,4.95674843757777,4.33057497578978
"MRPL54",7.8436809557428,7.40670473789636,7.72786621708424,7.98356144345384,7.8620746353211,7.54925324738034
"ZNF438",7.14662114384871,7.27228180361364,7.3438698231556,7.17178260254888,6.93287609499554,7.59593397339744
"HMCES",8.70274593815867,8.39637717413771,8.59783542490088,8.76284354155449,8.69289134719179,9.31956046716826
"DGCR6",8.63584797194149,8.0876648197721,8.56645426454561,8.7848805302984,8.99666900720662,8.34819333498937
"RP1L1",4.7165496130104,4.90491546544878,4.63910910251109,4.87127988604197,4.80549449477315,5.03357482878391
"C15orf32",5.70087603390657,5.75702651981449,5.53204272811162,5.68460767469218,5.34903754503733,5.07532107295397
"C11orf88",4.7165496130104,4.77662214806139,4.33057497578978,6.3841869298852,4.86095996838829,7.01208376966761
"ZNF530",7.59365102268043,7.65626437748541,7.44819344488401,7.88157749475574,7.52631239207789,7.82049194481516
"NDUFB1",9.50026608267283,9.28488224734925,9.24494245320358,9.33071179407689,9.48533866915245,9.31542462635113
"MARCH11",5.0958257135656,5.58358169504195,5.33538540566403,5.17826991240815,5.55563637036578,4.68467332000649
"KLHL25",9.31562557135797,9.03200872378282,9.71215558183172,10.3458737741174,10.0105878890191,10.5699131472367
"FAM19A1",7.50912406189651,7.94270187356128,6.4803071669202,5.56781120866857,6.2844576999073,4.83010453277739
"TRMT12",8.91068724939637,8.96632259343604,8.80614555166744,8.98844709122076,9.04109503417977,9.12845639658986
"GUSBP1",9.83508273557735,9.79380839522769,9.90667041293327,9.21618643350283,9.49637596709566,8.97427795153715
"GPR1",6.55271216369173,6.36646410882688,6.09823090651264,6.56344602671809,6.89222287773343,7.55399145505369
"ALYREF",8.7738611411883,8.61248716102288,9.06979195486079,9.59730023024905,9.19949232418683,9.51973556479276
"FAM101B",7.1390734122226,6.94904069284673,6.74960856768488,7.36660997602452,7.5734348367007,7.36167716427533
"EFHC2",6.02629639048941,6.34220771365591,6.54174004934149,8.96521181076517,7.04190649928189,10.6137604219004
"NOG",4.99520527768772,5.6520241287847,5.0153475618871,5.3280834021818,5.59610890044655,5.94713050764567
"UPP1",8.77146661305494,8.4852008471135,7.99324667467734,7.92496229926872,8.53025180249575,7.89677467350811
"OPCML",10.2610989632643,10.4441207841531,9.83256936404296,9.44767616476307,10.2729997869642,7.98671204508769
"TRIM52",9.20120499973756,9.17775806258869,8.98013558505696,8.97755959016727,9.3531450048145,8.70989779567285
"LHFP",9.76110001574184,9.74355135873951,9.80898078778316,9.69764586322221,10.1575183953916,10.3639180932845
"CMTM4",10.1338323233728,10.0883709897257,10.1061210067989,10.0370939772658,10.0387835697671,10.5991034241307
"TMEM50A",10.2508405960229,10.1956434328173,9.90249734808523,10.2986052203509,10.3528579074522,10.2047083100248
"NPBWR1",4.33057497578978,4.33057497578978,4.7660846074949,4.82464481268825,4.66714835127326,4.68467332000649
"TBK1",9.24324450382496,9.31156443897983,9.33238448296789,9.21386992637532,9.12887288519351,9.32779667882478
"CBX6",10.496367652762,10.3175751514043,10.1431373271051,10.2699276675102,10.7594998499312,9.94417879285804
"MACC1",5.76951971169128,5.83429039028268,5.98677983682015,5.45558649408591,5.79433681434327,5.07532107295397
"TBL3",7.51491967875223,6.93345017433381,7.65630972635039,7.99445490304425,8.06061204489979,7.64112048431256
"KREMEN1",7.62609313702697,7.6748142741682,8.54514553185727,8.67115039189151,8.23220997116397,8.37234968959896
"TRAIP",6.82598312485697,6.61696431031565,7.07853172863903,7.54879380865966,6.92618409152662,7.81656814366023
"CHEK2",6.26671530794524,6.26653250017841,6.9628925018021,7.42865150172668,6.43837371911831,7.92253524850315
"FOXL2",4.33057497578978,4.58878259651035,4.33057497578978,4.91404266993799,4.80549449477315,5.11466593771837
"AIFM3",5.26254826080776,4.77662214806139,5.0153475618871,5.66870520190303,5.26812364332126,6.11061427847656
"KCTD16",10.2231226946453,10.2895361163862,9.95448392691932,8.98165206825277,9.71904025043843,7.4811886036557
"B3GALT5",7.85736845283788,8.24725699666395,8.48299253765297,8.27661771856556,7.99641677579841,9.15184663688437
"ZNF703",5.22411723473243,5.00838899562681,7.16642702427941,5.88579523582229,6.07080875752555,6.1912683413666
"SLC35F3",7.26211718638985,7.54460119313592,7.26680255576584,5.84564325546448,6.55838671547071,6.12443048056718
"KCTD8",6.74767673763211,6.69400971602305,4.63910910251109,4.33057497578978,4.91093888395682,4.58127373257168
"TUBA8",5.54851785949931,5.31286008562374,5.2426758087291,5.17826991240815,4.95674843757777,4.83010453277739
"NPIPA5",6.26671530794524,6.26653250017841,6.05488661074004,6.04529202176455,6.37900788898933,5.84730736939238
"EMILIN3",6.09517066737624,5.43072800972915,6.52664985962964,6.31229699252743,6.01778816310778,6.37267378303614
"OLFML1",4.60390596466056,4.69525161239808,4.33057497578978,6.96777562639213,4.56883750728876,7.90048343971049
"RBM12B",10.7852362261343,10.9131047588474,10.9772065664657,10.8263377629859,11.0001291767801,10.8242232994187
"LIN9",7.54920138532055,7.77700297935607,7.94507471577092,8.18703517703851,8.00886940284763,8.12925164032365
"BTBD9",10.8461201301212,10.7478011559223,10.5635031262415,10.4434291650108,10.6422389624372,9.97943845554583
"NUDT14",7.93683654726281,7.48263188491263,7.12804990920464,7.38342468393395,7.96480054455903,6.51143928016197
"ANKRD45",7.63674370940126,7.56466638683442,7.60881388150519,7.9780833169771,7.4456304628159,8.56156492192857
"MAATS1",8.68758229762323,8.50335485026256,7.22207310011052,7.23825186811295,7.46851027478775,9.07235352511377
"PNMA3",8.37358412581227,7.95410068733368,7.14737131843771,6.57858717013109,7.89602933192828,5.42659714675519
"GPR39",5.81299943796065,5.85279833732561,6.6004284650849,5.93722994218226,5.99036612397887,5.63720988468804
"ZNF730",7.7827951013011,7.9350516390946,8.24801918127465,8.49889901448186,8.21084539863548,8.28736940950781
"KIRREL",9.98291464772419,9.91662941190163,9.96385921926657,10.1885798051365,10.1547357817824,10.4562732518343
"IQGAP3",6.91790282534075,6.93345017433381,7.63614948010193,8.36720331224614,7.14293189495132,8.9495676466036
"TOB2",9.31890516947498,9.1335691036514,9.39117632047299,9.95423789993942,9.73775948089661,10.2429285093981
"ARSI",4.7165496130104,4.69525161239808,4.63910910251109,5.05921631031587,4.86095996838829,5.11466593771837
"UTY",10.2318419133804,10.3586371987789,10.4451574941349,10.2189043885579,10.1237672532947,10.5600502693964
"TTC32",7.77319182083642,7.85619776121262,8.10942933195419,8.07872935865574,8.25326000806279,7.59133478252114
"LRRC55",8.93655619293116,8.84970285510227,7.93962027758522,8.15588169151659,8.61184210728188,7.03971372253163
"DNAH2",7.0692241342811,6.99477456520651,6.43225541936395,7.92211078054445,7.10811313039174,9.27765750909131
"DUSP5P1",6.2372372059446,6.25346714605822,6.69726825935597,5.97436269294477,5.88899535302041,6.73449250527301
"HTR7P1",5.76951971169128,5.87100821421757,5.83737023149546,5.3280834021818,5.57607598002124,5.77550668699715
"PRKX",9.08076712991475,9.07419006118042,9.60150276911291,9.6860003130889,9.65055138538122,9.00200798154687
"SETD8",9.28073108559907,9.18579436923497,9.04978617623314,9.57762553306173,9.54926898880739,9.51613708230634
"KCNH8",10.1723904358183,10.3593472506495,10.5590925141875,10.2920377647576,10.4296759629148,9.49800858289361
"SMTN",7.0451330407818,6.43659925234347,6.88387612917015,6.64465633337608,6.98526535655273,6.24225613351204
"COA3",9.9673339839347,9.93675390682458,9.88990517109231,9.95977415061213,9.96524862331593,9.71964351216505
"NPB",6.111792441977,5.67386991742712,6.0767532850492,6.32150807584472,6.3991018748316,5.61588662529712
"ST6GALNAC3",8.69265465787643,8.76419675287601,8.41802230083098,9.08796437302086,8.90513394041872,9.48579491314048
"PTP4A2",11.7846209898445,11.849904959568,11.5643269069698,11.8742433380729,11.993601235426,11.6001160591575
"ACTG1",15.1853602287525,14.8757945132827,15.0408965542394,15.5206216374152,15.4991722304741,15.0633168990735
"DENND5A",11.6372257134349,11.576217799989,11.6297141681652,11.5351306698091,11.6281509215906,11.552344444646
"DIABLO",7.72915364180026,7.86428286000716,7.78992305097672,8.05552620041401,8.1076539584255,8.40653823339341
"VPS33B",9.37983895233699,9.28338530420872,8.90136609846895,9.18931881856801,9.36282822509376,8.86713679879622
"TBX1",4.33057497578978,4.33057497578978,4.33057497578978,6.78071837564872,6.93287609499554,6.38389343266527
"ADAP2",6.33753079965724,6.39026961629101,6.03261425473495,6.1653683000969,5.90403138225395,6.38389343266527
"UQCR10",9.65873979686973,9.48565879368882,9.63878163274787,9.85893879247369,9.83484482469081,9.4833397024413
"FAM120C",8.42636288355448,8.53898756336514,8.94264728331416,8.9952101602762,8.41136279154798,9.81545238363408
"EIF3C",7.68882550855379,7.80249233411158,7.04794528740955,7.00119606273514,7.35511793614766,7.31759826822496
"CLDN5",5.22411723473243,5.05426032044833,5.0153475618871,5.85918570565528,6.13396671442646,5.75680447202851
"NIPSNAP1",11.2797697699046,11.2649230312641,10.9765452736251,11.1072752024952,11.2671293484394,10.901604405155
"CNTN2",10.7673581081452,10.6054364091889,11.3645128695783,8.4854913057512,9.83310511631252,5.81198514857821
"LRTOMT",7.74398555506371,7.75540632549568,7.91203005704628,8.77075275667069,7.88592779193738,9.72796180926673
"KCNQ3",10.0855816054522,10.1247440773829,8.49786099064325,8.30527363848017,9.48312102437045,7.23100224333004
"ADRA2C",5.29925920898593,4.58878259651035,4.63910910251109,5.05921631031587,5.57607598002124,5.15195654074678
"NR2C2AP",7.05321028673673,6.94126765350759,6.82449048673678,7.00119606273514,7.0723947844243,6.97674618414927
"CRELD2",8.39243476627361,8.05982747804389,8.38239530543292,8.72263072779628,8.53025180249575,8.77366590609715
"SCFD2",8.59307457615746,8.72498766237102,8.64198552070115,8.40229939373641,8.68518250976069,8.21495919100212
"UBE2F",8.31219858346385,8.42115293777466,8.13348157800378,8.33336699321054,8.20815223643278,7.91155206941919
"KCNJ12",6.26671530794524,6.06976574579927,6.00991838444328,5.85918570565528,6.47648978420022,4.98896808752624
"GPR173",9.89670484138313,9.79905318590705,9.85145482615518,9.76718917097868,10.0840970555312,9.25047395768136
"PPP1R2",10.6751235273467,10.6885804148545,10.0988454666413,10.3574527157347,10.3643437197003,10.3718996055647
"TSPYL2",9.34165554804465,9.34351847140204,8.66191329916477,8.81731492179533,9.42769397298367,8.74110698940196
"GOLGA6L4",5.97189916146181,6.00716920758814,5.86366298223323,5.3280834021818,5.4465120496375,5.45239055899795
"PGP",8.3480576326007,8.11834614368255,8.19874965625953,8.4144837626517,8.66963954531538,7.91888360076693
"C22orf46",7.50912406189651,7.70219100840178,7.60189652432882,7.49580242922288,7.72509344315077,7.69778336659097
"SNRNP35",8.65156496581758,8.60290204661825,8.49044603867034,8.94019354328834,8.91175107734604,8.90619337077487
"IRAK1",8.02426783561473,7.3613989484648,7.64290155373675,6.20627032032873,6.97882523108938,6.00920807852439
"CMSS1",8.27541791952294,8.41019435047483,8.34585943003566,8.26544155446111,8.24802647612564,8.32086608716149
"OLIG1",4.33057497578978,4.58878259651035,4.33057497578978,5.4150421589993,4.74232802187034,4.94087121374919
"PCDH9",12.5309994556307,12.6962725453378,12.6084553837121,12.2823023800817,12.4301818157578,12.0194149978121
"ACOT1",6.07831789081791,6.19979772223188,6.25772181162451,5.53181738139766,5.65395698090973,5.94713050764567
"OAF",4.93817568778476,4.95891832408665,5.13786241172375,5.4150421589993,5.49165273270531,5.94713050764567
"ALDH1A3",4.33057497578978,4.69525161239808,4.33057497578978,4.87127988604197,4.66714835127326,4.76371589021208
"HIST2H2AC",8.67993999982361,8.24725699666395,9.64379119588997,9.42683171310674,8.94277315184952,8.55455063590187
"KCNK12",6.73756065626201,6.57669813123392,7.05821634900997,6.95075475096743,7.00440633308007,6.03906618111504
"HIST2H2AB",7.61536167932807,7.31457793993222,8.50155413570858,8.5439392243761,7.68283904712796,7.97269840201164
"POU6F1",9.12266914911813,9.01586628446346,8.74209121903283,8.68795946244627,8.84589657091299,7.89677467350811
"TM2D3",10.5228953082312,10.4581090461264,10.1826721146723,9.95146178070611,10.2965417254443,9.44726067958056
"TSSC4",8.17365727026333,7.9654089690686,8.41802230083098,8.86537253600958,8.97787672927678,8.38031209582063
"PRKD1",8.17001572225923,8.43473434811985,8.1239092480457,8.28106385062671,8.21353349631336,8.67152878308542
"CCSER1",10.288103080702,10.4693343322031,10.3318226714653,10.2514281039672,10.7795040226142,8.95844157919663
"ZDHHC23",8.14796931794989,7.99880489787101,7.1945286559471,6.96777562639213,7.46851027478775,7.19479807814737
"RPL23AP82",9.23110929370375,9.1335691036514,8.95883351473242,8.67452798629983,8.80559602478546,8.54278339593474
"SRPK3",4.93817568778476,4.77662214806139,4.94418431550225,4.33057497578978,4.80549449477315,4.33057497578978
"SLIT3",6.2520628250378,6.14370258404416,8.21686291476407,9.05079842218446,7.74389108278467,10.4079266738012
"HIST1H2AK",6.95300237665677,6.83596763058775,7.53079143157882,8.10407567937615,7.55648106711701,7.19479807814737
"EFNA5",8.25494991047756,8.42115293777466,9.05982384137926,9.22656482682833,8.66376727607359,10.1235121639287
"HIST1H1B",9.21183054218733,8.94942133757454,9.35292980781512,11.9502297990734,10.3400557085447,11.2740480722532
"PKP3",4.7165496130104,4.33057497578978,4.33057497578978,4.71402308857299,5.07654591073903,4.33057497578978
"MAP7D2",9.00130674097162,8.98855297640755,8.44513237632328,7.9917393367228,8.91009964626883,6.6089740508496
"CSF1",6.58725916525107,6.42517175702489,7.60881388150519,7.86978114618273,6.9395354864449,8.48982882985997
"ACTRT3",5.46268370782665,5.85279833732561,5.2426758087291,5.02596345433389,5.49165273270531,5.25394328805817
"PLA2G6",7.29632919015158,7.29056586476305,7.44043827095953,8.07103682959416,7.66320747407373,8.26459454934892
"MAML2",9.18151873839169,9.48565879368882,9.82229683291484,9.48560471340402,9.50076731445007,9.98378588516715
"PABPC1L2B",5.22411723473243,5.17594971784969,4.86296472820736,4.55239249687834,5.17836802896297,4.58127373257168
"SS18L1",11.0847248770084,11.0336447329941,10.8857761120695,10.7517286494685,11.0571082131268,9.9080349878411
"KCND2",11.0142158383182,10.9550405641681,10.8443307375934,10.5960604056475,11.090245634582,8.76559509945436
"TOP1MT",6.63196100526831,6.5245731111976,6.71054607635312,6.56344602671809,6.7624132232569,6.94780536040062
"COPB2",11.3338109837564,11.4260739825755,11.4522658610262,11.7617235515116,11.5440166925313,12.1154219494195
"THAP7",7.85282058766129,7.58445013314384,7.91203005704628,8.30527363848017,8.36863232350315,8.09735108405167
"KNTC1",9.41856523875609,9.49474030586583,9.93282291527188,10.2815777297384,9.51277494470214,10.4562732518343
"CCR10",5.40082433975998,4.69525161239808,5.29031095099465,5.02596345433389,5.29596108369109,4.98896808752624
"WDR27",9.53592423316634,9.44339822117206,9.55084080548476,9.65476190956148,9.51711665792737,10.3143883092663
"TXNRD2",7.3878931108795,7.20954211151148,7.76542522490381,6.02211641227821,6.80708020734672,5.97857887220761
"FOXO4",6.32368052195683,6.17206882112393,6.41583398350578,6.95645192050632,6.91270089209392,7.26628849061589
"POU3F2",10.962253690272,11.0583393693446,11.3624896174703,11.2515997038287,11.0109375360502,10.5121073601171
"PTP4A3",6.74767673763211,6.44792678694728,6.57141063641404,6.5090360851835,6.83605876652294,5.99399275429218
"FOXD4L1",5.54851785949931,5.43072800972915,5.91449335713677,5.17826991240815,5.67254547946021,4.98896808752624
"PROS1",7.98330238405137,7.98405883147454,8.35814192546247,9.17866734681172,8.39726046490169,9.87751859278374
"HDDC3",7.59365102268043,7.46670362353506,7.47879312224272,7.61766623238105,7.97435931340285,7.4811886036557
"BEX5",8.73013678680276,8.60290204661825,7.3271073717309,7.33668941949539,8.20545399040981,4.83010453277739
"ZFP1",10.2465446423308,10.4088877231026,10.127729897513,10.1253318395537,10.2359631905419,9.80664401815498
"CEND1",7.72915364180026,7.30861351157057,7.05821634900997,6.65890241898307,7.6552779251961,5.73777627602365
"C6orf58",5.6018543074561,6.02312871455732,5.63329680407505,5.63615875497389,6.04459192115025,5.69868419475818
"DUSP8",8.57395267837515,8.25033539374865,8.55583946488962,7.81852466873386,8.59547967626854,6.44923337026561
"SOCS3",6.45587737080958,6.25346714605822,6.89544820275353,7.76215746439214,7.03572703226692,8.14805536708478
"C17orf74",4.60390596466056,4.84495094307666,4.33057497578978,4.33057497578978,4.33057497578978,4.33057497578978
"SLITRK6",8.04829365157979,8.33973561473077,7.12804990920464,7.29725485245688,8.09603806330343,6.44923337026561
"XPOT",10.9601567431405,11.0152928268214,10.8990981255928,11.3515533796098,11.1685258320313,11.3654809850523
"TMEM173",5.74711795931809,5.45795213323723,5.19204933581343,5.05921631031587,5.29596108369109,6.00920807852439
"PDE4B",12.0478892969189,12.0135313477679,11.7587701199647,11.4901851358022,11.9842302626544,10.9693577004325
"SNN",11.5387955088874,11.4155316815853,11.2786041259664,11.4963863383596,11.6520194455879,10.764851230259
"KCNH7",10.4152565664871,10.5140194205758,10.147845139323,9.3015604644663,9.86835605993623,7.57744660476791
"NELL2",12.6752233314538,12.7140035278705,12.4311065772066,12.8134477149957,12.8506394609192,12.3063879989206
"KRBA2",6.91790282534075,6.94904069284673,6.9628925018021,7.09170070117212,7.21005064912976,6.69981722026509
"MED12",9.54154851038933,9.49990414998577,10.1653637803453,10.1073630266152,9.86325092700952,10.1608476489526
"ZNF93",8.41718915815296,8.52636298817639,8.58745111393544,8.88298778747015,8.6057280384882,8.82116120961703
"SEPT9",10.6460666974341,10.375582683973,10.9410556744924,10.6445500025482,10.9052471425177,10.0248673780052
"PRSS55",4.93817568778476,4.90491546544878,4.7660846074949,4.87127988604197,4.56883750728876,4.58127373257168
"CDCA2",6.55271216369173,6.40200899166213,7.68928444166657,7.99716530369918,7.08440384257953,8.56854507780522
"OR7E14P",4.7165496130104,4.77662214806139,5.41912560421338,5.61949520913034,5.11210946503177,6.48070743372353
"RALYL",10.3422512635491,10.4075152625511,9.80152947573203,10.211962801138,10.3122336016526,8.76559509945436
"GSTT1",7.61536167932807,7.57953014147469,7.79598198249195,6.49306630528759,7.078412375402,7.57278667125649
"AMER1",9.85779676276125,9.73153158762709,9.71215558183172,9.33284785401494,9.79607759359081,8.81139499085974
"ZBTB40",9.83508273557735,9.84845523653894,10.2823733970414,10.1891690254939,10.232008682835,10.5347976879148
"HIST2H2BE",10.4319991951981,10.2510268450808,11.1997728254307,11.1451120840987,10.8977793127624,10.3457965095902
"CLDN6",4.99520527768772,4.58878259651035,4.63910910251109,5.0909007841773,4.66714835127326,5.18746296578136
"SEPT5",11.0257916277742,10.7374613151896,10.5431016797299,10.7711393953013,11.4762779166658,9.23741615377881
"EIF4ENIF1",9.64182277389928,9.76300636379567,9.41481892271696,9.54483948786565,9.81735251562873,9.62148034432844
"SERINC4",5.62750733317344,5.31286008562374,5.63329680407505,5.47521948736164,5.32290848716218,5.59411117987997
"RNLS",5.87520277529963,6.14370258404416,4.86296472820736,5.77536139914715,5.99036612397887,5.99399275429218
"FAM110C",5.74711795931809,5.67386991742712,5.83737023149546,5.83193623690723,5.26812364332126,7.26046915862092
"ATL3",9.25013325340414,9.2713533931228,9.6881103558922,9.60527216661579,9.00906214874504,10.4804673263104
"NDUFA12",9.81896720899558,9.81052497824464,9.54013284390521,9.46725143348671,9.60335431468486,9.20647925499943
"TCTE3",5.3344412562722,5.2124335202594,5.63329680407505,5.12120644125242,5.4465120496375,5.42659714675519
"UBE2G2",10.4515385461804,10.454790793746,10.4152095084926,10.5867004303729,10.4485417097285,10.7455288889296
"SATL1",5.81299943796065,5.69527237656877,5.3782345210694,5.25661469107151,5.53476861827663,4.83010453277739
"OSBP2",8.6146206254352,8.50077545201846,8.29989991996498,8.12403356891573,8.54524208458489,7.12586780654062
"C21orf88",5.87520277529963,5.60690679268508,6.41583398350578,6.76116760824153,6.25130538879973,7.73155801716285
"HIST1H2AH",7.44981580957809,6.5245731111976,9.118622161933,9.32535773924337,7.91932429112947,8.65850782064076
"ZBTB7C",8.32534240882815,8.35981600411131,8.67177440372227,7.46460118607582,7.94872528274519,6.48070743372353
"APOO",8.77146661305494,8.74254619225178,8.34174173769797,8.74689325780234,8.45965574735079,8.60972755787944
"PRR16",6.66452682316319,6.58688018095247,6.21973164683618,6.12306193840807,6.14621490998224,6.3150496424646
"TMED9",9.32217731442452,8.94942133757454,9.46286196008094,9.90127456369829,9.67892008397003,10.6730974591183
"DRD1",5.43226952355336,5.13762512309315,4.33057497578978,5.25661469107151,5.07654591073903,6.84927332268354
"TMEM186",7.50912406189651,7.21594487438752,7.18522450335871,7.39175697258473,7.53932097779064,7.4811886036557
"RBM33",10.8284107082079,10.9625359744903,11.2558943311056,10.676413996267,10.9837632483691,10.3545501481488
"ARMCX2",10.6687168556878,10.5241863721523,9.93418630645876,10.0764835951394,10.6570600593836,10.5371655072768
"PIGW",7.45586048096702,7.53446047100866,7.16642702427941,7.53009632512216,7.69835056214515,7.70630283433365
"BTBD6",9.6869237617753,9.33198070470989,9.26242651196847,9.36242467049978,9.72749400789147,8.78967275773372
"SRY",4.60390596466056,4.90491546544878,4.33057497578978,5.15028716110163,4.74232802187034,5.8297852851543
"H1FX",8.56291035292436,8.00976515806518,8.83567220572049,8.9204294067061,9.03958572633313,7.9406542465097
"RBM43",5.62750733317344,5.99099191043792,6.36527543281753,6.23608662521658,5.79433681434327,7.23100224333004
"SUMO3",10.5093339589782,10.2872991119475,9.97714759865462,10.132702197161,10.4559064309879,9.72796180926673
"IMMP2L",6.77757659703764,6.74901254157243,6.73671357377245,7.26124177581943,6.55838671547071,8.58010372668895
"TCEAL2",9.08269847586965,8.90530445890846,7.16642702427941,7.52632687188067,8.4183622368912,6.36135507851925
"JAG2",7.68370276245463,6.76685754580122,6.65662472716031,6.84391681936885,7.78438898045635,5.50195500208462
"FMNL1",6.19167384472197,5.87100821421757,6.18054720532947,5.85918570565528,6.57591271561808,5.22140032273235
"NUTM2A",4.93817568778476,5.00838899562681,5.07933519419276,6.02211641227821,6.24005731496927,5.47749470033185
"PTRHD1",7.32310766257761,7.04627361157714,7.74677010774564,7.50349580743111,7.56498342446013,7.60051823044533
"LCN12",5.14109345202186,4.95891832408665,4.94418431550225,4.95373220111794,5.20943279770974,4.98896808752624
"OR6A2",5.57553933579376,5.48441204341114,5.13786241172375,4.33057497578978,4.80549449477315,4.68467332000649
"ZFP90",11.2192479218223,11.3184756667005,11.2071200028125,11.0887674441707,11.1567557829963,10.8933113627192
"FAM227A",9.33032529086652,9.44741324418512,9.39712345835876,9.64705986628676,9.34339622751529,10.5802831941908
"NOC4L",7.17640770575393,6.41364234346673,7.26680255576584,7.22427350818905,7.19357270284301,6.59003562630551
"USP18",5.3344412562722,5.09718127405855,5.41912560421338,5.20526093226038,5.14598214718274,5.45239055899795
"NDUFA6",10.2387795235696,9.99914463798977,9.974499704309,10.146117434257,10.0664383593788,9.90345261650259
"CHRM5",6.30967770216152,6.12926986364968,5.60065691610817,5.17826991240815,5.39908280147121,4.98896808752624
"SORCS2",9.40936545971717,9.34064268535128,10.0927543436128,8.89026423806686,9.59619078543614,8.01433248455026
"TMEM121",5.22411723473243,4.90491546544878,5.0153475618871,5.51331587387945,5.82678316373963,5.47749470033185
"TMEM106A",5.6018543074561,5.45795213323723,5.60065691610817,5.73093733123111,5.39908280147121,6.27917803362026
"SIVA1",7.71416483505751,7.49838179734488,7.64962153261386,7.82770536343745,7.95517718205707,7.84765914901282
"BRI3BP",9.27567639537996,9.30420218373835,9.19573660328902,9.18222660334164,9.13736318391428,8.83857486668005
"DGAT1",8.11803452614681,7.69312413237732,7.78992305097672,8.02132969297746,8.42764195508111,7.85914506417443
"ROBO2",12.3250333777668,12.3971679789277,11.803078999984,11.7864596002075,12.3945179739881,11.0133876541194
"AP3M1",10.1216856275338,10.1812578949329,10.1653637803453,10.4419467998551,10.2794004700604,10.6639177456942
"F8",7.22704432932557,7.06776813917055,6.82449048673678,6.59355663474754,6.82887204270028,6.34993536391042
"CA13",6.2520628250378,6.62684248559454,6.87220484073834,6.70074998087008,6.74718918806888,7.16389018268598
"UBOX5",8.13681717974602,7.97662816360005,8.00894867808749,8.21520161482096,8.16157446701301,8.12609347112724
"MAFF",6.9787484957864,6.55609522107361,6.25772181162451,6.37541862210786,6.24005731496927,6.15160304901779
"BRF1",9.8224357378628,9.52544929829956,9.48163927329192,9.70260814609515,10.1294475972515,8.98647568177446
"SLC2A3P2",5.67698376420325,5.62971160557788,5.49586482724437,5.05921631031587,5.03903521958369,5.22140032273235
"SEMA4B",8.30226088705486,8.2777468188277,8.59092090787808,8.26319580501232,8.57058076976177,8.23560635357831
"CIB1",6.81643943712401,6.66563710439642,7.068411441721,7.96706345031109,6.8853279124242,8.69297135053693
"ANKS1B",11.842112944233,11.9607127991086,11.5255228965442,10.8637200881203,11.2292864762911,9.93522744989173
"NELFA",8.26862773983864,8.07728936231953,8.49415830819509,8.57500803822539,8.67937359856656,8.26459454934892
"SLC24A3",9.60738094053083,9.52291507231601,8.50523779269717,7.80619067008445,8.87666626836688,6.29124861845814
"SGCZ",7.76836569039717,7.90794724598954,7.99849992386532,6.84391681936885,7.04805835811577,5.73777627602365
"EFCAB10",5.6525384434395,5.58358169504195,5.96317797384801,6.70074998087008,5.76091096778062,7.74814814760953
"FLRT2",10.484013715827,10.6108129904707,10.5305406119189,10.0246019677701,10.5510223084173,9.25767743784455
"INTS5",8.15166742943762,7.95031121423043,8.30836671377887,8.26992250355276,8.26626066297188,8.38295642421106
"RPS27L",8.68503938204081,8.64553973613791,9.77894156671365,9.72147348640096,9.08857532332467,10.5985367078315
"MANEAL",10.0515085391094,9.90402910797277,10.0841833047062,9.78054758135248,10.2067084155301,8.45004958824174
"ADSSL1",5.76951971169128,5.6520241287847,5.45827589049947,6.06802763232559,5.4465120496375,6.49103195422233
"FAF1",10.5193388776493,10.6692418591337,10.3935723598018,10.2587441696899,10.46716383543,9.8539622010527
"FAM43A",7.3493827656466,7.18363196230543,6.99540769375669,6.59355663474754,7.04805835811577,6.51143928016197
"NDNL2",9.09805661412961,8.96071088454157,8.65530139640871,8.91473224694562,9.00442722589531,9.12057439162789
"HSF1",8.41718915815296,7.95410068733368,8.6081451264466,8.60541827705831,8.80381792561637,8.388230479572
"C6orf120",9.29911458154264,9.46071639215507,9.21606999188072,9.33711049088227,9.24733414421341,9.40117782686544
"TBC1D3F",7.09290167116183,6.92558771782441,6.90692282347899,6.49306630528759,6.68450597902808,6.17818765351574
"PURA",7.47384006337657,7.45059282337976,7.26680255576584,7.32366780413866,7.28446871963351,7.41489349881731
"HIST1H2BL",7.10070481615422,6.51389521262857,7.92313041789343,8.97892504394287,7.67109281969654,8.06141674089896
"INPP5J",7.21992247057651,7.04627361157714,7.3438698231556,6.31229699252743,7.02951969692029,5.67858866699434
"NPY2R",4.93817568778476,5.2124335202594,5.3782345210694,5.47521948736164,5.7264309006772,6.30320502760512
"LRRC37B",9.9673339839347,10.1626650021672,9.80898078778316,9.69681715217331,9.96047592433483,9.1456463191189
"DDX51",8.83933725239579,8.51873455296006,8.46418745624302,8.35671510430623,8.70628302304003,7.78075715668249
"NOMO2",9.28241204623931,9.2818868029748,9.00112672005549,9.24369757728612,9.73310241997739,9.64363532502754
"LINC00313",5.3344412562722,5.43072800972915,5.33538540566403,5.02596345433389,4.95674843757777,5.15195654074678
"SIGIRR",5.46268370782665,4.90491546544878,5.33538540566403,4.87127988604197,5.29596108369109,4.33057497578978
"NRBP2",9.29578954005081,8.96445445598059,8.54514553185727,9.15953453801556,9.3652388900919,9.22129406403555
"IFITM2",6.9787484957864,6.81046349923715,5.93909051704448,9.97009765817035,8.1191760897541,10.8882198190655
"TNFAIP2",6.22223378738274,5.83429039028268,6.09823090651264,5.43553531135657,5.81067810207035,5.11466593771837
"ZNF445",11.5264486516096,11.6369073797465,11.6418595914399,11.4024806793831,11.7074102223522,11.0618800695414
"PGBD2",8.07971114500789,8.17456027369429,8.13348157800378,7.96152137609717,7.82728884990171,8.02455368757363
"WBP5",8.91068724939637,8.69373400747699,8.6081451264466,9.18931881856801,8.85107081666072,10.1076657741991
"RAB11B",8.04829365157979,7.79827577472242,8.73583916653005,8.30090221630662,8.47091812757228,7.66755485403753
"PRMT3",8.41104054542838,8.40468346190297,8.55938646576936,8.59118782689055,8.41136279154798,8.61647784355767
"PRPF39",10.1449545486698,10.0315851563303,9.95582699333396,9.99457655030324,10.0515557330597,9.82614556616245
"PPIL6",7.93683654726281,8.03858705976951,8.16181951049361,8.83250627494466,8.12204215059239,9.94596241040983
"ZNF74",9.73557036276821,9.71608725562057,9.89831216668502,9.78990304964992,10.0979250615107,9.15339255120316
"KIAA0825",8.70776510855364,8.8557640951874,8.74831617567287,8.60541827705831,8.68518250976069,8.87465841980021
"UBALD2",6.89097298392508,6.26653250017841,6.79998829512151,7.3323623405347,7.42705447367088,6.95509811538612
"CDNF",5.36825224778896,5.58358169504195,5.53204272811162,5.77536139914715,5.29596108369109,5.97857887220761
"RBM11",6.62092605244302,6.84436345213363,5.49586482724437,5.45558649408591,5.87375914045291,5.18746296578136
"WBSCR17",9.54295115543867,9.41634149786709,10.4004921862461,9.6860003130889,10.1273200900368,9.70180607199407
"CD24P4",11.6140743559762,11.5685639984916,11.3250578792992,11.966986408623,11.9533472515352,11.5807378643784
"ZBTB37",11.8257957547127,11.9432994038268,11.8263856580077,11.5425257257831,11.654975433436,11.5787281925497
"CCDC137",7.72417497187913,7.47734248484103,7.67618662531909,8.09904230004491,7.83781430859603,8.04142784365371
"RGPD2",7.29632919015158,7.38423491701478,7.22207310011052,7.9780833169771,8.04860514168567,8.34548396504814
"ARL15",9.49737493088277,9.53176542686163,9.40698110232862,9.22771337610427,9.27836757882288,9.11740946080916
"CDK10",9.17610269365232,8.63617355566335,9.00892007671385,9.08796437302086,8.93467412085408,8.96726108556972
"TMEM105",5.29925920898593,4.95891832408665,5.07933519419276,4.87127988604197,4.66714835127326,4.68467332000649
"SOCS1",4.60390596466056,4.95891832408665,5.41912560421338,4.71402308857299,4.56883750728876,5.03357482878391
"TCN2",8.81396913356261,8.64553973613791,8.87032160339421,8.95553414058716,8.93467412085408,9.35625798313379
"GAS2L1",5.83411797820783,5.58358169504195,6.11933501176659,7.08135641528514,6.68450597902808,7.71477135620991
"ATP6V0A2",9.43679035311619,9.62687183097177,9.73893044946363,9.81455807123281,9.5744839772717,9.9153366156797
"PARK2",7.69901571886135,7.70219100840178,7.54530215955348,7.70012307850175,7.49102369857769,8.00058918410891
"C14orf80",6.2372372059446,5.90657782030436,6.21973164683618,6.46873913714878,6.53165229568474,6.57082196690698
"HS6ST3",8.22017182526003,8.07381404238375,6.97381680886921,6.86839349283165,7.18803634019307,5.3153992589889
"HGS",9.71953660687733,9.2064811610512,9.4890821908114,9.87514390824876,10.0686575612829,9.41283751274919
"TNFAIP8L1",6.80682798154666,6.94904069284673,6.9628925018021,7.48028832437801,7.15434627732596,7.30635793952625
"RAD51D",7.01234157832621,7.12350224223334,7.01666422632071,6.94503376153132,7.16001841268955,6.80939009577328
"MAPK11",8.79287503142726,8.3541074292864,8.85886436827283,9.14744606200707,9.48976374222477,8.32362240762868
"SP140L",5.14109345202186,5.28072429172865,5.0153475618871,5.3049269085433,5.4465120496375,5.07532107295397
"TARSL2",9.15239474412405,9.15337633874126,9.07969147656313,8.66776483259553,8.76778586449696,8.84815871692276
"SMYD3",8.89097541870595,8.8557640951874,8.59783542490088,8.9802892024838,8.72895357797466,8.84624705286912
"METTL7A",7.60996522475048,7.91574418510972,8.0347402825363,8.14127076135559,7.83080600963922,8.17274800639151
"LINC00158",5.83411797820783,6.26653250017841,6.14008014374634,5.88579523582229,6.01778816310778,5.28523604052962
"IFNLR1",6.40461685682177,6.40200899166213,5.13786241172375,4.82464481268825,5.46935070319513,4.68467332000649
"SH3BGR",6.41762377436216,6.64638115531134,6.05488661074004,6.29367165290976,6.44800815064414,6.97674618414927
"FAM174B",8.26522052484028,8.14176170676316,8.32515149771504,7.44873701099171,7.99954014910263,6.58046374046774
"C19orf68",5.93418371095413,6.08491777140764,5.81044805857035,5.49445599134623,5.57607598002124,5.54910236469605
"TMEM179B",7.673401304741,7.55967679243628,7.88956606158594,8.37761526210994,7.91601970225924,9.13159714940931
"GPRIN3",11.5139952048027,11.5243027463079,11.5277815081056,11.2431144658272,11.5049582062764,10.2680947846043
"PARPBP",6.90000882976452,6.85270764240235,7.17585758764933,7.47638291567302,6.92618409152662,7.74814814760953
"STAC3",5.85484684019812,5.7368316223205,5.49586482724437,5.77536139914715,5.67254547946021,5.97857887220761
"ROR1",7.23412992501544,7.34402419881522,7.17585758764933,8.43256820435577,7.22633559280886,8.68014427585977
"SDHAP1",9.12454509727444,9.28038674039384,9.14714416613549,9.22771337610427,9.36403406204377,9.07071799425663
"MUC1",5.3344412562722,5.34383018699978,5.49586482724437,5.53181738139766,5.29596108369109,5.73777627602365
"C17orf70",9.21183054218733,8.74907569367151,9.16817070911359,9.21965421899244,9.58382697032583,8.41689570901026
"IRF7",5.62750733317344,5.31286008562374,5.69565584988958,6.10134683232378,6.0837061780769,6.12443048056718
"L3MBTL1",9.68311280066463,9.41770647442367,9.00632698038949,8.28328174582559,9.12175916757172,8.30978741587605
"BRCC3",8.63321165952193,8.93231906027272,8.72325281888699,8.47583701489437,8.66768478986377,8.51895526805538
"SV2B",7.7827951013011,7.59423896180188,6.65662472716031,5.53181738139766,6.44800815064414,4.88837907797739
"FAM131C",6.66452682316319,6.2134331229608,5.83737023149546,5.4150421589993,6.07080875752555,4.33057497578978
"C1orf227",5.22411723473243,5.09718127405855,5.29031095099465,5.05921631031587,5.39908280147121,5.15195654074678
"PDE6G",4.99520527768772,5.2124335202594,5.13786241172375,5.0909007841773,5.20943279770974,4.68467332000649
"PRKG1",9.55273161675383,9.66069007540449,9.17511183834421,10.5057709823208,9.36041351770686,11.4864922452179
"NR2F2",10.3146107606063,10.5474265027068,10.7083533477393,10.7778131585701,10.9011031224924,10.1949928352401
"NXF2",4.7165496130104,4.95891832408665,4.7660846074949,4.33057497578978,4.33057497578978,4.33057497578978
"DLK1",5.91485715615986,5.88893120691801,6.16047993900056,6.99568221814795,7.06635083100479,7.4811886036557
"TLCD2",5.29925920898593,5.00838899562681,5.29031095099465,5.56781120866857,5.20943279770974,5.59411117987997
"LSAMP",12.9370750137649,13.0840439952377,12.8119317222085,11.7070391870926,12.4363512383549,10.4437067791169
"AHNAK2",9.80617737252654,9.61025725292547,8.68481806014692,9.38215416456074,10.0251356211174,8.7077928690121
"OLFML2A",6.26671530794524,6.12926986364968,6.51138402021999,7.64915361222885,7.88592779193738,9.06251233281305
"SP1",10.2361818299033,10.3043614426851,10.410320404458,10.8095775339975,10.1959214110522,11.1623070950846
"SPATA8",5.29925920898593,5.05426032044833,5.45827589049947,4.64396487703681,4.80549449477315,4.33057497578978
"WASH3P",8.04829365157979,7.79404665123918,7.94507471577092,9.0113129406992,9.09294730013371,8.52614536735095
"ACTBP7",5.5207400332063,5.48441204341114,6.00991838444328,5.20526093226038,5.32290848716218,5.15195654074678
"MRPL40",8.31219858346385,8.23798184467487,8.38639790174872,8.38382629045204,8.52809748622889,8.16661474546285
"DBX2",4.99520527768772,5.05426032044833,6.25772181162451,4.33057497578978,4.80549449477315,4.33057497578978
"FAM212A",6.04388889103782,5.83429039028268,5.7255112363932,5.77536139914715,6.35859427178238,5.5258120673756
"PDIA2",7.24117963765951,6.70333499340347,6.79998829512151,6.74132882678262,7.91601970225924,4.98896808752624
"PCGF3",11.1473470073146,10.9704574002671,10.9538789998901,11.0865557661655,11.4113324219007,10.5103007209271
"LMLN",8.23069435517052,8.28676846667809,8.04999422004313,8.20353298018949,8.04558755474859,8.66503306417162
"P4HB",10.904537779985,10.6998360758259,10.8202070684523,11.5075289993598,11.1190753223568,12.2438087476996
"PSMD13",10.4152565664871,10.3957963060765,10.2542719682723,10.5329457782791,10.5720288212222,10.6165620779558
"PBX1",13.3873765242843,13.5922314894482,13.4344275956143,13.1095433656223,13.2790441046618,13.0317628959215
"NDUFA4L2",6.8354600493058,6.80185420069733,6.44847108684433,6.67299782293208,7.23708728805804,5.89830401412361
"SHC4",10.1394041609444,10.0271229468341,9.67675044647636,8.72426104368107,9.26293448311582,7.45097907944464
"ZFP36L1",7.50912406189651,7.62797515941513,8.88733802173831,9.4036505091447,8.07843500081321,9.80271184237064
"UBE2L3",10.6525745500081,10.6096199256229,10.4819715509518,10.8581741315251,10.7585839436986,10.8919245414025
"NTF3",4.87482195210638,4.90491546544878,5.19204933581343,5.3280834021818,4.99924798284876,6.29124861845814
"BRWD1",12.8085172729171,12.8365816925864,12.7391444290415,12.7585450415753,12.8160652046054,12.5519443208982
"PMEL",5.14109345202186,5.17594971784969,5.83737023149546,5.05921631031587,5.37441071259404,5.91480976668293
"SYN3",9.29412413521009,9.40812435886994,9.0821557501178,7.97258404126916,8.80381792561637,6.84927332268354
"POU3F1",8.14796931794989,7.97289824292198,8.22135559310035,8.35249821575882,8.48653826724274,6.5513242749642
"ZBTB3",8.08745859130208,7.98034834265512,8.03984308046441,8.29651739935661,8.42300960856741,8.15736519835445
"MORN5",6.06122660456922,5.90657782030436,6.33042650449943,7.22427350818905,6.00415649635366,8.57086426954066
"EP400NL",7.02061302111871,7.24752405153874,7.3355137098602,6.95075475096743,7.199087088906,7.14500941893176
"PRAME",6.52916670743809,6.37842206372085,5.83737023149546,4.55239249687834,4.33057497578978,4.33057497578978
"MYBL1",5.9531937412958,6.17206882112393,6.88387612917015,6.35770001541804,5.91887334582027,6.68213699712675
"C16orf52",9.79327301949617,9.89229947699272,9.67021863269374,9.39754136843486,9.53756295687157,8.8269892391492
"DRG1",9.94735360405823,9.99458071564599,9.68487379556799,10.0106678922133,10.0144304954956,10.0357950563363
"ANKFY1",11.3527166934012,11.3563080423225,11.6276097555742,11.4609697173005,11.425538787576,11.7785499561927
"YTHDF3",10.9517383357877,11.1320623424677,11.0848231667599,10.996197408717,10.9379775419158,11.0273496282846
"ZNF696",7.89323685491838,7.73788899500471,7.70226217510557,7.60701256006494,7.84478820167845,7.60964233684129
"ADARB2",6.85421751109717,6.97969885755654,6.61470214021762,6.93351947928908,7.40348336308433,5.73777627602365
"NRG3",9.74291081521706,9.90791786919045,9.45338070182393,9.9680388627361,10.1287387769462,10.0786958229421
"SRL",5.40082433975998,5.2124335202594,5.63329680407505,5.20526093226038,5.42310223496893,5.15195654074678
"C11orf87",9.90217838422387,9.9443470789281,9.34474682174218,7.93348273280204,8.79489427307196,7.23100224333004
"IFIT1",7.68370276245463,7.8803163866039,8.08496485668686,10.0853739849347,8.4997928231422,9.840600491338
"CXorf38",7.74889523544411,7.62320475048297,7.72150846225944,7.55989440366878,7.67109281969654,7.75226551809383
"KCNQ5",6.14437114006863,6.15796744435664,6.57141063641404,6.06802763232559,5.87375914045291,5.54910236469605
"KCNIP4",9.15239474412405,9.20173360768444,7.10845497857026,7.14725081659193,8.11054322171175,5.22140032273235
"MORF4L1",12.7618834283583,12.7879757421995,12.688764997386,12.7583465855571,12.8325858903089,12.8494673034855
"WDR53",6.99564779673892,7.06064047442664,6.72369361431858,7.11215977246549,6.8853279124242,7.31198940754958
"DMWD",8.73260115285752,8.54400644205889,8.89015460981113,8.71772864628175,8.98102587777097,8.6321061243264
"SLC52A2",7.59911006013672,7.06064047442664,7.60189652432882,7.66634825729697,7.93899227619341,7.52532030003391
"PIGP",8.29225369556463,8.49300929790695,8.21686291476407,8.23367555975418,8.33695871293833,8.74521744240032
"IKZF1",5.5207400332063,5.71625300812078,5.7255112363932,5.96211569431352,5.79433681434327,5.45239055899795
"PCYT2",9.51033966023747,9.22375609943226,9.0821557501178,9.17628960959673,9.62262053138256,8.46009837150516
"NAT8L",8.80463218759551,8.68467801082702,8.87885499257802,8.34402699597376,9.34705975790669,7.33981132903799
"NPAP1",5.6018543074561,5.92395793531019,5.53204272811162,4.91404266993799,5.07654591073903,4.88837907797739
"BCAP31",9.75506242136882,9.66988124163369,9.63207500609705,10.3202831927919,10.0723486567461,10.936551602791
"ARL17A",7.62609313702697,8.16479953223991,7.57388309620775,6.65890241898307,6.70835702131992,6.80127051198349
"RPL12P4",5.14109345202186,5.09718127405855,5.2426758087291,5.3280834021818,5.23931319139556,5.47749470033185
"GNB1L",6.59857684600822,6.32990443424444,6.62882379950556,6.29367165290976,6.8853279124242,5.81198514857821
"DNAH14",11.3630696942987,11.5614864544801,11.4321499300322,10.1950480233847,10.6392563780284,10.022333799207
"C1orf110",4.33057497578978,4.33057497578978,4.33057497578978,5.37262261357025,4.74232802187034,6.96235222053922
"NPIPB4",6.78739762772996,7.43429514159085,6.79998829512151,5.87256822454692,6.04459192115025,6.59003562630551
"ZNF829",8.06015644934267,8.27472691615526,7.68928444166657,7.95316761118244,8.10185782762859,7.71898670555813
"THNSL1",8.57944213207293,8.62910859222468,8.53076178760897,8.17034468079859,8.24277372158141,8.16968466716145
"TRIM69",10.2161091567086,10.1804544744002,10.1407776438126,9.70343353442857,10.1685954556051,9.34548181011079
"ATP6V0C",5.29925920898593,5.05426032044833,5.0153475618871,4.77291247508709,5.17836802896297,5.07532107295397
"IFITM1",5.43226952355336,5.24729833481842,4.33057497578978,10.3564039182397,9.19543279022115,11.1900302317969
"LAMP1",10.358266282277,10.1796506059332,10.3695919353632,11.0182460990497,10.6991994998323,11.6175603736193
"POMK",10.4129583455159,10.417095168493,10.6026031441729,10.3977719911688,10.4855485543243,10.1258741715663
"LINC00839",5.29925920898593,5.17594971784969,4.7660846074949,5.54997731954909,5.59610890044655,4.58127373257168
"KLHDC8B",8.67482244167284,8.56143550191553,8.56997514870699,9.19989204179019,8.63203623817222,9.71860034075482
"SETD4",9.35768852306139,9.32617696587529,9.29039286680889,9.19754913987009,9.44943999520147,9.39596528816414
"PTCH1",9.08269847586965,9.02664801427606,10.4894083710455,9.67257483865142,9.60946626106346,9.50286520072151
"RTN4RL1",7.673401304741,7.2286626536223,7.03759706541257,7.25667404173319,7.75134088524586,6.00920807852439
"PAGR1",6.17610689899361,6.19979772223188,6.11933501176659,6.26520864888704,6.40903241569879,6.08250174298976
"NKAIN3",7.90206434329552,8.07381404238375,8.39833901483169,9.39140620183165,7.9127074203427,9.89609038609743
"RNPC3",9.7083308760994,9.74681215326646,9.3651177511977,9.30591659991689,9.65252588033268,9.23741615377881
"ZNF267",8.44453599608621,8.69147535733056,8.15713539366096,8.20821187066838,8.2636699680789,8.56156492192857
"IRS2",7.94539845021997,8.25033539374865,8.82098471473035,8.79422245037405,8.03649629061221,8.87840452188125
"BICD2",10.7528943222716,10.5203821598241,10.5368348214293,10.6224732515875,10.8300781232106,10.3130070935396
"TMLHE",8.17728956042556,8.36266177971322,8.41802230083098,8.01866490352035,7.86893076154135,8.43992984962074
"SLITRK2",7.99571614512264,8.20662278524194,8.77904263540914,7.14725081659193,8.31210843498759,5.22140032273235
"SDHAP3",9.05934942303815,9.03200872378282,9.1041463139336,8.18228632444168,8.5892953404146,7.9406542465097
"PLK5",5.74711795931809,5.05426032044833,5.13786241172375,5.05921631031587,5.63503194179442,4.58127373257168
"RASA3",9.64835284738618,9.46995602440841,9.51300945375746,9.91487710236835,9.60437477464621,9.73932162851211
"LRCH3",10.4978141239432,10.6743861763704,10.83997452014,10.6692529423328,10.5741127414149,10.7708996319142
"LEMD1",7.1390734122226,7.33232000194245,6.65662472716031,6.93928874200785,7.47304188353518,5.50195500208462
"NDUFA13",6.17610689899361,6.186010907159,6.399200953035,6.23608662521658,6.35859427178238,6.20421240927874
"ZNF566",9.53451472618957,9.57521953368805,9.45528195302108,9.22311367008242,9.34094868537437,8.79166113275508
"ZNF529",9.99320898101777,9.86455332933702,9.7073785276798,9.47500765230559,9.68568483035659,9.30572787836751
"ZNF284",7.19106458252092,7.20310972633089,7.20377091105087,7.36237456870527,7.41767348983945,7.16389018268598
"DLEU7",6.12819034179057,6.12926986364968,6.16047993900056,5.3049269085433,5.77775078358577,5.11466593771837
"TAL2",5.26254826080776,5.37374005388151,5.07933519419276,5.3049269085433,5.17836802896297,4.94087121374919
"MATN1-AS1",5.14109345202186,5.28072429172865,5.07933519419276,5.02596345433389,5.4465120496375,5.03357482878391
"AIDA",8.91503119280458,8.9208034727136,9.25807536473635,9.25388019706793,9.05311282450646,9.52451960093856
"C15orf41",9.00334769545298,9.06201441064629,9.98111034288637,8.67284018235232,9.0694750500515,8.60747038819856
"GSAP",6.02629639048941,5.87100821421757,4.86296472820736,4.71402308857299,5.07654591073903,4.68467332000649
"AGBL4",7.44374501965757,7.63746793871332,6.58599920034065,6.48500758652161,6.99167538730857,5.7938961322474
"CYP2R1",9.45627740472928,9.32326630029189,9.33857891940322,8.98301364370541,9.49637596709566,8.54278339593474
"LRRC70",5.3344412562722,5.13762512309315,5.41912560421338,5.28112095084593,4.80549449477315,6.00920807852439
"ANKRD46",11.764635990368,11.7594858450899,11.3146307990964,11.2957566537177,11.5833390834092,10.5163140707951
"PIP5K1C",9.0768966425727,8.95130909473487,9.37318611230145,8.75807702542315,9.36162137754763,8.07458872633557
"TEX38",5.0958257135656,4.77662214806139,5.0153475618871,4.77291247508709,5.11210946503177,5.11466593771837
"ZBTB6",9.96210278067534,10.0127503464972,9.87152003468054,9.45749705428178,9.80675431059308,9.28472657664277
"C2orf76",6.81643943712401,6.81046349923715,7.05821634900997,6.93928874200785,6.89222287773343,7.50097370161107
"POLR3C",9.05148142646217,9.07419006118042,8.99851952195043,9.14501613350372,9.33481156665159,9.07398719875292
"WWOX",7.86642075436646,7.93888189586916,7.67618662531909,8.17513332165389,7.80600096679389,8.49227875959925
"CIDECP",8.2376665973062,7.95410068733368,7.72150846225944,8.00526570963986,8.25326000806279,7.68921232485547
"CCDC84",8.70022975884059,8.84767674792207,8.39038934388409,8.38175893899911,8.36138496906497,8.37234968959896
"BCL9L",8.3480576326007,8.20978982772904,8.82687773711074,8.21287549559311,8.14194509234496,8.25017389671768
"POLR1D",9.36880632694728,9.3563889038936,9.1305751083305,9.50940289037947,9.40912337299681,9.51252958812337
"KIF18B",5.9531937412958,5.71625300812078,6.74960856768488,7.25667404173319,6.31676160488645,7.44076318907934
"ZNRF1",10.2516982529934,10.2371860003864,9.97979063814797,9.77191805559056,10.3178411335085,8.77768436969042
"FFAR4",5.26254826080776,5.05426032044833,5.13786241172375,4.71402308857299,4.56883750728876,4.76371589021208
"SAPCD2",6.39147731265288,5.69527237656877,6.97381680886921,7.44474282247544,7.0723947844243,6.96235222053922
"EDARADD",4.93817568778476,4.90491546544878,5.07933519419276,4.71402308857299,5.17836802896297,4.33057497578978
"SLC51B",4.60390596466056,4.69525161239808,4.33057497578978,4.91404266993799,4.80549449477315,5.15195654074678
"MARC1",7.79233381817689,7.74667471801027,8.26116683070521,7.1814751206461,7.70220203043486,7.13227778960985
"SOWAHB",5.6525384434395,5.71625300812078,5.49586482724437,5.97436269294477,5.79433681434327,6.67320839276355
"BLOC1S4",7.18375548402539,7.27228180361364,7.26680255576584,7.4685394090624,7.6231073976722,7.23100224333004
"ZNF749",8.97242502650014,9.00681935856758,8.76068573776764,8.4912528267593,8.61387435525855,8.0313273339539
"KLHL32",8.802288440212,8.69147535733056,8.89015460981113,8.61424117511111,8.74387088125423,8.24145119078836
"MKL2",10.3454685279972,10.5203821598241,10.4537368407458,9.87953204719966,10.040292063538,10.3679143715549
"BTLA",4.99520527768772,4.84495094307666,5.0153475618871,4.99090412180236,4.86095996838829,4.88837907797739
"ZNF17",8.91503119280458,9.03912540041212,8.9561484306793,8.64038902406979,8.74572469772659,8.69297135053693
"NBPF12",8.27202685849682,8.29870951892699,8.1711419178634,8.09399110690924,8.15878673236071,8.45759277300808
"KDM4D",6.92676259669851,6.94904069284673,6.68385737112564,6.97900650440671,6.99167538730857,6.96235222053922
"TOR3A",7.54920138532055,7.50359283809551,7.84937931103585,7.84287586624285,7.80957118629394,8.36701671733974
"PABPC1L2A",5.67698376420325,5.40267998277688,5.0153475618871,5.28112095084593,5.37441071259404,4.68467332000649
"GABRA5",8.47726641310471,8.20344870999435,7.61569752442371,7.12730784464336,8.04860514168567,6.29124861845814
"PPP1CC",11.1783438562397,11.0609603206809,11.1717383037585,11.4634067707955,11.1968615508633,11.5155981144162
"ZNF555",10.0970808498847,10.200406892984,9.99031460181907,10.1234833479357,10.4233321331666,9.65567690395344
"MST1P2",5.83411797820783,5.79633174395148,5.81044805857035,6.07923636656541,6.21725309445207,6.00920807852439
"NAP1L3",11.8506273762998,11.8151390910019,11.274305925738,11.3706352279468,11.9244450355077,10.0391408220919
"CA5BP1",7.83908899707503,7.74228866356456,7.72150846225944,7.39175697258473,7.6552779251961,7.45097907944464
"PRELID2",6.00844026539826,6.26653250017841,6.16047993900056,6.04529202176455,6.24005731496927,6.27917803362026
"BACE1",10.5257341515143,10.5393036588751,10.2411150245166,9.75847904130288,10.2542754984016,9.36695411060571
"GOLGA6L17P",4.93817568778476,4.77662214806139,4.86296472820736,4.82464481268825,4.99924798284876,4.94087121374919
"RGS9BP",5.67698376420325,5.6520241287847,6.20029399103025,5.45558649408591,5.63503194179442,5.18746296578136
"THBS2",8.53774988172669,8.09796538318799,8.99851952195043,9.05727523268453,9.3579947543258,9.99416653365323
"RXRA",7.87092537703759,7.48263188491263,8.29138273173614,8.97755959016727,8.53883685259872,8.80746984176902
"ANKRD37",5.72424503540458,5.48441204341114,5.81044805857035,5.70027502758029,5.69081184736494,5.67858866699434
"C9orf47",5.3344412562722,4.95891832408665,5.29031095099465,5.7607533951804,5.32290848716218,6.79310186108496
"NUDT17",6.80682798154666,6.62684248559454,6.84855731667408,6.70759898081338,6.71621387992826,6.69981722026509
"KIAA1024L",5.3344412562722,5.51016048524524,5.63329680407505,5.85918570565528,5.81067810207035,5.11466593771837
"LINC00643",8.07971114500789,7.87632492610492,6.84855731667408,6.64465633337608,6.60177306867266,6.97674618414927
"ZNF75D",8.2376665973062,8.25033539374865,8.26986526502253,8.56957397218127,8.53455075113621,8.75747869292391
"CYP4X1",7.40049822086436,7.50878465907413,5.78285907365734,6.01035734573399,6.79235481056696,4.94087121374919
"KRT10",6.69631622744201,6.60701201275565,6.68385737112564,6.67999007974596,6.78493148136335,6.77661481002274
"GOLGA8R",5.36825224778896,5.28072429172865,5.13786241172375,5.3049269085433,5.07654591073903,5.42659714675519
"CCDC30",9.14502071247182,9.31742725761455,8.71691803825858,9.21502864595236,8.88845660449804,10.1171944929458
"NKRF",9.57209556688697,9.67445493269953,9.39117632047299,9.30482880103541,9.56193164796194,8.71828678420789
"GLDN",6.04388889103782,5.67386991742712,5.56693702969189,4.55239249687834,5.20943279770974,5.28523604052962
"KPNA4",11.3224290925775,11.411772268041,11.5585945226999,11.3771125115135,11.3928590756303,11.3644814417087
"TRDN",6.04388889103782,5.67386991742712,5.29031095099465,5.54997731954909,5.4465120496375,5.11466593771837
"ZNF501",8.18091264014681,8.31643631995126,7.75923408296481,8.43057005667427,8.64202774393158,8.1511653914015
"ZNF197",10.8483894595234,10.913588216169,10.705961530401,10.6355004650242,10.8461185557443,10.3645849092254
"FAM228A",6.16034128042322,6.25346714605822,6.4803071669202,5.63615875497389,5.87375914045291,5.75680447202851
"NAP1L2",10.0346636124938,9.99366619472618,8.93721112787581,8.82341074784193,9.65252588033268,6.99099058435697
"AQP7P1",6.17610689899361,6.62684248559454,6.46448655819503,5.99848057344674,5.7264309006772,6.09663944422455
"RPS23",13.0160281507085,12.9803389472433,13.2752437565874,13.4561335926863,13.3345617627199,13.4010695439698
"GNG2",13.8201653139404,13.9199579078,13.3218013807017,13.1577390421982,13.7663050786287,11.4922995835998
"BTN3A2",5.83411797820783,5.60690679268508,6.25772181162451,5.70027502758029,5.77775078358577,6.17818765351574
"AKAP14",5.85484684019812,6.08491777140764,5.86366298223323,8.4950810177533,6.09646749403237,9.66437163844004
"PCLO",12.2723496730242,12.6141910745148,12.2838789193039,11.1252407016372,11.7173423953015,9.52093306413943
"RGS7BP",9.51891843862347,9.28338530420872,7.75923408296481,7.73961738834925,8.5789285082514,6.17818765351574
"INSIG1",10.918644874125,10.908261252172,9.76061282904259,10.3511484580784,10.7354951927669,9.43714671615689
"MYT1L",11.8534543894698,11.8769284418521,11.585297470247,11.1834608125206,11.8855447396156,9.39596528816414
"C5orf38",5.3344412562722,5.40267998277688,5.56693702969189,5.96211569431352,6.12159469522682,5.7938961322474
"ZNF396",7.52069154069623,7.45598363703094,7.38491811861045,7.83985469913699,7.59434452332097,8.24727223557794
"TMEM222",9.32544204007221,8.8718035384235,9.28184555216452,9.29937744430838,9.37603721939128,8.99167177571807
"SEPT10",9.33032529086652,9.49990414998577,9.87009603223881,10.3901053336085,9.55244510329546,10.9437083086569
"FAM86B1",5.54851785949931,5.6520241287847,5.29031095099465,5.94973919615279,5.57607598002124,6.53153329507253
"XKR5",4.87482195210638,4.84495094307666,4.86296472820736,5.23135019106063,5.26812364332126,5.54910236469605
"SMYD4",8.48898549385237,8.56884075769906,8.69129571949293,8.87420714580602,8.78771523027141,9.09827227609654
"GPATCH8",10.2019788976978,10.4116287317598,10.4346018347657,10.0046546680198,9.92089583917251,10.0835647543077
"CEACAM19",6.69631622744201,6.66563710439642,6.36527543281753,6.27476788446092,6.63548630992359,5.59411117987997
"NF2",10.6667892914662,10.5380499198679,10.4229977602487,10.555054369816,10.8173799915865,10.4853804359381
"C6orf1",8.57395267837515,8.34837600371051,8.42192671374476,7.94757108047335,8.53455075113621,7.41489349881731
"UBE2H",11.5363345770801,11.5369087092332,11.52958585467,11.6262565912146,11.6750141782864,12.1134401616802
"MIR22HG",7.66822231500951,7.65158864104377,7.53079143157882,7.12730784464336,7.43637318374401,7.71898670555813
"KTN1-AS1",6.36478816236259,6.0388771203416,6.33042650449943,6.32150807584472,6.32734927396785,6.51143928016197
"KATNA1",7.94539845021997,8.05630930338481,8.13824378640928,8.41852229954071,8.16435677203213,8.52614536735095
"ARAP1",7.24117963765951,7.00225076772355,8.34585943003566,8.52721447592187,7.82728884990171,9.2198194259136
"KIF24",7.24819384114694,7.29660770278445,7.88956606158594,9.03250666152457,7.65924825659466,9.61139836671625
"PDE2A",8.33512167246894,7.98034834265512,8.24801918127465,6.98458762895756,7.65129641608071,6.06819675099262
"LRRC16B",9.74534934734069,9.2878714723138,9.14478880607621,8.54209052079175,9.49417526294008,6.52152479638696
"PRR5",7.1390734122226,7.21594487438752,7.25797082264261,7.3750425574174,7.87915334433172,7.10645774094267
"ZFP91",10.2161091567086,10.3190358946643,10.1109510493067,10.33260202948,10.1952445361955,10.3679143715549
"C17orf58",8.0680105217294,7.89222397711092,7.98268170929863,7.87863757101133,8.1191760897541,7.20089795596581
"BCDIN3D",7.55483479848096,7.58935303296618,7.50874119576164,7.85190101178858,7.82022829088924,7.81656814366023
"MAGEE2",5.22411723473243,5.53524434648493,5.19204933581343,4.55239249687834,5.17836802896297,4.33057497578978
"EEF1GP1",6.07831789081791,6.31748106638303,6.0767532850492,5.12120644125242,5.14598214718274,5.11466593771837
"CYP27C1",5.26254826080776,5.45795213323723,6.00991838444328,6.65179842733786,6.58458917618073,6.15160304901779
"LYRM7",9.51463543563667,9.47913676435949,9.02949824907701,9.07014202555374,9.12887288519351,8.9442168808762
"DTX2P1",5.6018543074561,5.40267998277688,5.78285907365734,5.37262261357025,5.57607598002124,5.25394328805817
"CCDC42B",4.33057497578978,4.77662214806139,5.29031095099465,5.7607533951804,4.66714835127326,6.48070743372353
"MST1L",5.54851785949931,5.75702651981449,5.56693702969189,5.81805978469791,5.82678316373963,5.34453517938545
"BCR",11.4025966239652,11.1685703632291,11.3436387684631,11.1475389810487,11.3768342768524,10.3572329196666
"MPPED1",6.78739762772996,6.49227442759739,5.98677983682015,5.56781120866857,6.45757155210179,4.83010453277739
"FSCN2",5.43226952355336,5.40267998277688,5.53204272811162,5.61949520913034,5.37441071259404,5.28523604052962
"SPIN4",8.6146206254352,8.8718035384235,8.35814192546247,8.4484538693029,8.42995252440677,8.29300692357761
"ZNF732",5.0958257135656,5.00838899562681,4.86296472820736,5.7607533951804,5.67254547946021,5.94713050764567
"SPIN2B",7.14662114384871,7.12350224223334,6.98465473288329,6.95075475096743,7.36980368498061,6.9032122694239
"HYAL3",6.70674692185684,6.24026434647469,6.21973164683618,6.47689875896768,6.56717883825407,6.40604308854489
"VSIG10L",6.44325127059483,6.60701201275565,6.11933501176659,6.07923636656541,6.42866709038505,5.65810362455486
"ZNF397",10.0366556148741,10.3095145051842,10.4112995522247,9.97489011019399,10.1884582532034,10.1685056557114
"ZSCAN30",9.36087380699604,9.43398607704045,9.23612014068533,9.1155323652251,9.15837232796426,9.08860737905608
"TPCN1",6.86349994425119,6.77569217432756,6.6427968877454,6.67299782293208,6.3991018748316,6.6089740508496
"HEXIM1",8.47726641310471,8.3541074292864,9.32824000418812,8.6979512528077,8.53455075113621,9.06908060194216
"LINC00846",6.72736783383392,6.59698438339265,6.09823090651264,6.28425515241289,6.0837061780769,6.20421240927874
"TRABD2A",5.6525384434395,5.81547244195914,6.77503369616368,7.14725081659193,5.93352705716022,5.59411117987997
"PDZD7",7.72915364180026,7.3498397812423,6.99540769375669,6.71441314140921,7.44100945016814,5.63720988468804
"POFUT2",8.65416781502297,8.52889680918753,8.54871904204772,9.13157768414237,8.77324862172371,9.8868344005459
"QRFPR",4.60390596466056,4.33057497578978,4.33057497578978,4.64396487703681,4.66714835127326,4.58127373257168
"MAPT",13.2988919760301,13.2107989399696,12.596239836992,12.3560261569542,13.3679712415738,10.1738421614607
"ERCC6L",5.91485715615986,5.75702651981449,6.03261425473495,6.93928874200785,5.97641267591333,7.388537870084
"TMEM17",7.49159265832426,7.45598363703094,7.58795930644445,7.33668941949539,7.29991146090615,7.52532030003391
"C1QL4",7.19106458252092,6.90172495385375,8.29564766292227,7.91639054272443,8.39726046490169,7.23100224333004
"RTN4RL2",5.79147317606317,5.53524434648493,5.69565584988958,5.91179944389842,5.99036612397887,4.88837907797739
"ZDHHC17",11.684349302424,11.7492307781099,11.5722266356055,11.5626688035597,11.5887596672311,11.7433554854174
"ZNF395",8.19889151572816,8.00246769211164,7.96668587520299,8.04509127508831,8.42068780700564,7.59593397339744
"PPARA",7.62609313702697,7.45598363703094,7.62254778683394,8.04770717304165,7.48206152541301,8.67584299192599
"TMEM232",8.344834584039,8.62910859222468,8.58048625117165,9.1750992662576,8.39489652046429,9.84634211268774
"FAM183A",5.46268370782665,5.6520241287847,5.45827589049947,7.18629611924666,5.94799804642505,8.29581737308345
"EFCAB6",8.06015644934267,8.22552063969282,7.81400512101009,8.33977251533237,7.78075476438535,9.3291648120188
"KANK3",6.36478816236259,5.99099191043792,6.49593802186075,6.40154607385148,6.8573932640096,5.5258120673756
"EMID1",6.22223378738274,5.99099191043792,6.399200953035,6.55580973262763,6.84320759903549,6.12443048056718
"ESPN",5.72424503540458,5.67386991742712,6.16047993900056,6.1653683000969,6.8853279124242,4.58127373257168
"PTRH1",6.17610689899361,6.08491777140764,6.67031052339294,6.63025606291703,6.55838671547071,6.62764561149741
"TMEM216",7.26902704649298,7.55967679243628,7.09855240093192,7.48028832437801,7.40822937159216,7.65439943255611
"RPS19BP1",8.38931017155583,8.02064177406534,8.49415830819509,8.69462837543844,8.70055901923613,8.47751598523127
"C3orf70",9.68945881462963,9.71386734809331,9.46286196008094,9.00059781047696,9.57031200752777,8.70357373679164
"TEAD1",10.4671293135138,10.5555038518636,11.17577674822,11.6519103367717,10.5767134142882,12.7442809819172
"OR2AK2",4.99520527768772,5.55970553524277,4.86296472820736,4.87127988604197,4.86095996838829,4.58127373257168
"PLCD1",6.96163830026338,7.00968649119216,7.71512204712023,7.86681670060835,7.25834479353564,8.30700429615734
"ENTPD5",8.24114001093791,8.20978982772904,7.91759106235902,8.21752395515374,7.88592779193738,8.62765823926224
"MITF",6.99564779673892,7.2286626536223,6.9628925018021,6.45226469243349,6.84320759903549,6.56110919235617
"HEATR4",5.49214979402744,5.79633174395148,5.41912560421338,5.15028716110163,5.29596108369109,5.47749470033185
"NAP1L1",12.2611097517136,12.2738199427572,12.4025924575919,12.9871013597564,12.4011349162551,13.4309761202709
"CMC1",7.23412992501544,7.42332398013186,7.41691240853898,7.34959092106743,7.25834479353564,7.73987735564204
"SLIT1",5.97189916146181,6.36646410882688,6.23887088147353,6.19617072220197,5.97641267591333,6.09663944422455
"LYPD6",8.67482244167284,8.71834747351839,8.54871904204772,8.74689325780234,8.08726367540621,9.0325782539531
"AKR1C1",10.0505230908115,9.99914463798977,10.0354744934189,9.57040395414342,10.1159200572859,8.04142784365371
"VSTM2B",4.93817568778476,4.95891832408665,5.29031095099465,4.95373220111794,5.70876948923922,4.68467332000649
"FOXD3",4.7165496130104,4.58878259651035,5.2426758087291,4.95373220111794,5.11210946503177,4.33057497578978
"MRPS21",10.52005086574,10.4061414945366,10.1419579682044,9.48560471340402,9.45284376167214,9.26627430247844
"RNF220",10.057407124974,9.90012982702526,9.73736915309396,9.96460098933691,10.2575212202589,9.78089098617981
"ANGPTL5",5.18373077138573,4.69525161239808,4.94418431550225,4.87127988604197,5.14598214718274,4.98896808752624
"KIAA1598",11.2388406713509,11.2989957655182,10.7866470944084,10.0866395770392,10.832256201819,8.96020981308936
"ZNF546",8.51787084776974,8.5639081702684,8.53797169085479,8.51218250582582,8.46867271964073,8.74110698940196
"TSPYL4",11.6941599024163,11.7497723398062,11.4721051341138,11.2905505981151,11.7566304226536,10.653588445222
"MT1X",5.18373077138573,4.84495094307666,5.60065691610817,5.15028716110163,5.03903521958369,5.22140032273235
"GCNT1",5.91485715615986,6.06976574579927,5.86366298223323,6.70074998087008,5.94799804642505,6.95509811538612
"SESTD1",11.9935676038505,12.1111719821175,12.1556823264409,11.4930505421247,11.8565215232856,10.3851047330547
"FNBP1",10.1244978078857,10.3168442244921,10.2834433602953,9.89695221887276,10.1194922601667,9.99416653365323
"DYNC2H1",11.4210086646562,11.6088233885524,11.3740847531119,11.8637656467227,11.2847309506748,12.7938782572354
"MAGED4B",5.29925920898593,5.37374005388151,5.56693702969189,5.60255728389094,5.69081184736494,5.07532107295397
"BCAM",5.04742567774093,4.95891832408665,5.29031095099465,5.54997731954909,5.26812364332126,5.69868419475818
"RSBN1L",10.3630363088721,10.4507987860112,10.3046775697859,10.2446417056547,10.3876370686878,9.6414350940407
"WDR86",6.86349994425119,6.63664771748306,7.26680255576584,7.10196809322995,7.65129641608071,5.77550668699715
"EPOR",5.62750733317344,5.6520241287847,6.03261425473495,5.87256822454692,6.09646749403237,5.89830401412361
"DCC",10.5827318750475,10.8689162894543,11.7918468401918,11.0155914117494,10.6252555094636,10.6199168969129
"TAF9B",9.28073108559907,9.32326630029189,9.2205497782648,9.5262973540839,9.23947011561226,9.60124534253346
"PCDHB13",7.50912406189651,7.61361533928163,7.96668587520299,7.3792398886982,7.34027647530114,7.09992669845435
"MAGI2",11.2810302782917,11.4355302887542,11.1484420330578,10.8061251811413,11.2467000187598,10.6880907686226
"LUZP2",9.64835284738618,9.6560724130261,9.72324084022193,9.65646789811103,9.80053584171069,9.59670981894573
"LHFPL3",8.94507676775659,9.09140702207749,7.0271704621372,6.70759898081338,7.84130553442437,5.45239055899795
"CHP1",9.97981195790052,9.98816685213916,9.68000528356944,9.91273784868926,9.9151517682328,10.2113962631207
"RDM1",5.26254826080776,5.24729833481842,5.13786241172375,5.3280834021818,5.26812364332126,6.08250174298976
"HIST1H1T",4.60390596466056,4.69525161239808,4.94418431550225,4.87127988604197,4.86095996838829,5.03357482878391
"C11orf96",6.65375981739783,6.29226341962715,6.21973164683618,5.88579523582229,6.15834206985003,5.25394328805817
"KCNJ11",6.97022010436025,6.62684248559454,6.4803071669202,6.20627032032873,6.8853279124242,5.22140032273235
"COL4A1",8.24460500817875,8.25033539374865,10.5215009618339,11.4131095986482,10.5870694607354,11.9056078399422
"PTMA",12.7810152313019,12.7463846535903,12.7183334197492,13.1410911391666,13.1492396471333,12.6411719849473
"HSPA14",9.66261567984884,9.7205168377512,9.65210195660987,9.82899989099307,9.80941117709474,9.8280812861685
"SIRT7",7.6314284560604,7.3613989484648,7.54530215955348,8.00257068731471,8.05161635710236,7.64998695820449
"IFT140",9.4200928379801,9.09823652986495,9.45147693762016,9.98646301798847,9.7405465105991,10.1639157343387
"TPM3P7",5.14109345202186,5.53524434648493,5.2426758087291,4.99090412180236,4.91093888395682,5.40006335275449
"AGMO",5.14109345202186,4.95891832408665,5.13786241172375,5.12120644125242,4.80549449477315,5.11466593771837
"TLR5",5.9531937412958,5.67386991742712,5.3782345210694,4.99090412180236,5.7264309006772,5.22140032273235
"USP7",11.5579866948942,11.5835274410953,11.296200056516,11.5930335446817,11.6628285827107,11.485573156152
"NANOS3",6.65375981739783,6.35439345161833,6.399200953035,6.64465633337608,7.22633559280886,5.86456156907527
"FOXD4L3",4.99520527768772,4.84495094307666,4.86296472820736,4.77291247508709,4.86095996838829,4.58127373257168
"NHLRC1",5.70087603390657,5.58358169504195,5.2426758087291,5.45558649408591,5.81067810207035,5.75680447202851
"PLEKHN1",4.7165496130104,4.33057497578978,4.33057497578978,4.55239249687834,4.66714835127326,4.33057497578978
"ZNF385C",5.81299943796065,5.94108086001497,5.86366298223323,5.49445599134623,5.96229157958667,4.98896808752624
"MAGEH1",10.4612098312289,10.3429269419413,9.43422886625994,10.2429401035935,10.4128907446768,10.182944753872
"TET3",10.9390178768825,11.0282975693357,11.4902861614736,11.0116001974124,11.181226224742,10.1700323881826
"ISG15",5.3344412562722,5.34383018699978,5.75456202992873,5.80400878913798,5.69081184736494,5.37273133131448
"EXD3",7.15412798548242,7.039033598319,6.89544820275353,7.34530362566354,7.36980368498061,6.79310186108496
"C17orf97",6.41762377436216,6.24026434647469,6.21973164683618,7.82465172168349,7.5734348367007,8.19400943751383
"ZKSCAN4",8.2376665973062,8.07381404238375,7.97736969900184,8.05031828145981,8.30204624176601,8.38031209582063
"RGPD1",6.07831789081791,6.29226341962715,5.66493901424027,5.35063533644267,5.14598214718274,5.22140032273235
"DHRS4L2",6.46838189693335,6.56643692587744,6.54174004934149,6.79998987983057,6.36884173554423,7.046535392754
"SAMD11",7.44374501965757,7.08191392230372,6.34796986470843,8.36301724296441,8.18368265205321,7.01904347123356
"VMAC",6.09517066737624,6.11466471136286,6.05488661074004,6.58609309898638,6.12159469522682,6.80939009577328
"TMSB4XP8",6.67520758794867,6.32990443424444,6.23887088147353,6.66596874216255,6.36884173554423,6.80127051198349
"WHAMMP3",7.32972286304845,7.27840315363716,6.3126379774091,6.13377621276322,6.9059090040073,5.37273133131448
"ERC2",11.6502901334306,11.8115122238836,11.3810972990118,10.7809430997232,11.453538565662,9.28613623446367
"B3GALTL",9.60872096300612,9.72713578540578,9.98637711337024,9.63153115681897,9.55772311615232,10.2246798184643
"SPRY4",8.39866358208397,8.29870951892699,7.48634011036382,7.30169183947393,6.79235481056696,7.37785530753697
"ERAS",5.43226952355336,5.2124335202594,4.94418431550225,4.87127988604197,5.14598214718274,4.83010453277739
"KRT18P59",6.29551855050175,6.35439345161833,6.20029399103025,5.87256822454692,6.3482640446452,5.7938961322474
"CXorf67",5.3344412562722,5.31286008562374,4.86296472820736,5.05921631031587,5.17836802896297,5.07532107295397
"C2orf88",6.46838189693335,6.27946357496297,6.09823090651264,5.45558649408591,6.03126530424217,5.5258120673756
"TMEM203",8.71526112394065,8.40192004734629,8.43743883491317,8.97071280607936,9.02745391118211,8.85578004687186
"SLC18A3",5.04742567774093,4.95891832408665,5.29031095099465,4.64396487703681,5.11210946503177,4.58127373257168
"THSD4",8.57120005488272,8.3455016641455,10.0743250280202,8.82948082453817,8.20815223643278,8.51655053485238
"DNAJB13",5.74711795931809,5.95795537545197,5.53204272811162,6.97900650440671,5.61575483702208,8.15736519835445
"TCEA1",11.0212730280847,11.0398581402367,11.0201948873673,11.4316482822914,11.1448889039141,11.5314188846829
"NHEJ1",4.99520527768772,5.17594971784969,5.3782345210694,4.87127988604197,5.11210946503177,5.03357482878391
"FANCA",7.56044579433542,7.78128312950899,7.95050833517773,8.39001050085232,7.9291922595515,8.4348430554223
"SECISBP2",10.7727448506606,10.8274420114831,10.556439657713,10.7533230291211,10.7438497856245,10.7228273889821
"C9orf153",5.40082433975998,5.34383018699978,5.45827589049947,4.87127988604197,4.86095996838829,5.03357482878391
"HSPE1P11",5.29925920898593,5.58358169504195,5.83737023149546,5.15028716110163,5.07654591073903,5.54910236469605
"SEMA4D",9.08847700654475,9.07764997547205,9.21382485946965,8.68795946244627,9.05460801352987,8.25017389671768
"LIN28B",8.35448204461937,8.35981600411131,9.15886348549954,8.6472820761186,8.76413245157079,7.23694571614715
"FAM69C",7.30307208814694,7.19664743352791,8.35814192546247,6.28425515241289,7.03572703226692,5.25394328805817
"MCRS1",9.70958026907028,9.50761537213027,9.81934832573433,10.3105684144313,10.1073104850834,10.1384066054604
"FANCM",8.72023681804644,8.73379375907277,8.82981521066513,8.90470756782089,8.61590372944342,8.80746984176902
"ZNF70",8.53492683408696,8.32813337198237,8.67504644412205,8.71116639951409,8.59342119117607,8.8424160794459
"CARD9",5.26254826080776,4.84495094307666,4.86296472820736,5.12120644125242,5.07654591073903,4.83010453277739
"PEAR1",4.33057497578978,4.33057497578978,4.33057497578978,4.33057497578978,4.56883750728876,4.98896808752624
"ZFP69B",8.74973432875822,8.8896365274247,8.92627676657856,8.15102796989229,8.54949640346858,7.64112048431256
"ZFP69",8.31549587315435,8.18425478613742,8.09480102749024,7.77487844920169,8.11342664886969,7.55871379354643
"TMEM220",5.14109345202186,4.84495094307666,4.86296472820736,4.82464481268825,4.74232802187034,4.88837907797739
"HIST1H1C",10.9229579059784,10.758605707299,12.0705608974765,12.4521642743339,11.3759387690888,11.8303856954107
"TMEM256-PLSCR3",5.43226952355336,5.13762512309315,5.19204933581343,5.12120644125242,5.46935070319513,4.83010453277739
"EIF4EBP1",7.44374501965757,6.98725741936592,7.76542522490381,7.81237106313595,7.87575397768233,7.31198940754958
"CCDC157",7.31646100731947,7.04627361157714,7.15693190923556,7.9780833169771,7.4639640124845,8.1511653914015
"FAM122A",8.52926401365878,8.74472599239879,8.47550008213014,8.50080420703922,8.69481210717466,8.66286127681148
"PALM3",5.85484684019812,5.75702651981449,5.2426758087291,5.6525587184268,6.21725309445207,5.5258120673756
"RNFT1P3",5.49214979402744,5.51016048524524,4.94418431550225,4.87127988604197,4.33057497578978,4.33057497578978
"GFRAL",5.67698376420325,5.28072429172865,4.33057497578978,4.33057497578978,4.33057497578978,4.58127373257168
"C1orf168",4.80259831140558,5.00838899562681,4.63910910251109,4.99090412180236,5.07654591073903,5.54910236469605
"SHISA7",8.00393230488051,8.3541074292864,7.92864829383441,7.10196809322995,7.6231073976722,5.65810362455486
"DMBT1",4.87482195210638,4.77662214806139,5.0153475618871,4.91404266993799,4.91093888395682,4.76371589021208
"C2orf66",5.9903111609895,6.55609522107361,5.49586482724437,5.39408088420441,5.63503194179442,5.11466593771837
"OVCH1",6.22223378738274,6.05442078166421,6.41583398350578,5.91179944389842,6.03126530424217,7.12586780654062
"ARHGAP11B",6.51723368027146,6.74901254157243,6.97381680886921,7.17178260254888,6.42866709038505,7.64112048431256
"PMS2CL",9.39234503007702,9.31303238324726,9.13532862400988,9.06629405646042,9.35678384736694,8.77165245129644
"CYHR1",8.87545491444252,8.66178492182085,8.91802107595742,9.27403187588498,9.36041351770686,9.33734642394161
"COL14A1",6.90000882976452,6.84436345213363,5.63329680407505,6.11225279239186,6.50436191355333,8.43738870961499
"DNER",13.1219299124354,12.9971991947901,12.5605051918749,12.3339556822988,12.4500303665087,11.1492107987444
"CPSF4L",4.87482195210638,5.09718127405855,5.33538540566403,4.87127988604197,5.17836802896297,5.45239055899795
"KLHL17",7.28274489527678,6.61696431031565,6.84855731667408,7.09170070117212,7.70604305136319,6.05371984338478
"ANKRD19P",4.93817568778476,4.69525161239808,4.63910910251109,5.54997731954909,5.53476861827663,5.22140032273235
"ZSCAN23",8.70274593815867,8.87379594221807,8.920778243449,8.84903335193215,8.93791920966523,9.00885774659924
"HIST1H2BG",10.4029568450764,9.95190046290363,11.079905914672,11.0301320988015,10.5135081647829,10.1577730209124
"RINL",5.79147317606317,5.40267998277688,5.45827589049947,5.25661469107151,4.99924798284876,5.18746296578136
"TPRG1",5.62750733317344,5.62971160557788,5.3782345210694,5.97436269294477,5.55563637036578,6.43857020096946
"C1orf204",6.46838189693335,6.36646410882688,5.66493901424027,4.95373220111794,5.96229157958667,6.17818765351574
"MORN2",8.2376665973062,8.20026757039308,8.44896371376296,9.25049398714558,8.33942017719165,9.87938657728779
"CXXC11",5.40082433975998,5.05426032044833,6.49593802186075,5.23135019106063,5.53476861827663,4.58127373257168
"MEIS3P2",5.46268370782665,5.31286008562374,5.13786241172375,5.3280834021818,4.80549449477315,5.22140032273235
"UBQLN2",10.1769127526544,10.2356398954046,10.0866373768971,9.79842587063871,10.1456550186448,9.22717755568559
"RILPL1",7.77800158699728,7.70670276700739,7.7715894574761,8.03721466545915,8.17543212017706,8.40653823339341
"ZNF490",7.52643984619218,7.40670473789636,8.07506041228118,7.80309035402005,7.84826235284752,7.71898670555813
"NWD1",6.22223378738274,6.12926986364968,6.09823090651264,7.56357526806495,6.2844576999073,8.80353394096369
"ARL4C",11.0813524460053,10.932317761316,10.8566023812854,11.3486560230293,11.1032903459451,11.1741450853991
"TMEM221",5.18373077138573,5.28072429172865,5.19204933581343,5.88579523582229,5.42310223496893,5.84730736939238
"RAB42",4.99520527768772,4.69525161239808,5.0153475618871,5.58533341826546,4.91093888395682,5.67858866699434
"WNT7B",7.77319182083642,7.74228866356456,8.89857141295084,7.22427350818905,8.1191760897541,5.47749470033185
"C11orf95",10.7425606673657,10.5273489014006,10.6498256682321,11.0837071881695,11.2697029681388,10.1454085198751
"GPR89B",6.2372372059446,6.25346714605822,6.03261425473495,6.22622682849031,6.19402372481779,6.03906618111504
"EYS",6.111792441977,6.02312871455732,6.46448655819503,6.366589959339,6.27350364256348,5.69868419475818
"OR2AG2",5.14109345202186,5.09718127405855,4.86296472820736,4.71402308857299,5.17836802896297,4.68467332000649
"MAPK12",7.48569998499647,7.00225076772355,7.88956606158594,7.2883383504267,7.92262122309073,6.59953871009217
"TMEM215",5.29925920898593,5.09718127405855,4.63910910251109,4.33057497578978,4.74232802187034,4.58127373257168
"COL4A5",9.02761588958365,8.73379375907277,9.59289407307803,10.7723193643697,9.66529456511907,12.0393848727919
"AGRN",9.6869237617753,9.10503377358561,10.1372308618398,9.93820170657389,9.95408764511935,8.85957561010754
"NHS",9.50170948542293,9.61740125916559,9.4872250638378,8.72263072779628,8.86648271745588,8.60520966262231
"TMPPE",7.36877029660064,7.43974874141735,7.62936499745985,7.27033258636037,7.32527586400282,7.3991396335566
"ZNF626",9.01553297461723,9.13854653015467,8.02961915669745,8.96107221041259,9.15419496454384,8.91716022891217
"SMTNL2",5.91485715615986,5.83429039028268,5.13786241172375,5.45558649408591,6.25130538879973,5.03357482878391
"ZC3H6",10.3819601778507,10.5592166554215,10.5251236241174,10.1743657933544,10.3799143503599,10.1274466962641
"LINC00265",7.65257060002704,7.95410068733368,7.91203005704628,7.33668941949539,7.61085210505094,7.73987735564204
"LAMTOR4",8.67225680584524,8.25953102712355,8.87317169905804,9.04298755987526,8.87666626836688,9.06908060194216
"PRKAR1B",9.6100597403283,9.07072180600046,8.77599939552662,8.53653006985102,9.50623773955027,7.30635793952625
"NUTM2B",6.40461685682177,6.2134331229608,5.96317797384801,5.98648331822425,6.13396671442646,5.28523604052962
"HNRNPU-AS1",9.37983895233699,9.35211152887064,9.43422886625994,7.17663732237503,6.86443091536721,7.39384877311
"NCR3LG1",10.1859150544553,10.2895361163862,9.32824000418812,9.30591659991689,9.89694849779924,8.28454230082659
"DCUN1D3",8.98899981603422,9.02126725151801,9.02949824907701,8.96521181076517,9.17083215375322,8.57317971819658
"POTEE",6.55271216369173,5.37374005388151,5.45827589049947,5.05921631031587,4.33057497578978,6.16496703674859
"ZNF793",10.2534120380307,10.4150476822599,9.55616508667981,9.84105018062844,10.4279485933253,9.11264897361207
"TUBB4B",10.8792359954977,10.4902301381544,10.7926706686568,11.6025725889325,11.1208581885299,12.0200498707316
"AGAP4",6.35123217836489,6.57669813123392,6.38235023120535,7.07093402566131,7.43637318374401,7.16389018268598
"COMMD6",9.89999146064264,9.85148735635476,9.91221577235557,9.93117341584744,9.93960965688733,9.92169533981101
"HYKK",5.14109345202186,4.84495094307666,5.19204933581343,5.23135019106063,5.03903521958369,5.42659714675519
"C15orf62",5.0958257135656,5.17594971784969,5.0153475618871,4.91404266993799,5.23931319139556,4.68467332000649
"ZNF383",8.11803452614681,7.91185105683922,7.62254778683394,7.54134455499361,7.99641677579841,7.68490726420632
"HES4",6.70674692185684,6.12926986364968,6.76238112537073,6.97900650440671,7.18803634019307,6.47030047129559
"ZNF669",9.19586266783912,9.31742725761455,9.15418720389201,9.12419437817655,9.29110330501469,8.64316590535277
"LRRIQ4",5.46268370782665,5.62971160557788,4.33057497578978,4.95373220111794,5.32290848716218,5.22140032273235
"CENPP",6.91790282534075,6.84436345213363,6.79998829512151,7.27033258636037,7.03572703226692,7.25462542897823
"PLSCR1",6.09517066737624,6.34220771365591,6.18054720532947,6.46873913714878,6.03126530424217,6.9032122694239
"C3orf62",8.27880096134596,8.41019435047483,8.05504282183853,7.83075245367106,7.87575397768233,7.84765914901282
"ENO4",6.17610689899361,6.37842206372085,6.29459653090917,7.82465172168349,6.62713795454819,9.16416770169776
"ZNF559",9.26040496001852,9.49215142528393,9.56146976290134,9.31350826657486,9.3652388900919,9.16876104058168
"SBK1",10.4898405182799,10.4407701507084,10.939699195133,10.1240997751757,10.6101022005866,8.70357373679164
"SLC38A3",6.111792441977,5.95795537545197,6.36527543281753,5.23135019106063,5.74380775294986,5.15195654074678
"GTF2F2",9.19764564929611,9.33342799158471,9.47040228525843,9.4623825012305,9.39621574551037,9.43968187315736
"FAM92A1",9.44131082347357,9.42857996329731,9.22946774065048,9.49230793098306,9.51386160043162,9.77086213405071
"FOCAD",11.3682184636317,11.3931735118759,11.5563836798575,11.4261616248634,11.4464472382459,11.6610843032744
"PRR19",5.85484684019812,5.58358169504195,5.96317797384801,5.83193623690723,6.09646749403237,5.65810362455486
"JAKMIP3",8.04032994299301,7.90403269295821,7.16642702427941,7.4685394090624,8.00265669129451,6.65516992011782
"PPP3R2",5.29925920898593,5.51016048524524,5.49586482724437,4.77291247508709,5.07654591073903,4.33057497578978
"GOLGA6L3",4.7165496130104,4.95891832408665,4.33057497578978,4.33057497578978,4.56883750728876,4.33057497578978
"GPR21",7.19833542104688,7.34402419881522,7.05821634900997,6.63025606291703,7.38433704713278,6.38389343266527
"CHM",10.1569075855914,10.1884686047708,10.1665241559835,9.8809917964673,9.84610203064948,10.2128782715135
"BLOC1S5",8.06015644934267,7.9691585288187,7.86097764282631,8.16313148945336,7.92262122309073,8.37234968959896
"CERKL",5.36825224778896,5.24729833481842,5.83737023149546,5.97436269294477,5.42310223496893,6.33841262084272
"IER5L",7.70408345195101,7.30861351157057,7.75301579166825,7.64568945218677,8.04558755474859,7.27785479706656
"H2AFX",6.87271940713298,6.66563710439642,7.80802279742507,8.25191386050157,7.76979592090996,8.1635382126702
"INSC",4.7165496130104,4.95891832408665,4.7660846074949,4.55239249687834,4.99924798284876,4.58127373257168
"C19orf54",6.19167384472197,6.15796744435664,6.58599920034065,6.33065288233021,6.19402372481779,6.68213699712675
"LCTL",5.74711795931809,5.43072800972915,6.11933501176659,6.80635310863938,6.00415649635366,7.48616102253718
"COL25A1",7.63674370940126,7.41780607457735,7.64290155373675,7.24749340893775,8.0057664325511,6.27917803362026
"FAM83G",5.76951971169128,5.37374005388151,5.78285907365734,5.28112095084593,5.23931319139556,5.34453517938545
"C9orf171",4.93817568778476,5.28072429172865,5.53204272811162,6.99014613646108,5.79433681434327,8.06141674089896
"SRSF10",11.4597420673539,11.4929444219173,11.4360032249596,11.7957724026047,11.5869550681557,11.9438063552142
"DUSP28",7.29632919015158,7.07485915820495,7.20377091105087,7.16202190379093,7.43637318374401,6.78488350934427
"C15orf52",5.40082433975998,5.2124335202594,6.23887088147353,5.6525587184268,5.26812364332126,6.42781852490384
"NBR1",10.8720043076769,10.931363165133,10.8275599722392,11.3979013440639,11.3304394072871,11.7085942819241
"RALGAPA2",10.8272606634953,10.7698640446909,10.9281173223164,10.5650753033862,10.7516960445462,10.6790062901814
"NDOR1",6.70674692185684,6.49227442759739,6.58599920034065,6.93928874200785,7.28963530626763,6.58046374046774
"FBLL1",8.62792446314032,8.1516805943671,8.62516505955278,8.07103682959416,8.61793023799506,6.79310186108496
"NKAIN2",10.5014239672703,10.5806862188816,10.1241508320617,9.3571874560724,10.1898180674765,8.23267495134167
"PAQR9",6.52916670743809,6.37842206372085,6.16047993900056,6.12306193840807,6.7624132232569,5.571858798105
"C12orf55",8.78814509776648,8.9531943768507,9.24494245320358,10.9779034671609,9.16530776686839,12.5657796013128
"NPIPP1",6.55271216369173,6.27946357496297,6.0767532850492,6.46052802040793,6.69250366550329,6.39501592218696
"CLN3",6.40461685682177,6.34220771365591,6.399200953035,6.32150807584472,6.49513717052095,6.42781852490384
"FAM72B",5.5207400332063,5.62971160557788,5.63329680407505,5.85918570565528,5.53476861827663,5.7938961322474
"ASAH2",5.74711795931809,5.81547244195914,5.49586482724437,5.98648331822425,6.19402372481779,5.54910236469605
"SUMO2",11.6683838040528,11.6948652778724,11.5861646626756,12.0607394504939,11.9427026584831,11.8966472850081
"NANOS1",8.26862773983864,8.15497164171249,8.06007361605457,8.07616978798603,8.42764195508111,6.94047352051505
"LDOC1L",11.3443000687687,11.2420090331471,11.1952328143627,11.3817582120991,11.576859337127,11.41266237604
"DPYD",9.93459021658682,9.97247047754768,9.03204994338449,9.53652504919907,9.78532119148628,10.0383051083289
"S100A16",6.49303627369584,6.51389521262857,6.79998829512151,6.19617072220197,6.99167538730857,6.24225613351204
"PTAR1",11.1850926429402,11.2702176609062,11.5501752332117,11.6831921861993,11.1115631274391,12.2059944761035
"FAM154B",7.10846414954516,7.22231829608507,6.73671357377245,7.36237456870527,6.9593212858361,8.19702112538478
"RHCE",5.3344412562722,5.51016048524524,5.3782345210694,5.3280834021818,5.07654591073903,5.28523604052962
"C2orf80",8.95776370220868,8.9284907699439,8.65530139640871,8.51595529628347,8.9919939082137,6.9032122694239
"PARVB",6.89097298392508,6.96445555233574,6.6427968877454,6.92772575729312,7.32023968222131,6.43857020096946
"TEKT4P2",5.3344412562722,5.34383018699978,4.33057497578978,7.3149188509121,7.64730366489002,6.92569080701315
"SLC4A5",6.33753079965724,6.66563710439642,6.29459653090917,5.60255728389094,5.82678316373963,5.42659714675519
"UROS",9.61939651093801,9.67559609072872,9.59116614399892,9.5244299463107,9.32369840158317,9.81642777612411
"ZDHHC9",9.89450959117179,9.93389612354235,9.57026771386293,9.59285224226931,9.85812764785629,9.31818317314135
"ZBED6CL",6.4305009759227,5.99099191043792,6.67031052339294,4.55239249687834,4.95674843757777,4.33057497578978
"SMIM15",9.82359006167544,9.80009985754956,9.75445107967976,9.75847904130288,9.76356450602476,9.73932162851211
"VWC2",9.28241204623931,9.41086861783338,9.07227322870919,9.14865948934634,8.89348015170076,10.0729945419849
"FAM221A",7.94112393594457,8.12507557929939,7.47879312224272,7.53385572028899,7.53066194562847,7.62321892806516
"TMEM120B",8.81629392101001,8.62437922204943,8.31258139993345,8.59118782689055,8.64003499910727,8.41172633116895
"FSIP2",11.2422961364255,11.4365397975065,11.9548086954436,11.4171381993521,11.5635497111913,11.0353274577401
"RBM34",5.83411797820783,5.99099191043792,6.21973164683618,5.87256822454692,6.07080875752555,5.61588662529712
"NOXA1",5.70087603390657,5.51016048524524,5.63329680407505,5.43553531135657,5.77775078358577,5.34453517938545
"TMEM198",8.32534240882815,7.82338929223941,8.28710505000652,8.20821187066838,8.56638861486144,7.28932599176162
"BCL2L15",5.83411797820783,6.27946357496297,5.91449335713677,5.6525587184268,5.81067810207035,4.94087121374919
"FZD9",5.6525384434395,5.51016048524524,5.3782345210694,5.37262261357025,5.65395698090973,5.40006335275449
"SPRED3",6.90898517037246,6.54567163620786,6.11933501176659,6.28425515241289,6.00415649635366,5.65810362455486
"SKOR1",8.144261606223,7.85619776121262,6.0767532850492,7.30611477404241,7.18803634019307,5.59411117987997
"PRELP",4.99520527768772,5.24729833481842,5.19204933581343,5.97436269294477,4.95674843757777,6.16496703674859
"ZNF548",9.83737031418991,9.88245133855313,9.80152947573203,9.56132577579692,9.66822518517061,9.36828555752142
"MTF1",8.69012071758765,8.80027001543557,8.61497734050846,8.86684874704198,8.69096801440732,9.2490289260213
"ZNF322P1",5.87520277529963,6.00716920758814,5.66493901424027,5.789777878405,5.87375914045291,5.63720988468804
"TMEM201",7.67856140727407,7.37286346670873,7.77772701745442,7.78434487800204,7.9711801799876,7.42529865342838
"NHLRC3",9.89010903516273,9.8331982120065,9.68972591403338,9.66666162928786,9.71998200957284,9.50649694858449
"ZDHHC11",7.673401304741,7.58935303296618,7.75301579166825,7.81852466873386,7.94548833548063,7.68490726420632
"FAM26F",5.49214979402744,5.7368316223205,4.63910910251109,4.91404266993799,5.49165273270531,4.58127373257168
"LINC00910",5.22411723473243,5.69527237656877,5.33538540566403,5.61949520913034,5.46935070319513,5.67858866699434
"SLX4",9.22412867730333,9.19059470241305,9.36106655455054,8.98980225168197,9.34827886632959,8.70145951293704
"RPL14",11.4627074070109,11.3907449094631,11.459855886835,11.9118448825981,11.8095421668571,12.0664765770488
"BEND4",8.29893292653589,8.17456027369429,8.37031995901842,7.5073267853116,8.9919939082137,6.48070743372353
"RPSAP47",6.12819034179057,6.14370258404416,6.55665892062138,7.16691083790693,7.22633559280886,7.06680005950331
"FAM78B",6.90898517037246,6.99477456520651,5.60065691610817,5.74594758405598,6.57591271561808,5.18746296578136
"ZNF563",5.87520277529963,5.97458977678836,5.81044805857035,6.22622682849031,6.05777184720114,6.78488350934427
"TMC3",5.6018543074561,5.40267998277688,4.94418431550225,4.71402308857299,4.80549449477315,4.33057497578978
"FBF1",6.96163830026338,6.84436345213363,6.90692282347899,7.42865150172668,7.04805835811577,8.03470212691223
"GPR179",6.14437114006863,6.15796744435664,6.58599920034065,4.99090412180236,5.59610890044655,5.22140032273235
"MSL1",11.2139779297639,11.1842816347565,11.2121846767159,10.9775624927205,11.2332476152377,10.7306067464192
"LRRK2",7.72915364180026,7.58935303296618,7.76542522490381,7.16691083790693,7.36492552916603,7.06007821984279
"FAM196A",7.96658061404491,7.84806640040306,7.79598198249195,7.45669148388178,8.36380483164449,6.15160304901779
"TRMT2B",7.26211718638985,7.24126526423778,7.52347964195245,6.86231554612004,7.05418286515398,7.15762512229537
"PTPLAD2",5.5207400332063,5.62971160557788,4.63910910251109,5.3049269085433,5.42310223496893,6.03906618111504
"C1orf192",6.79714772954774,6.77569217432756,7.3271073717309,9.7198427910529,7.66320747407373,10.9499414293816
"FAM120AOS",8.82786177418644,8.85979076743473,9.05982384137926,9.17866734681172,9.10309721063196,9.61252207666058
"UTS2B",5.40082433975998,5.24729833481842,5.56693702969189,5.54997731954909,5.46935070319513,5.75680447202851
"NOC2L",9.91631307968877,9.66529298692154,9.73580616336313,10.1921115208319,10.2385935165223,9.70496994246723
"MSANTD1",7.31646100731947,6.94126765350759,7.0271704621372,6.29367165290976,6.62713795454819,5.881557447727
"DHFRP1",4.87482195210638,5.13762512309315,5.19204933581343,5.3049269085433,5.17836802896297,5.67858866699434
"NELFB",8.79287503142726,8.3455016641455,8.83859177605447,9.26175051487158,9.20219233311756,8.86525022738942
"HIST1H4D",9.32054217147365,8.62674585515214,9.6636570750972,10.9363999474856,10.5118784019326,10.4118029964021
"LRRC66",6.40461685682177,6.50312951392523,6.25772181162451,6.07923636656541,5.94799804642505,6.5513242749642
"ZNF292",12.640291810324,12.8131960530718,12.4778796847025,12.3336893084633,12.6499444680021,11.9429138370998
"KCTD21",8.33512167246894,8.23798184467487,8.15713539366096,8.22907940417133,8.29951959972912,8.43738870961499
"ADAT2",7.41919597398627,7.46135385014444,7.46357654594288,7.06569315570874,7.00440633308007,7.44076318907934
"FAM35DP",5.74711795931809,5.43072800972915,5.56693702969189,5.58533341826546,5.77775078358577,5.81198514857821
"VHLL",5.54851785949931,5.43072800972915,5.56693702969189,5.39408088420441,5.46935070319513,4.68467332000649
"ZNF567",8.69770916277194,8.68921314870482,8.61497734050846,8.56047120294117,8.51074544955204,8.47998702889976
"NDUFA4",11.4339097870891,11.3816884188431,11.242754955995,11.4118483501519,11.338429489043,11.4353694435344
"ANKDD1B",5.36825224778896,5.48441204341114,5.45827589049947,5.37262261357025,5.57607598002124,5.5258120673756
"ALKBH2",8.04032994299301,7.8066964050237,8.08496485668686,7.86978114618273,7.96799393447305,7.86675109047803
"RNFT1",7.47978252488682,7.46135385014444,7.56679197810507,7.3750425574174,7.31011254539078,7.80868786012119
"RELN",13.0357005701225,13.1264679701529,10.0506378561016,8.76284354155449,11.0296594479665,7.4201057192974
"FAM111B",6.70674692185684,6.62684248559454,7.21295211595265,7.17178260254888,6.18224393265002,7.76454637346845
"H1F0",9.56382858057774,9.31156443897983,9.89271295468413,9.32428453507539,9.42191634181972,10.0754407093799
"LITAF",7.7827951013011,7.83988823707131,7.84354444978498,8.92468750998132,7.47755893523241,9.60689474223469
"TMEM120A",8.19172708519929,7.98405883147454,7.50874119576164,7.56357526806495,8.05161635710236,7.34530990145589
"ARID2",11.0040738637514,11.2315777758825,11.3281713624552,11.3465451934058,11.4258272616167,11.2662199438847
"SF3B3",12.020481111724,12.0863027551741,12.0207573712935,12.099171056348,12.0140823232397,12.3477728620817
"IL1RAPL2",6.09517066737624,6.14370258404416,5.19204933581343,6.5090360851835,6.80708020734672,5.3153992589889
"BLOC1S3",7.00402004987821,6.92558771782441,6.49593802186075,6.65890241898307,6.74718918806888,6.36135507851925
"SP6",5.26254826080776,5.24729833481842,5.45827589049947,4.99090412180236,5.26812364332126,4.88837907797739
"ANKRD34B",6.06122660456922,6.00716920758814,5.78285907365734,4.91404266993799,5.51344929562775,4.76371589021208
"PLAC9",4.33057497578978,4.33057497578978,4.33057497578978,4.99090412180236,4.33057497578978,5.73777627602365
"UBE2Q2P1",7.87092537703759,8.05630930338481,8.01414446739986,7.43269165182521,7.92591053402303,7.37785530753697
"ZNF573",8.78102087150105,8.94374315041009,8.66520786575491,8.4144837626517,8.69481210717466,8.08764021415036
"FAM47E",6.32368052195683,6.47028950760066,6.69726825935597,7.3149188509121,6.8503189605295,8.28454230082659
"HN1",12.6761816800931,12.4567594725801,12.410202530592,12.460849608491,12.8140831713112,11.5197940777572
"ZNF527",9.3400423881218,9.25005250329355,8.94264728331416,8.88735807625832,9.18727921018487,8.55689254420254
"S100A13",5.74711795931809,6.02312871455732,5.98677983682015,7.16202190379093,6.14621490998224,7.23100224333004
"ZNF33A",11.447819373862,11.547849280205,11.3960103643971,11.1368910299922,11.2421206063838,11.0150872300575
"PCDH18",10.3195271549965,10.340052051161,11.3004336069258,11.5739896620159,11.1040116047215,11.2540377453093
"ZNF600",5.22411723473243,5.28072429172865,5.3782345210694,5.6525587184268,5.55563637036578,6.25468438971641
"BTBD8",6.37820212442732,6.24026434647469,6.41583398350578,6.68694592364447,6.50436191355333,7.00508864209275
"DPY19L2P1",7.36233757036877,7.50878465907413,7.4247982507733,5.80400878913798,6.55838671547071,5.571858798105
"MAOA",9.33032529086652,9.27888511320198,8.29564766292227,10.0462298420002,9.41029107734346,10.0557541601154
"PAX8-AS1",6.20704769793219,6.02312871455732,5.0153475618871,5.02596345433389,4.74232802187034,4.88837907797739
"C15orf61",7.46787238298213,7.49838179734488,7.11828713660677,6.98458762895756,7.58601778618675,5.93108273336772
"TSPYL1",11.5179207422474,11.4076598846995,11.2350346838476,11.4538788899682,11.6788919294844,11.509884000741
"PNRC2",10.4567542192391,10.5399301198918,10.6842547842496,11.2987621204687,10.8023487482076,11.8759879767106
"C22orf43",6.40461685682177,6.64638115531134,6.61470214021762,5.93722994218226,6.24005731496927,6.12443048056718
"FHIT",6.28119912210877,6.32990443424444,6.54174004934149,6.07923636656541,6.15834206985003,6.52152479638696
"FAM150B",6.64290506183329,6.70333499340347,5.13786241172375,5.3049269085433,5.77775078358577,5.11466593771837
"ZKSCAN3",8.74241654982002,8.78552584720267,8.87317169905804,8.58401932575976,8.72895357797466,8.41947342036659
"RRP7A",10.3276840785202,10.1163667392551,10.0767959241356,10.0764835951394,10.085558896615,9.83579827276721
"LIN54",9.36405206060116,9.46995602440841,9.3651177511977,9.42082032205995,9.43229944790775,9.24178192906478
"FAM53B",8.71775112588941,8.55150198525258,9.20706837381123,9.37491681403765,9.40795472109551,8.90435739993932
"KAZN",10.3244268440034,10.3058356263132,10.5060023096135,10.2292545089226,10.1802723253401,10.8970030472078
"SLC35E2B",10.7419504934738,10.6461535805017,10.663038615119,11.5649400938339,11.7637223917198,11.1461119600998
"RPS2P46",10.0024114438115,9.73700755120348,10.2791587353492,10.4857680252331,10.4536443662088,10.4252886541095
"FAM179A",5.0958257135656,5.43072800972915,5.56693702969189,6.49306630528759,5.51344929562775,7.64998695820449
"TMEM194B",6.04388889103782,6.34220771365591,6.97381680886921,6.66596874216255,6.18224393265002,7.21903860434312
"ALG1L",4.60390596466056,4.90491546544878,4.7660846074949,5.39408088420441,5.29596108369109,5.15195654074678
"KIAA0408",8.06408889101343,8.23798184467487,8.41802230083098,7.16691083790693,7.86893076154135,7.3724833288726
"GSPT2",9.61273356876648,9.72493284573832,9.34474682174218,9.70919805308602,9.91185913559313,9.57727294756651
"C8orf76",6.49303627369584,6.65604391987176,6.71054607635312,6.35770001541804,6.32734927396785,6.6642196588643
"HMGB1",12.5582857271985,12.6341271505319,12.2817393690338,12.9314193441167,12.7714783482591,12.788050620787
"SH2D5",7.59365102268043,7.43429514159085,7.24908276591028,6.50107558601883,7.02951969692029,5.77550668699715
"USP32P3",8.2376665973062,8.36266177971322,8.43743883491317,7.47246663132317,7.76612407715919,6.58046374046774
"RASSF10",5.14109345202186,4.90491546544878,5.7255112363932,5.87256822454692,5.79433681434327,6.02423069666386
"OR2L13",6.04388889103782,6.32990443424444,5.3782345210694,5.60255728389094,5.87375914045291,4.94087121374919
"BLOC1S2",10.0807630510557,10.045772115206,9.89130974656769,9.95354437119301,10.108748988898,9.67193672979951
"SYCP2",7.46787238298213,7.67941399406605,6.84855731667408,6.81899045926147,7.4456304628159,5.75680447202851
"ZNF724P",8.144261606223,8.42387953790099,8.36221278826824,8.51971818676835,8.06657780568588,8.4246149719629
"IL1RAP",7.12385340854776,7.20310972633089,7.43264003745993,7.59268147982136,7.72130380530875,7.06007821984279
"PTPRT",4.7165496130104,4.77662214806139,4.33057497578978,6.50107558601883,5.67254547946021,7.56811129503746
"PAX5",4.87482195210638,4.84495094307666,5.19204933581343,5.39408088420441,5.03903521958369,4.88837907797739
"SPOCK3",9.59391171840989,9.5493046674244,9.26025258226211,9.25275234522177,9.44146645132514,8.19702112538478
"ZNF676",4.33057497578978,4.33057497578978,4.33057497578978,5.49445599134623,5.7264309006772,5.5258120673756
"ZNF699",8.74241654982002,8.77490088306464,8.74831617567287,8.49889901448186,8.78591485054971,7.92981055186659
"TDRD7",7.89765744756007,7.89222397711092,6.399200953035,7.09170070117212,7.24243215644684,6.11061427847656
"C16orf93",6.75771729922596,6.67516177549202,6.74960856768488,7.85489669964497,7.39394288903325,8.14181492784617
"KIAA0895L",10.9347526719196,10.6766666629762,10.4132558555184,10.5813244719575,11.0931546712506,9.41670319150704
"MYT1",9.63131270606809,9.48695966331928,9.70258558471715,9.81761050338189,10.3103595679851,8.01090906400809
"AKR1C3",5.72424503540458,5.97458977678836,7.04794528740955,5.61949520913034,6.30608491752984,5.61588662529712
"SPATS2L",10.3772524414271,10.4013229741359,10.7979207388197,10.3352661683514,10.6712437821947,10.4399153841905
"ZNF250",10.8122260329297,10.7815649892943,10.5749079857805,10.6393857933043,10.7996798380496,9.90437025692039
"WDSUB1",7.97914030923466,8.02424894756152,7.76542522490381,7.61057272001959,7.69835056214515,7.60508765235972
"ZNF79",8.27202685849682,8.26258314695662,8.48299253765297,8.34190133605847,8.33695871293833,8.5117289367599
"S100A4",4.60390596466056,4.33057497578978,5.53204272811162,4.95373220111794,5.07654591073903,5.47749470033185
"PLEKHG4",4.7165496130104,4.77662214806139,5.19204933581343,5.37262261357025,5.17836802896297,4.94087121374919
"FAT4",12.3219750198728,12.4771790785752,13.0514721011756,13.3874724176064,13.1851255688415,13.4363765202655
"KIF19",5.04742567774093,4.77662214806139,4.94418431550225,5.80400878913798,4.95674843757777,5.91480976668293
"ZNF681",9.28409104649794,9.56909147678651,9.29039286680889,9.34136054605124,9.46300706306253,8.95134681958924
"HIST1H4A",7.58266920398658,7.06776813917055,7.7715894574761,8.96933952878185,7.75134088524586,8.39348518624799
"ACADSB",9.82359006167544,9.91759411911414,9.53654576285002,9.28620935273799,9.33358099775476,9.49435534353858
"STK40",9.32869938005294,9.01766886113101,9.12341526183461,9.12172483349431,9.43689024287358,8.7266270537123
"TMEM63A",6.2520628250378,6.40200899166213,6.91830170473145,7.48418291916187,6.31676160488645,8.42717884553343
"SEMA4A",8.81396913356261,8.66869125972853,8.34174173769797,7.45669148388178,8.47316002370718,6.71726694632154
"MPHOSPH8",10.1431067925433,10.1908641833179,10.0124261434793,10.120397252195,10.4233321331666,10.1148182108349
"RNF216P1",9.43980557591928,9.43668154328554,9.13295382899122,9.17390793758876,9.40561456845809,8.95844157919663
"EEF1A1P5",9.36405206060116,9.46600343739296,9.4872250638378,10.1259474771417,9.76630212180143,10.3665835089604
"GREB1",9.55273161675383,9.48435674816056,10.2256119665688,8.97071280607936,9.33481156665159,7.37785530753697
"ZNF766",9.21535503002207,9.25922007618236,9.26676454762241,9.38318510895374,9.20488728664812,9.29876142714904
"RYR1",6.63196100526831,6.40200899166213,6.05488661074004,5.92458453824114,6.35859427178238,5.5258120673756
"SRGAP3",12.3685672544143,12.4990863307912,12.8591510877234,12.3610013726725,12.2256955297661,12.8191465603296
"HIST1H2BB",6.19167384472197,6.11466471136286,4.7660846074949,9.38215416456074,8.08726367540621,8.98300116003085
"FAM217B",9.93138163315227,9.88245133855313,9.34474682174218,9.41074523983173,9.77357710807641,8.95667116829504
"TUBB",15.2290619121912,15.0596673889274,14.6474857926926,15.2391561717842,15.4003267762062,14.5306877470521
"LCOR",11.4638178397351,11.5412948995829,11.7778723049959,11.5157711700885,11.5540801939222,10.8572872471212
"SUPT5H",10.7462162997318,10.466041838035,10.5169597994044,10.7525260596063,10.9687942534619,10.4743023071088
"XPNPEP3",8.64634506583055,8.73379375907277,8.65861115442126,8.91473224694562,8.70246955679619,9.61812751773036
"ZNF107",8.70274593815867,8.72939745994245,8.67177440372227,8.65414218569472,8.36863232350315,8.7390473432905
"PPIA",13.1939571434395,13.2026139110416,12.8805156492057,13.3396581860331,13.1851255688415,13.2212708157465
"ZNF471",9.89450959117179,9.9443470789281,9.87578362032753,9.533742871474,9.68857431382999,9.54937840727977
"ZNF836",9.31398296671504,9.51783320618789,8.46418745624302,8.7548905384873,9.13029141831288,8.1635382126702
"ZNF493",10.2491237501421,10.3678407133487,10.2909109548261,9.82672920228231,10.1491543915192,9.77287349535625
"GTF2IRD2",8.34160426329624,8.37116533063057,8.00373387735555,8.31830835495262,8.11054322171175,8.462599597548
"GRM7",10.4956438727499,10.4758968546978,8.19874965625953,8.26768378360386,9.29237070313745,9.3168045603799
"SUPT3H",8.42025359754767,8.64086428542929,8.46796826016975,8.35460821242429,8.5892953404146,8.70989779567285
"NIF3L1",8.67225680584524,8.87777248379803,8.83274669203781,8.9373866741555,8.66963954531538,9.03928430964639
"ATP2A1",5.6018543074561,5.51016048524524,5.45827589049947,5.3280834021818,4.91093888395682,5.571858798105
"IARS",11.9020508856944,11.9630499213381,11.8406271376955,12.0461814154596,12.009855377062,12.0345753623121
"HIATL2",7.90206434329552,8.19388397067824,7.70870670740222,7.94757108047335,7.9711801799876,8.16045503996907
"POM121",9.18870857221074,9.48305352460337,9.50017495057922,8.88444602720444,8.87666626836688,8.69722170369532
"ZBTB44",10.9088931381249,11.0026242796822,11.0786739779983,10.9116263455818,11.0220471780976,10.7572548841912
"HIST1H2BO",7.32972286304845,7.11665715258327,9.29677021609139,9.54483948786565,8.14194509234496,8.75340322740948
"STK31",6.75771729922596,6.87743702785821,6.62882379950556,6.22622682849031,6.70045381273315,5.5258120673756
"NLGN3",10.0416236119212,9.98172432421675,9.88568321377485,9.75211117196943,10.0782348233374,9.58873813311229
"ZKSCAN7",8.95776370220868,8.88173805488778,8.45278483601261,8.75169696722551,9.05161607982029,8.33732495453085
"CPNE4",8.31878558396344,8.40468346190297,8.79716793330851,7.53385572028899,8.00265669129451,6.98388687580245
"ZNF565",8.31219858346385,8.29573358513945,8.05504282183853,8.14859490983899,8.17543212017706,7.64112048431256
"NTNG2",6.09517066737624,5.81547244195914,6.61470214021762,7.54879380865966,7.47304188353518,7.28932599176162
"ELAVL3",9.8270474964369,9.85954196246579,9.73580616336313,9.58122279321265,10.271074028478,8.18189881272664
"WDR5",9.30077422707913,9.09823652986495,9.17048814048953,9.31566998225036,9.37961874324953,9.12057439162789
"LONP1",9.2621098081606,8.77490088306464,9.26676454762241,9.5485194464961,9.7762957878254,9.32368446206031
"C9orf163",5.46268370782665,5.37374005388151,5.63329680407505,5.28112095084593,5.49165273270531,6.02423069666386
"TRRAP",11.3051860762119,11.2573254032492,11.8733204972644,11.2608761755191,11.2917118912193,11.3684754662214
"NUDT11",10.4641726096093,10.3407713113736,10.0252762479025,10.1142051721946,10.4140546393735,9.17333976575705
"SRGAP2B",8.84845211348478,8.75773577960887,8.44129076856599,8.84753871941577,8.66376727607359,9.57842358065742
"FUT4",6.75771729922596,6.70333499340347,6.84855731667408,6.45226469243349,6.66836552419538,7.17633604835938
"ASB13",8.09131659757039,7.9350516390946,7.64290155373675,8.49889901448186,8.2636699680789,8.16968466716145
"HIST1H2BM",5.5207400332063,5.55970553524277,5.19204933581343,8.7848805302984,7.60262243590723,8.29300692357761
"SLC35F1",12.101429133542,12.0869458123792,11.5031993255097,11.6525512109116,11.6493044587479,11.0552875994605
"ZNF34",8.42636288355448,8.43202834479863,8.4297037653274,8.11408950136746,8.34677927873071,7.69778336659097
"ZNF781",7.96658061404491,8.0876648197721,7.80201515746545,7.94757108047335,7.80600096679389,7.53013951862878
"ZNF140",9.58168080751203,9.54056173958956,9.42455659280358,9.30046936813477,9.33849697587482,9.30155205388068
"INCA1",5.04742567774093,5.13762512309315,4.63910910251109,5.23135019106063,5.11210946503177,5.7938961322474
"ZNF774",7.72915364180026,8.05630930338481,7.65630972635039,7.21015328943332,7.59434452332097,6.99805770896564
"PTPN1",9.53027791163702,9.51655993350031,9.59461993227118,9.64963179121211,9.70293545476043,9.20200491408147
"OR10D1P",4.7165496130104,5.00838899562681,4.63910910251109,4.33057497578978,4.86095996838829,4.83010453277739
"EVL",11.820315418382,11.6013410853346,11.8307826450241,11.6297324953192,12.0754923589476,10.467490206104
"NOXO1",5.62750733317344,5.13762512309315,5.2426758087291,5.37262261357025,5.23931319139556,4.58127373257168
"ZNF658",9.06717462180755,9.1484500301391,8.5839729087344,8.75648466552255,8.64997117320766,8.81335355191056
"EPHB4",7.01234157832621,6.61696431031565,7.35217632584177,8.89750404199127,7.83431448138079,9.17028890144541
"ZNF765",8.37989528015012,8.52128187610374,8.68481806014692,8.9925087478252,8.4997928231422,9.22864467878167
"ZNF124",11.1579059526652,11.1962518450544,11.480058384322,11.8813686878977,12.1785436038041,10.2128782715135
"XRCC6",11.9015046441294,11.8483887087545,11.8864043944965,12.3308894096929,12.0910361871196,12.4449034516757
"LINC00176",6.58725916525107,6.48132831963925,6.46448655819503,6.32150807584472,6.64378255741951,5.9629602809734
"PPP1R26",9.77309984798789,9.36773350774306,9.43229960109338,9.53467086120084,9.90276542120911,9.04928513728784
"TSC22D2",10.3772524414271,10.3536570218461,10.6671429592272,9.92552600529836,10.0174972230689,10.2039632855893
"ASMT",4.7165496130104,5.09718127405855,4.94418431550225,5.05921631031587,4.80549449477315,4.33057497578978
"NPIPB15",6.14437114006863,6.09988234759329,5.81044805857035,5.85918570565528,6.01778816310778,5.93108273336772
"ZNF569",9.00334769545298,9.13523015950479,8.87032160339421,8.58939905639909,8.93142169149292,8.41689570901026
"ARMCX4",9.73434331065721,9.80323531940577,9.76980633583299,8.70457402807259,9.36162137754763,8.88772728677559
"YRDC",8.05225889084432,7.84806640040306,7.73419557219369,7.77487844920169,7.83080600963922,7.84765914901282
"ZNF777",8.08359012627474,8.08075623765708,7.94507471577092,7.90488060656855,8.33202305094227,7.76454637346845
"PIK3R4",9.58304493649844,9.64911805360417,9.73110699713074,9.85076739543653,9.63465725623364,9.91988142197902
"ZNF775",8.601192303016,8.51618269687899,8.32931711803172,8.59832069251482,8.93304882582425,8.05478485436105
"ZNF605",10.4402981757554,10.6108129904707,10.508749497142,10.0501275589323,10.1533424585061,9.80958612553072
"TRAPPC2",9.29578954005081,9.29680208820784,9.118622161933,9.27514318540875,9.40327060705173,8.79958722914079
"MYL6B",10.5461503249251,10.2294388434311,10.6322979154888,10.534801161294,10.6307720714087,10.1859662255897
"ZNF799",7.26902704649298,7.44518124642502,7.09855240093192,7.2748558624593,7.06028027309134,7.12586780654062
"SIAH1",9.9673339839347,10.0009661688746,9.88427314208673,9.95562395723702,10.008277399086,9.6102737796752
"C20orf96",5.97189916146181,6.0388771203416,6.49593802186075,6.56344602671809,6.09646749403237,7.15762512229537
"ESRRG",9.89670484138313,9.90500228228079,8.85021110553315,9.27069279089424,9.43918016460833,8.49960353026931
"IPO4",5.5207400332063,5.45795213323723,5.33538540566403,5.60255728389094,5.53476861827663,5.5258120673756
"NCOR2",8.38617874576254,8.33684385775816,9.26892867330728,8.4124602172064,8.60163747250555,8.67368750799541
"SULT1A1",4.80259831140558,4.69525161239808,4.63910910251109,5.02596345433389,4.74232802187034,6.1912683413666
"PRPF40A",11.3952431036432,11.5475378412063,11.7778723049959,11.5712807474247,11.4312973360868,11.7190587422274
"GDAP2",10.4244129979212,10.5386769256128,10.6255642415145,10.4008272777596,10.3846716848608,10.4656267620961
"TCEAL3",8.18813135604138,7.81506738043907,7.66959197425824,8.16553993551088,8.36138496906497,8.43738870961499
"ANAPC7",9.8143294807949,9.84338748540136,9.92872498735089,9.88245006887978,9.75807362371451,9.84634211268774
"TPK1",7.02061302111871,7.16387706458242,6.78756865288512,6.61569797312695,7.00440633308007,6.25468438971641
"SLC6A9",8.0758215895408,7.95031121423043,8.02961915669745,7.91352177677454,8.53669540293574,7.54449906108898
"AFAP1",11.6418117309283,11.5135003787165,11.7178128124415,11.6197166106946,11.8106471297784,10.7663657102351
"NACA",12.28664362367,12.2497096505842,12.4785803725251,12.6132532809221,12.410202162622,12.6881321562094
"HIST1H3C",6.22223378738274,5.83429039028268,4.94418431550225,9.79610645886461,8.41136279154798,9.26341438135149
"MYO18A",10.5043053501926,10.2114608129403,10.387614535839,10.3890800260428,10.8564285830695,9.62148034432844
"SPTSSB",6.71709701753066,6.63664771748306,6.46448655819503,6.79359655144538,6.60177306867266,5.77550668699715
"C17orf59",6.79714772954774,6.54567163620786,6.86043252493434,7.11722758116921,7.44100945016814,6.16496703674859
"MAN2A2",10.339026804978,9.95284185904508,10.046861941335,10.266581716299,10.494378691171,9.70812688163029
"MME",5.9903111609895,5.85279833732561,5.78285907365734,5.20526093226038,5.74380775294986,4.94087121374919
"FAM72A",5.3344412562722,5.55970553524277,5.3782345210694,5.85918570565528,5.61575483702208,5.881557447727
"CACNA1H",9.05148142646217,8.56884075769906,9.0548137635453,8.71609089365722,9.3772320506729,6.99805770896564
"LINC00610",6.59857684600822,6.76685754580122,6.16047993900056,6.55580973262763,6.47648978420022,5.9629602809734
"SULF2",10.5902093714827,10.434045437827,10.3297526327999,9.87514390824876,10.9118529093173,10.5979697687535
"LAMA2",9.48136902900383,9.49085523804864,8.27851112581537,10.5799773453362,9.60437477464621,12.2172955690942
"PLXNB2",9.98188115960508,9.48174912088029,10.6745014726408,10.9008774329527,10.4093934136579,11.2005239691805
"AJAP1",5.67698376420325,5.67386991742712,4.33057497578978,8.3139766266993,8.63604119052241,8.90619337077487
"XRCC2",7.30307208814694,7.57953014147469,7.67618662531909,8.00526570963986,7.1139774433399,8.35629081786045
"MYO6",10.3154313246061,10.4752419446771,10.8348755817422,10.1606112678046,10.1809562638924,10.2907257919691
"MKL1",9.23978772733347,9.07419006118042,9.24053805560563,8.90614395165815,9.13736318391428,8.58470123776043
"HDAC2",11.7691343587596,11.8639803098763,11.7351176314117,11.9569904060955,12.0448323977954,11.5637109028587
"ANKRD20A19P",4.93817568778476,4.84495094307666,4.33057497578978,4.33057497578978,4.56883750728876,4.68467332000649
"ZNF782",8.95143422706149,9.14680417259033,8.97483957696695,8.74849627992998,9.01521890322333,8.27887126887831
"POTEF",10.1244978078857,10.3692514395134,10.2716298693288,5.56781120866857,4.66714835127326,7.09992669845435
"ZNF846",8.15535599076309,8.40192004734629,8.34585943003566,8.17752163690822,8.05161635710236,8.65195278153725
"MMP1",4.93817568778476,4.77662214806139,4.33057497578978,4.33057497578978,4.33057497578978,4.58127373257168
"ADH1B",5.97189916146181,6.05442078166421,5.29031095099465,5.73093733123111,5.49165273270531,5.40006335275449
"RIMBP3",5.87520277529963,6.0388771203416,6.00991838444328,5.84564325546448,6.31676160488645,5.54910236469605
"TCF4",11.2969021043913,11.4535942315113,12.1054564272304,11.9118448825981,11.4034442237312,11.9842764870291
"WNK3",12.1308546515073,12.2747609719097,11.9843823837033,11.9276393554774,12.1340416285136,11.3328063325462
"ACN9",7.0771618631557,7.06776813917055,7.24013763794434,7.14229192927363,7.17129355743574,7.46616498671517
"HRH1",5.72424503540458,5.58358169504195,5.2426758087291,5.17826991240815,5.84266003333913,5.11466593771837
"RABL6",8.98899981603422,8.49300929790695,8.97483957696695,9.18459456035691,9.24994596917671,8.72037639674823
"ZNF136",9.24496978420086,9.25922007618236,8.92353013357852,9.11304789665579,9.02745391118211,8.77768436969042
"GOLGA6L20",6.17610689899361,6.0388771203416,6.14008014374634,6.03376044615837,5.84266003333913,6.16496703674859
"ZKSCAN5",10.2755078438786,10.209886860471,10.2043018834589,10.4008272777596,10.297803378831,10.2392972009987
"ZNF502",8.64372798036399,8.87975663685593,8.23474953725857,8.53467178538634,8.66768478986377,8.25017389671768
"TRAPPC4",9.68184023723772,9.59103155520398,9.38918847095614,9.62457542044372,9.80941117709474,9.51853706914684
"TTC30B",8.04431735647471,8.37398866355746,8.3334706512509,8.76759429417921,8.33449300910272,9.41154664392642
"SLC30A10",7.94112393594457,8.06683790162421,7.72150846225944,6.8252651653982,7.83080600963922,6.12443048056718
"TECPR2",9.61939651093801,9.40675026593627,9.62364758391196,9.58391485618546,9.74517961568312,9.48702095092543
"LINC00173",6.04388889103782,5.79633174395148,5.93909051704448,5.63615875497389,6.09646749403237,5.47749470033185
"ZFP62",10.1760094233261,10.2090992394635,10.1560470015034,10.4079312064104,10.400612797139,10.2180533379401
"ERI2",8.72766818498407,8.79396960417558,8.87601615466618,8.88735807625832,8.79489427307196,8.81335355191056
"TOMM7",9.98704120676161,9.95566236433088,10.100060609202,10.3558792333017,10.2227391010437,10.6365749240079
"TRPV1",5.62750733317344,5.24729833481842,5.60065691610817,5.17826991240815,5.51344929562775,5.571858798105
"ZNF33B",10.6037062826998,10.7231908541142,10.508749497142,10.4424410909,10.5075233418331,10.4001426286901
"PDXDC2P",6.85421751109717,7.039033598319,6.90692282347899,6.55580973262763,6.66836552419538,6.75149995617342
"ZNF512B",10.1651250950847,9.61264252636492,9.70418500432671,9.69349753386228,10.2774832466578,8.9280440644363
"AMZ2",10.0759283377074,10.091793509789,10.0137163205969,9.97557344742105,9.89110800459685,10.2879162643901
"ZNF431",9.51891843862347,9.77902061997709,9.54906166329671,9.61407844575712,9.58796004234247,9.62482538688536
"NF1",12.6056676217717,12.7648540523877,12.9464931333924,12.2845091595455,12.3243046153782,12.3984581352479
"VKORC1L1",10.5847750401543,10.5604521355579,10.3695919353632,10.0133324062084,10.2742821985886,9.53285362376619
"ZNF418",9.87125532434756,9.84237179343631,9.47790334252625,9.48656422788139,10.0289396965644,9.17942216068995
"DAPK1",11.2747166926645,11.2675727752907,11.0468987450767,11.1094553627694,11.3442405336609,10.467490206104
"COL27A1",7.89765744756007,7.77700297935607,8.09480102749024,9.09049249538816,7.59848954611405,10.2429285093981
"CXorf24",6.44325127059483,6.68461897403412,6.55665892062138,6.78717281962596,6.76996117782249,6.95509811538612
"GM2A",8.82555564119064,8.63852083669891,8.88168823501977,9.08416384055745,8.67548789320358,9.68053419271904
"HIST1H2AI",7.3751736125526,6.90172495385375,8.60128022869596,9.29609669525902,7.63525730672253,8.30421575342815
"SNHG17",7.62073759712291,7.59910803920834,8.02447956926086,7.35386512212328,7.6432996066977,7.45605930274817
"ZNF700",8.59578559098937,8.7834071312589,8.39038934388409,8.44647776460547,8.43686196165172,8.37766287611289
"POU3F4",6.22223378738274,6.0388771203416,7.05821634900997,5.02596345433389,5.63503194179442,4.33057497578978
"ANKRD20A1",5.43226952355336,5.31286008562374,5.56693702969189,5.49445599134623,5.51344929562775,5.03357482878391
"CD47",11.5017937453448,11.5099881046344,11.2672939190438,11.1781292352193,10.7894030190331,12.2855937406585
"TLE1",11.0172445771122,10.914554644948,10.3369848044841,10.7001683808241,10.867090399446,10.0027603361592
"MAML3",9.80967678093453,9.80948585306356,9.72481751038521,9.69100279186113,10.0767655331693,8.77366590609715
"HIST1H2AG",7.90645762791727,7.47203311609823,9.89970857778246,9.8618987611089,8.68131251477216,9.20647925499943
"STRN3",10.421367309399,10.6030403685205,10.4422863320026,10.5226982831243,10.4722011384064,10.4736843531659
"ZNF239",8.42331149666572,8.46681400830921,8.24360963406932,7.94757108047335,7.99641677579841,7.54449906108898
"CTBP1-AS2",8.54898683365936,8.69373400747699,8.69129571949293,8.67115039189151,8.83549185548443,8.40653823339341
"ZSCAN16",8.23418472593573,8.34262154231532,8.32097371919403,8.37137718051461,8.48653826724274,8.06141674089896
"MVB12B",11.1297306525266,11.0098770681253,11.2366925098195,11.0919211131919,11.4771132697638,10.2032178759915
"C6orf106",10.2704387816257,10.1715871744359,10.0854108629669,10.0617578778728,10.1870971552624,10.3672490937913
"POTEI",5.04742567774093,5.2124335202594,5.13786241172375,5.49445599134623,4.33057497578978,6.71726694632154
"ADA",6.06122660456922,5.87100821421757,5.93909051704448,6.97900650440671,6.37900788898933,6.44923337026561
"ARID5A",5.76951971169128,5.51016048524524,6.46448655819503,6.33065288233021,6.05777184720114,6.13809210754304
"PATE2",5.14109345202186,5.05426032044833,4.63910910251109,4.91404266993799,4.99924798284876,4.33057497578978
"PPTC7",8.74485995418759,8.78552584720267,8.63528097193548,8.41043380959953,8.5259399289731,8.16045503996907
"NHLRC2",9.9494698912264,10.1788462890315,10.3328565775037,10.3111098448191,9.98653235487715,10.6768604242277
"ZFP28",9.95790410663788,9.95847736170324,9.66858104235656,9.41679874300645,9.76082167995975,8.97252694224018
"KIAA1211L",5.22411723473243,5.37374005388151,5.2426758087291,5.17826991240815,5.03903521958369,5.77550668699715
"CBWD3",6.84487119178406,7.08893281579373,6.76238112537073,6.59355663474754,6.64378255741951,6.48070743372353
"SCN8A",10.6493242944037,10.8145564764648,10.5475613927228,10.2799191868826,10.5047947355467,9.35625798313379
"LAMB3",6.32368052195683,6.06976574579927,5.93909051704448,6.12306193840807,6.15834206985003,5.07532107295397
"HIST3H2BB",7.68882550855379,7.039033598319,7.86674150542615,8.19648579991439,8.27142801894521,7.03971372253163
"KPNA5",11.5179207422474,11.6076288249362,11.1883958928406,11.2291469967275,11.5614507394492,10.7475750526818
"ANKRD36B",11.4133655202117,11.6494415341082,11.4851813373146,9.58122279321265,10.061246898177,9.17028890144541
"ARHGEF12",13.6810892385076,13.7736589564643,13.6391280613671,13.3037312618995,13.677945195694,12.9519456942253
"ZNF252P",10.6197375945016,10.7618313524678,10.5879563371494,10.6569543610727,10.5875853161315,10.6784701229368
"PDLIM7",6.92676259669851,6.65604391987176,7.3438698231556,8.17274100746512,7.29991146090615,8.60747038819856
"FLNA",11.3909686060325,10.7942223174082,12.4148470042319,13.2824279069641,12.2046676623141,13.7178552745835
"TMEM26",5.93418371095413,5.67386991742712,5.2426758087291,5.51331587387945,5.39908280147121,6.17818765351574
"RIMBP3B",5.14109345202186,5.17594971784969,5.07933519419276,4.82464481268825,4.99924798284876,4.83010453277739
"SRGAP1",10.2712848638097,10.5018523264496,10.9011903989766,10.0370939772658,10.285136892559,10.777423570293
"FAM3C",10.2266167118091,10.3472285598307,9.98769080486723,9.79300809192262,10.0485606821669,9.90253439152294
"NOP9",9.79915296176499,9.65491568150077,9.44766184351431,9.84853076892577,9.90027532791446,9.9811790010259
"SLC39A10",11.5593725086801,11.6159700714884,11.537229248709,11.3494467884975,11.4625648921482,11.2428400627499
"AP2A1",10.0603473922301,9.64212996644654,10.0265549809343,10.0278998478014,10.232008682835,9.60237699601599
"PCDHB16",7.60996522475048,7.73347562606748,7.78992305097672,6.90430184754237,6.91270089209392,6.22970329815221
"HIST1H3E",8.57670003068496,7.98775968103525,9.47228121491397,10.1636125640592,9.28474952460057,9.85206095247731
"ZNF585A",9.03162107719828,9.20490038255927,9.19117879616763,8.68628738323734,8.88004481545068,8.06801793626152
"FUT11",8.82324580138695,8.76419675287601,8.30413957857438,8.71609089365722,9.12318472731536,9.09987679915929
"LINC00087",8.19172708519929,7.97662816360005,7.30158068721242,7.61412392885074,8.07547992783212,7.52532030003391
"ANXA4",6.87271940713298,6.73092761276427,6.78756865288512,7.11722758116921,6.9059090040073,7.88932800041491
"LAGE3",7.28274489527678,7.00968649119216,7.38491811861045,7.39590461736391,7.27928293246356,7.3724833288726
"WDR5B",7.89765744756007,8.1516805943671,7.95592129618506,8.28328174582559,8.19732855478766,8.53804933581426
"NPIPB9",4.80259831140558,4.77662214806139,4.33057497578978,5.12120644125242,5.23931319139556,5.63720988468804
"WDR45",7.95814552402036,7.93888189586916,7.77772701745442,8.01866490352035,8.12204215059239,8.18493610461721
"METTL9",11.5827299097828,11.5929145720012,11.577033037304,11.6844461729514,11.6291533681498,11.4586616098501
"ZNF138",9.85328250341944,9.87849316542695,9.80600488423103,9.30046936813477,9.45849889150967,9.00029043092283
"ZNF429",8.91286086175524,8.941845427525,8.47925120479722,8.67284018235232,8.72519991723393,8.51414176231219
"ZNF470",9.64051320033425,9.72272653330518,9.84422044190428,9.27847197614137,9.50623773955027,9.37492438869246
"SERTAD1",5.57553933579376,5.53524434648493,6.20029399103025,6.52481329577584,5.97641267591333,6.96235222053922
"ZNF100",8.47726641310471,8.57865534434949,8.92901816256516,8.67284018235232,8.12490246952845,8.87090252926426
"CXorf40B",8.22719544304341,7.94651162791852,8.01414446739986,8.08892197206771,8.31711312572518,8.09088451846267
"ZNF398",10.2771935789949,10.3153812582243,10.100060609202,10.0559544465079,10.2240669811155,9.73416917255546
"ZSCAN25",9.19407747491802,9.10163916561853,9.07475023047096,9.20573266569056,9.0665139084981,9.17638417640136
"ANXA6",10.6473706193087,10.6102165814162,10.7123309165932,12.0581620692147,10.891108626485,13.0220767440097
"ZNF441",9.63657732296281,9.76515190753719,9.25807536473635,9.03775665632753,9.31873155029677,8.76963617057957
"GMFB",11.4883973624318,11.5306194975289,11.5169077760672,11.6012453401618,11.3711533160461,11.6088645843579
"ZNF420",9.54014449831249,9.554276906165,9.60493189632962,9.1940276206181,9.31249879455935,9.00200798154687
"ZNF763",6.36478816236259,6.186010907159,6.14008014374634,6.67999007974596,6.42866709038505,6.38389343266527
"ZMYM1",9.01957190137446,9.07937681733752,9.06232235237928,9.3015604644663,9.03201534082737,9.62705110862998
"HIST1H4C",11.1801466222633,10.8036429486611,11.5844297561977,11.670802906451,11.3681543261135,11.3032048136519
"MAFG",9.29245680169012,8.99405729168664,8.920778243449,8.72263072779628,9.23947011561226,8.44752634496484
"ARRDC1",7.58266920398658,7.25375484327826,7.28429996695587,7.53009632512216,7.77711121507535,7.37785530753697
"KIAA1671",8.28554313971869,8.3455016641455,8.50891201053144,8.92751925551438,8.06657780568588,9.77688781607451
"IGF2R",10.815709498956,10.8145564764648,11.4132162940255,11.0085995224217,10.9102043016614,11.5053568156007
"ZNF300P1",7.19106458252092,7.47203311609823,7.26680255576584,8.08892197206771,8.51944771280452,7.88558998999751
"GAL3ST4",7.69901571886135,7.67941399406605,7.95592129618506,7.61766623238105,7.86893076154135,7.50097370161107
"DYNC1H1",15.0253525529658,14.9963573131414,15.1584476414121,14.8840478351567,15.2348629760326,14.5658597205073
"SLC6A17",9.8247434617234,9.33776114432522,7.41691240853898,7.39590461736391,8.36622061183977,6.06819675099262
"PCBP2",9.97462592186617,10.0694005034163,10.9109144114291,10.4150003109671,9.97158774048586,10.5968352215598
"ZGPAT",6.22223378738274,5.94108086001497,6.03261425473495,6.33065288233021,6.14621490998224,6.05371984338478
"SLC25A29",10.3677906088266,10.1659158201879,10.3856231119781,10.1797124822639,10.5478447734803,9.62927339748932
"PGAP1",12.8976295918453,12.974674791492,12.8041267629089,12.3452313452949,12.5993092586248,11.6111136820342
"SRC",10.2117083079263,10.0342558674327,10.0291090492742,9.9070176017095,10.4513787476036,8.78568773315671
"ZNF682",8.344834584039,8.55150198525258,8.22135559310035,8.21520161482096,8.21084539863548,8.10057341242466
"ZNF772",10.5086166589289,10.6191369234703,10.6179510875721,10.7030587956533,10.8944478259446,10.4348446352538
"ZNF257",4.87482195210638,4.33057497578978,4.7660846074949,5.05921631031587,4.95674843757777,4.58127373257168
"PCNXL3",8.81861495336706,8.47209150018622,9.20706837381123,8.89026423806686,9.03807483320352,8.40653823339341
"ADAM32",7.6314284560604,7.68856882561223,7.48634011036382,6.79998987983057,6.91945913830706,6.71726694632154
"ACSL5",4.7165496130104,4.77662214806139,4.33057497578978,4.33057497578978,4.56883750728876,4.33057497578978
"LRRC8B",10.3669993132276,10.4947610144225,9.96918927943252,9.96666469708992,10.1343996058772,9.16876104058168
"ABCB8",9.00945323917443,8.81278855898003,8.95883351473242,8.96658903364838,9.09875601352361,8.68870837862989
"HIST1H3J",7.41919597398627,7.00968649119216,8.70095774384844,9.3080897351882,8.18642227683518,8.24145119078836
"SND1",11.2848052080623,11.1632950133844,11.3472240905171,11.6877848182821,11.3211647503019,12.1233219877059
"ZNF785",7.59911006013672,7.63746793871332,4.94418431550225,6.35770001541804,7.60674326500401,7.08677126760168
"NEK5",5.67698376420325,5.85279833732561,6.0767532850492,7.81852466873386,5.99036612397887,9.26198228739529
"PSMD12",10.5496413275118,10.6806488584051,10.4220265259559,10.4170137065552,10.5366679417976,10.3315427948304
"GPR123",7.21276396249247,7.26613346708606,7.40100650295854,8.02929430294095,8.36138496906497,7.33981132903799
"PIWIL2",5.9903111609895,6.42517175702489,6.03261425473495,5.43553531135657,5.46935070319513,4.98896808752624
"C20orf112",10.5271514803356,10.5050641589335,10.6297764705792,10.1563989293604,10.5777523717325,9.05591393740348
"C9orf169",5.97189916146181,5.55970553524277,5.78285907365734,5.87256822454692,6.04459192115025,5.42659714675519
"SLC22A4",7.01234157832621,7.07485915820495,6.77503369616368,6.47689875896768,6.8853279124242,6.05371984338478
"ENTPD4",11.2422961364255,11.2226320019162,11.0500450956375,11.0490781095788,11.2525665531227,10.6310435989517
"C1D",7.97914030923466,8.23487670991194,8.06508672927444,8.3588189005965,8.54311018388493,8.52135597552664
"TBC1D9B",10.5820501762708,10.2887908337774,10.340073237276,10.8954727878904,10.9747216381783,10.6497641876387
"HIST1H4J",5.83411797820783,5.77685464919912,6.57141063641404,6.34874784099573,6.40903241569879,6.08250174298976
"FAM110D",4.87482195210638,5.00838899562681,4.94418431550225,4.33057497578978,4.99924798284876,4.58127373257168
"SERPINA1",6.22223378738274,6.53516475243763,6.00991838444328,5.87256822454692,6.32734927396785,5.93108273336772
"KANK2",6.45587737080958,6.2134331229608,6.62882379950556,7.03918568086747,6.3991018748316,7.82440493355072
"EIF4BP6",6.41762377436216,6.64638115531134,6.36527543281753,6.68694592364447,6.74718918806888,6.87265238011493
"GTF2E2",8.3576834732361,8.55895856412948,8.76376155666782,8.57138761546195,8.64997117320766,8.78369106820868
"RAD54B",7.72915364180026,7.74667471801027,8.11427230764804,7.3792398886982,7.51318256092913,7.65439943255611
"ZNF165",7.19833542104688,7.12350224223334,6.57141063641404,6.71441314140921,6.61873678184173,6.61834268185337
"SYNGAP1",9.1922900650272,9.21749826545531,9.32824000418812,8.86389480727961,8.88341544025648,8.29019094304986
"RAMP2-AS1",7.18375548402539,6.94904069284673,7.08857834537339,6.34874784099573,7.17689695338959,5.75680447202851
"FITM2",8.62792446314032,8.60290204661825,8.27419472702668,8.22907940417133,8.50637443319229,8.00058918410891
"BLM",7.18375548402539,7.08893281579373,7.87819958590748,8.27438946005318,7.14865083799489,8.27602730068936
"ZNF720",9.83851274339922,9.90402910797277,9.74981241666393,9.25950623978589,9.46075474106579,9.07235352511377
"DDI2",9.1851181449304,9.19059470241305,9.26459716379155,8.93034543479799,8.90513394041872,9.15493680664389
"SVIL",9.89010903516273,9.81984354420243,10.4773039878705,10.0100009934975,10.2607596524706,9.56803464922468
"C17orf102",4.80259831140558,5.34383018699978,5.0153475618871,5.23135019106063,5.17836802896297,4.58127373257168
"TRIM33",11.9110341375991,12.0405611551467,11.8579642815591,11.8506071477225,11.8614350012163,11.7482172021116
"LRP10",8.41718915815296,8.09454011614963,8.76989350743494,9.31350826657486,8.57476071043855,10.0290801396182
"PELI1",9.67418116518536,9.71053106157512,10.3492990446625,10.200903147486,9.91020999449858,9.763800180464
"ZNF833P",5.74711795931809,5.94108086001497,5.75456202992873,5.39408088420441,5.55563637036578,5.45239055899795
"ZNF655",10.8602452120316,11.0486882631095,11.0297888307115,10.9496723884725,10.6663685839801,11.0700785114858
"MRPL21",8.68249195481236,8.54900782042151,8.50523779269717,8.86389480727961,8.8073719263142,8.56389541627863
"UAP1L1",5.43226952355336,5.31286008562374,5.98677983682015,4.99090412180236,5.39908280147121,5.15195654074678
"FBXL22",5.29925920898593,5.05426032044833,5.2426758087291,5.12120644125242,5.23931319139556,4.98896808752624
"ZNF786",8.40176786248422,8.3908127693027,8.55583946488962,8.31830835495262,8.69673030126211,8.1511653914015
"ZNF517",7.73905881029305,7.6748142741682,7.37680414175874,7.72657456869005,7.97753136679775,7.28360218235551
"ZNF675",9.89999146064264,10.078916949105,9.67348824067804,9.55310621498886,9.67892008397003,9.10946654301902
"SLC22A5",8.21311353050452,8.35696456156378,7.89521540952253,7.92496229926872,8.06359804403511,8.5117289367599
"DACT3",9.04950768501134,8.95883543783139,8.37435639784723,8.25869370048115,8.84070362922729,7.42529865342838
"ADARB1",9.27060389541086,9.2064811610512,9.33031373473615,8.96383326762732,9.06057327763718,8.43229287086765
"ZNF860",6.48076738158518,6.69400971602305,5.63329680407505,5.87256822454692,6.54062432223393,5.15195654074678
"HTT",11.3265043708542,11.258848133551,11.5844297561977,11.0205649493198,11.2732342145482,10.9570321688808
"C5AR1",4.93817568778476,5.48441204341114,5.19204933581343,6.13377621276322,5.20943279770974,6.84927332268354
"DIO3",7.30307208814694,6.55609522107361,7.54530215955348,7.47246663132317,8.13911874261562,5.881557447727
"HIST1H3D",7.90645762791727,7.42882027812935,9.06232235237928,9.46530583518882,8.46417132397453,8.62096045895252
"DCHS2",8.74729920912343,8.81070969432837,8.73270290508688,7.20541450763482,8.14476585961214,6.05371984338478
"VEPH1",8.86426533335222,9.01406144591473,9.74826287174624,8.92326954298752,8.7750649344155,8.97951822356867
"SHPK",5.83411797820783,6.30493497245368,5.7255112363932,6.51694844538658,6.3482640446452,6.5414660432608
"GGT3P",4.33057497578978,5.00838899562681,4.7660846074949,5.37262261357025,4.74232802187034,5.03357482878391
"IPP",8.1845265564615,8.30167927658931,8.52351545556864,8.29651739935661,8.1809377646698,8.97077379830165
"MAP3K5",7.60454807259589,7.57459293577644,6.6427968877454,6.76116760824153,7.13718924578107,6.02423069666386
"OGDHL",9.40319946182807,9.04797201801259,8.61497734050846,8.10407567937615,8.64401772608186,7.01904347123356
"C16orf47",6.37820212442732,7.05347576660264,6.67031052339294,6.03376044615837,6.32734927396785,5.34453517938545
"GSTK1",8.94082279178687,8.91694435555473,8.70095774384844,8.4144837626517,8.63002956351772,9.11582438106304
"HNRNPAB",10.339026804978,10.2954845503764,10.3193576289248,10.8042036306478,10.5730711577181,10.8728364530793
"STMN3",11.3523170133568,11.0389721476145,11.1000824205013,11.2127271067231,11.6657625268252,9.8812521440721
"HIST1H2BH",8.144261606223,7.47203311609823,9.64212327599654,9.85002223884046,8.32707031228796,9.36295236749969
"PDGFA",7.21276396249247,7.13031363970509,6.23887088147353,7.00668785647124,7.6190341013449,6.78488350934427
"COL13A1",5.29925920898593,5.69527237656877,5.56693702969189,5.53181738139766,4.80549449477315,5.37273133131448
"ZNF695",6.75771729922596,6.83596763058775,7.275578697877,6.60835857260747,6.29531752794964,6.40604308854489
"PCDHB11",7.2895535690056,7.64689739282451,8.37031995901842,7.2883383504267,7.13718924578107,6.41697671329194
"ZNF628",5.49214979402744,5.34383018699978,5.7255112363932,5.51331587387945,5.46935070319513,5.03357482878391
"SLC2A10",7.27590283438528,7.27228180361364,7.54530215955348,7.93064825240026,7.18247781860919,9.30433728213604
"ZNF665",6.26671530794524,6.27946357496297,5.2426758087291,6.85007747191337,6.63548630992359,7.09336464344323
"RPF2",8.48898549385237,8.58109853610596,8.46418745624302,8.47777308141497,8.4997928231422,8.75951209785585
"MIB2",7.85282058766129,7.22231829608507,7.74677010774564,7.89909052633311,8.43225937392801,7.491115928106
"MYO5A",13.4822071966498,13.5851179556565,13.3241422622196,12.854224466126,13.3320245833894,11.9661613617643
"C5orf56",5.79147317606317,5.99099191043792,6.09823090651264,5.97436269294477,5.79433681434327,6.61834268185337
"GZMM",4.60390596466056,4.33057497578978,4.63910910251109,4.71402308857299,4.56883750728876,4.58127373257168
"ATG7",8.85072182485831,8.83545975204215,8.82981521066513,8.95692065889233,8.83549185548443,9.17942216068995
"SIPA1L1",10.1065939837402,10.146300050678,10.302568164937,10.5194223869147,9.87935553863125,11.2976299003011
"TTC30A",9.12641860295638,9.16480589922472,9.29464757019393,9.46043031049378,9.13595160831438,9.97157988891
"SSPO",6.44325127059483,6.29226341962715,6.49593802186075,6.92772575729312,6.61873678184173,6.62764561149741
"RAB40C",8.32860959222088,8.0876648197721,8.11909890918212,8.4144837626517,8.74201466907865,7.53494230908478
"PIGN",9.08462723266314,9.12188771346692,9.21382485946965,9.4387797422221,9.02287797049956,9.95661801716464
"COL4A6",6.39147731265288,6.42517175702489,6.58599920034065,9.20922569764196,8.25064563604669,10.2290806137857
"ZNF624",9.71082857973831,9.78643347423102,9.60493189632962,9.41981597959272,9.46750116845804,9.07561901939888
"HHLA3",5.67698376420325,6.00716920758814,6.29459653090917,6.03376044615837,6.37900788898933,6.80939009577328
"TOPORS",9.92386704658279,10.0190559980541,9.54013284390521,9.97420644888953,9.79607759359081,9.90986386521915
"BCO2",7.21276396249247,7.42332398013186,7.24013763794434,6.31229699252743,6.38909414439227,6.5513242749642
"KCNMB2",8.68249195481236,8.51873455296006,8.49415830819509,8.31830835495262,8.60163747250555,8.09412146387491
"ENTPD6",10.8052337594381,10.4732754282339,10.3078359024816,10.2131220556148,10.6377627696053,9.44094778023322
"DMBX1",5.5207400332063,5.71625300812078,4.33057497578978,5.70027502758029,5.55563637036578,5.15195654074678
"ENPP1",6.111792441977,6.39026961629101,6.3126379774091,6.65890241898307,5.87375914045291,6.99805770896564
"CCDC154",5.22411723473243,4.95891832408665,5.33538540566403,5.15028716110163,5.49165273270531,4.94087121374919
"FAR1",11.0555592088644,11.0817582324711,10.8450554964216,10.8466444647577,10.7015842964606,10.9684807896739
"C5orf42",11.4308845925986,11.6558124893033,11.512808901863,11.1908332408463,11.2404815723197,11.3892645691105
"ZNF841",9.79562787589388,9.86455332933702,9.85577809121424,9.45161255993191,9.80320418587311,9.29176110380042
"ZNF615",9.26040496001852,9.3478214101427,9.29677021609139,9.28068690163363,9.41843860496149,8.96726108556972
"CXorf40A",7.69392978229176,7.37856072812948,7.24908276591028,7.51495760913922,7.69061605082664,7.44588042081582
"CDC42SE1",10.4825533292137,10.4252561659957,10.2629770380183,10.7137441913089,10.6809450171528,10.6563138626664
"DPP4",4.93817568778476,5.17594971784969,5.3782345210694,5.43553531135657,4.56883750728876,4.83010453277739
"PDCD1LG2",4.33057497578978,4.58878259651035,4.7660846074949,4.82464481268825,4.33057497578978,5.59411117987997
"ZNF433",7.97077949716114,8.03143602779667,7.76542522490381,7.49580242922288,7.86550683231139,7.54449906108898
"DNAH10",7.45586048096702,7.46670362353506,7.26680255576584,6.55580973262763,6.8503189605295,6.84927332268354
"TBC1D3",5.72424503540458,5.81547244195914,5.81044805857035,5.49445599134623,5.65395698090973,5.22140032273235
"SPTAN1",14.417132094135,14.349133192807,14.3521635540864,14.2262702661884,14.5091795093538,14.1142016041061
"NMB",5.62750733317344,5.83429039028268,5.60065691610817,6.85007747191337,5.8583162996779,6.95509811538612
"HIST1H2BE",6.76768353188172,6.24026434647469,6.72369361431858,8.42254948488586,7.53499811285736,8.26459454934892
"ZNF595",7.62073759712291,7.54964432540627,7.5161296999261,7.38759701988348,7.32023968222131,7.33429105777317
"PARVA",8.51787084776974,8.77062879715972,8.89015460981113,8.88735807625832,8.35896101017749,9.7217275922757
"KLHL14",8.40795631508327,8.43473434811985,8.26552265982298,7.01215778318072,7.58601778618675,5.81198514857821
"FAM114A1",6.92676259669851,7.06776813917055,7.10845497857026,7.93064825240026,7.29991146090615,9.11264897361207
"RPE",9.85779676276125,9.97339853998175,10.2344912569823,9.90486664303388,9.89611558912783,9.98204848631702
"ZNF460",11.3447019759422,11.4080030314416,11.6934733936832,11.0139297476953,11.0953326051565,11.0931916246425
"PHF2",10.5929188775205,10.4266118533308,10.6728694888948,10.7352838268451,10.9448380905491,10.247997026138
"RPS26",10.6878521202334,10.5970327932057,11.0278751401923,11.2045922186867,11.0209018647508,11.2497134639833
"PTMAP2",5.49214979402744,5.62971160557788,5.81044805857035,5.70027502758029,5.90403138225395,5.47749470033185
"PSAP",13.4637331879783,13.2898199429463,13.3335970898007,14.0439216375592,13.7506160218454,14.7298060527482
"S100A10",4.87482195210638,5.00838899562681,4.86296472820736,5.05921631031587,5.82678316373963,4.88837907797739
"WDR96",8.09900146138285,8.2927514492747,7.64290155373675,10.1973929270066,8.25326000806279,11.6812936203821
"LHFPL5",5.49214979402744,5.55970553524277,5.45827589049947,4.77291247508709,5.39908280147121,4.58127373257168
"RPL37A",13.0400498134396,12.9372461483094,13.5823502020507,13.3655559491656,13.3671453651825,13.3871934004609
"TXNRD3",7.93683654726281,8.12842844023932,7.93962027758522,7.78748637016191,7.59434452332097,8.60520966262231
"CFD",4.93817568778476,4.77662214806139,5.0153475618871,4.55239249687834,5.17836802896297,4.68467332000649
"MAP1LC3C",5.43226952355336,5.09718127405855,5.29031095099465,6.63025606291703,6.19402372481779,7.1886712995919
"MCMBP",10.6097389266764,10.6812168469637,10.5314414683276,10.8244429704619,10.6929805108295,10.5312386536112
"EME2",8.22719544304341,7.7727098763533,7.66296644002311,8.08892197206771,8.47091812757228,7.09992669845435
"KLHDC1",7.72417497187913,7.68856882561223,7.3271073717309,7.13731522744772,7.14865083799489,7.25462542897823
"ZNF81",9.43376880464077,9.41770647442367,9.63039346040393,9.38627352123666,9.40795472109551,9.24468510733243
"TAF13",8.69770916277194,8.62437922204943,8.62516505955278,8.63346271002315,8.59342119117607,9.0359351897188
"ZNF780A",9.71082857973831,9.71497772932437,9.71850045297244,9.72310233854516,9.49197119142874,10.1776418945596
"ATAD3A",7.46187926330275,6.81901835644222,7.31865018274309,7.89327677938522,7.6671556408761,7.4960534462844
"FAM118B",8.67482244167284,8.73817664251288,8.85021110553315,9.26175051487158,8.97155766849428,9.37624849007758
"ZNF461",8.601192303016,8.6755645332039,8.46039665322925,8.25869370048115,8.56848622357422,7.94425053129944
"CCDC180",6.2520628250378,6.30493497245368,4.86296472820736,4.95373220111794,5.57607598002124,4.94087121374919
"SLC9A8",8.57944213207293,8.51873455296006,8.57348741302646,8.33336699321054,8.42764195508111,8.49960353026931
"OCLN",6.58725916525107,6.91767973622659,6.41583398350578,7.36660997602452,6.33784955861795,8.27032234655235
"C4orf22",5.49214979402744,5.95795537545197,5.13786241172375,5.789777878405,4.95674843757777,6.02423069666386
"HIST4H4",7.1390734122226,6.60701201275565,4.63910910251109,8.0581230460648,7.88592779193738,8.08438851703836
"ZNF181",9.22587700764999,9.26681537460295,9.31154175413897,9.33178022014982,9.43114945909271,9.29736408279358
"HIST1H2BF",8.65416781502297,8.24108025118725,9.3073367562706,9.90271246980339,9.3688473377036,8.96726108556972
"SLC22A20",5.6525384434395,5.55970553524277,5.53204272811162,5.20526093226038,5.20943279770974,4.98896808752624
"FAM212B",7.66822231500951,7.54460119313592,9.27755278995927,8.59654079746363,8.26884667424514,8.85387849985259
"ZNF44",9.14131947832749,9.14515643051904,8.85021110553315,8.75329464037389,8.95883563066749,8.51655053485238
"GPAA1",8.79523417180489,8.11158483754391,8.63863716092216,9.03513405406417,9.02593021452796,8.682290095258
"SGTB",10.5143450944447,10.5449320354956,10.1861089872186,9.95839208001942,10.1273200900368,9.69439658053551
"ZNF790",8.7738611411883,8.98302751354357,8.79115153842337,8.61599926416395,8.45739261302119,8.51414176231219
"FAM49A",10.9758100393987,11.0552755615337,10.7522876054452,9.80613039516859,10.2857728664147,9.22864467878167
"MYO1C",8.03232150805896,7.7727098763533,8.02961915669745,8.12897975024973,8.44373824376095,8.43738870961499
"NKIRAS1",9.82819813404936,9.83524183748198,9.62026276459832,9.30374017966511,9.56088066703856,9.1300276298855
"MEIG1",5.14109345202186,5.34383018699978,5.13786241172375,5.25661469107151,5.42310223496893,5.5258120673756
"KIF13B",9.28576809095162,9.12356230056988,8.90693922358983,8.98844709122076,8.54311018388493,9.11423755328731
"NRAP",4.87482195210638,4.33057497578978,4.94418431550225,6.19617072220197,4.74232802187034,7.72318954874732
"ADH5",11.207363248635,11.2435480091926,11.3395303161372,11.3612565453335,11.2619682928865,11.5364569381752
"HIST1H2BK",8.87322395600214,8.03858705976951,10.1265378626203,10.4150003109671,9.33481156665159,9.33870551759448
"TEAD4",5.43226952355336,4.84495094307666,5.29031095099465,5.66870520190303,5.29596108369109,6.05371984338478
"SPG7",10.2516982529934,9.97710482637841,10.3088871446537,10.5500176702192,10.4822232639347,11.0311341008848
"HIST1H4K",5.5207400332063,5.31286008562374,6.399200953035,6.52481329577584,6.07080875752555,5.77550668699715
"HES5",8.47726641310471,7.96164951102611,9.28612555251092,8.96796493881151,8.83549185548443,7.46616498671517
"C2orf27A",7.36233757036877,7.39551484013009,7.37680414175874,6.79359655144538,7.08440384257953,6.72590736183652
"ZNF677",9.25527826810056,9.42451201923324,8.30836671377887,9.37284230119462,9.5744839772717,8.93884612913486
"ERO1L",10.0515085391094,10.1339032740603,9.66201200638002,9.50751343820897,9.76356450602476,9.28190311348524
"F8A1",6.93556526942794,6.88558122958182,6.8122948523233,6.11225279239186,6.49513717052095,5.7938961322474
"ZNF823",8.2236879472729,8.24417195879829,8.09480102749024,8.37761526210994,7.9127074203427,7.82830717021178
"ZNF311",6.95300237665677,6.87743702785821,5.29031095099465,5.73093733123111,6.87143231354906,5.93108273336772
"ZNF347",9.01148267442324,9.10163916561853,8.92901816256516,9.0494995534576,9.06503104899544,9.01227043477643
"PLCG2",5.04742567774093,5.40267998277688,5.3782345210694,5.3280834021818,5.03903521958369,5.84730736939238
"FCHSD1",7.39420983209523,7.14383672489722,7.11828713660677,7.40004002884461,7.18247781860919,7.47119071522143
"ZNF71",9.50170948542293,9.50376492104457,9.78801925659794,9.41881093624879,9.68761179631344,8.65414112207079
"S100A6",5.54851785949931,5.6520241287847,4.33057497578978,5.58533341826546,6.37900788898933,5.69868419475818
"RPL12",11.8767072108761,11.8323711103569,12.2971796940379,12.3038118243058,12.1543768327634,12.5596793077595
"DNM3",12.2068774769006,12.3084194053502,11.801213036044,11.1069634818617,11.8231842483725,9.29176110380042
"ZNF121",10.8087341334052,10.9347014914464,10.7328392786906,10.6198536286272,10.6649028052178,10.355892157797
"MPZL1",11.4072217126701,11.4595656260672,11.2065561620144,11.520693962527,11.3955126533603,11.9397856680789
"VPS13A",11.2939914385028,11.3851784165083,11.4009473212154,10.8758466458516,11.0028388688339,10.8662602813119
"MBP",6.82598312485697,6.63664771748306,6.14008014374634,5.43553531135657,6.45757155210179,5.22140032273235
"AKAP17A",8.6411061146322,8.40468346190297,8.57699109984022,8.87420714580602,8.94277315184952,8.81726268355521
"ELOVL2",9.14502071247182,9.35496452350424,9.4872250638378,8.64383968776464,9.32369840158317,7.58209119944952
"LEKR1",5.54851785949931,5.7368316223205,5.07933519419276,5.47521948736164,5.63503194179442,5.97857887220761
"C1orf122",8.91068724939637,8.75124561482829,8.76989350743494,9.01796958571533,8.9731400387027,9.08537126519685
"SNHG12",8.31878558396344,8.11834614368255,8.87601615466618,8.12897975024973,8.27142801894521,8.388230479572
"PCDH20",7.86190181053377,7.87232222785439,6.44847108684433,6.77423290581552,6.99167538730857,8.27317766751525
"KEL",5.67698376420325,5.71625300812078,5.56693702969189,5.73093733123111,6.29531752794964,5.5258120673756
"NOL8",9.15973118315238,9.3873740190436,9.33445225746564,9.20806229528032,9.2834753966689,9.3920434653333
"IRAK4",7.30978258738388,7.4122663862888,7.72150846225944,7.82465172168349,7.5479271328579,7.9549851965899
"CCDC151",6.06122660456922,5.7368316223205,5.96317797384801,7.2793645171567,6.513522034208,7.67191294711084
"DLGAP2",6.70674692185684,6.62684248559454,5.56693702969189,6.13377621276322,6.60177306867266,5.11466593771837
"MRPL42",10.3874331824176,10.4441207841531,10.3955528437042,10.3616402942819,10.2914840438736,10.297027285414
"ENTPD7",8.54056738369723,8.56143550191553,8.59438233136493,8.34826887110313,8.26626066297188,8.67584299192599
"ZNF335",9.44581715024127,9.03557146324886,9.28612555251092,9.17866734681172,9.44716634051888,8.73698473943939
"ZNF560",7.52069154069623,7.56466638683442,6.97381680886921,7.91925353614787,8.18642227683518,6.48070743372353
"RPS4X",12.5224987832916,12.5874767066488,12.795154796511,13.0285047563581,12.8828294310052,13.1970527861123
"AGAP9",5.87520277529963,6.02312871455732,5.53204272811162,5.70027502758029,5.69081184736494,5.84730736939238
"ZNF273",8.69012071758765,8.76848798067081,8.47925120479722,8.66437127057434,8.34433044553688,8.43992984962074
"ZNF84",12.0762392479455,12.1557832606848,12.2112614834944,11.9010984935219,11.9475325842652,11.5508807079151
"MAK16",9.19407747491802,9.16317865192067,8.85310131906389,9.21386992637532,9.0958545881911,9.18093875143825
"ZNF667",9.98291464772419,9.91662941190163,9.74360421503915,9.36972491764464,9.62362744136161,9.45730411647042
"SIRPA",7.41919597398627,7.42882027812935,6.14008014374634,7.38342468393395,7.61085210505094,6.63688382412144
"GRK6",8.87322395600214,8.63382242970392,8.82098471473035,8.96933952878185,9.22361198775743,8.51414176231219
"PRIM1",8.09516420208531,8.22864613726104,8.08002122851554,8.58222159038262,8.46417132397453,8.29862231342831
"MARCH5",9.59526432117463,9.51783320618789,9.73580616336313,9.74571504013572,9.62865146313449,9.65240280437155
"SULT1C4",6.04388889103782,5.97458977678836,6.57141063641404,7.1571156741233,6.14621490998224,8.30978741587605
"ZBTB14",9.67801578996346,9.70718703293701,9.50568946027502,9.55493684114571,9.69337728113903,9.20349790702709
"CD2AP",9.1922900650272,9.18258522927039,8.93993177466995,8.97208477321676,8.71577261749427,9.7165117297518
"NUP62CL",5.14109345202186,5.2124335202594,5.07933519419276,6.04529202176455,5.4465120496375,6.36135507851925
"SFI1",8.98280663449547,8.83136423138502,8.65530139640871,8.73885120153711,8.78050013497479,8.53567643325285
"ZNF649",9.79327301949617,9.86355244889981,9.73736915309396,9.71902675087141,9.88440404790284,9.6102737796752
"ADH4",5.54851785949931,5.67386991742712,5.13786241172375,5.23135019106063,5.37441071259404,5.03357482878391
"ZNF248",11.1014697656207,11.1386940751475,11.2244906409621,10.1743657933544,10.7690819123643,9.64692938471075
"CHSY3",8.2583816495782,8.26562876801623,7.68275068519138,7.69007498685752,7.86893076154135,6.84927332268354
"TOR4A",4.80259831140558,5.45795213323723,5.07933519419276,5.25661469107151,5.39908280147121,5.03357482878391
"LPAR1",8.56291035292436,8.39637717413771,8.61156529937367,8.10658572845733,9.03353260862948,7.57744660476791
"HIBCH",8.94295135294703,9.06550369555416,9.41677173101426,9.05985781405205,8.59342119117607,9.74034991274878
"ZNF544",9.78973350470727,10.0369216400313,9.0447409562731,9.39140620183165,10.1123389816018,9.32231110911312
"TMEM229B",10.1179275007492,9.89719842839801,9.67021863269374,9.11801255140461,9.68375528408176,8.12925164032365
"SOWAHC",9.09805661412961,8.99954062113869,8.88451590408552,9.29171070157577,8.98102587777097,9.73003390265819
"ZNF770",11.6063856602658,11.6971133892149,11.9968269751376,11.2176438562568,11.5755598878429,11.0867410342442
"ZNF876P",7.26211718638985,7.43429514159085,6.4803071669202,7.05515127625664,7.28446871963351,7.43047244718852
"NPIPB6",5.93418371095413,6.12926986364968,5.83737023149546,5.53181738139766,5.59610890044655,6.00920807852439
"HMGN5",5.83411797820783,5.77685464919912,5.49586482724437,5.73093733123111,5.55563637036578,5.84730736939238
"MIER1",9.67801578996346,9.88047361068098,9.71850045297244,9.76085975679018,9.70293545476043,10.095665625325
"MAN1A2",12.1622022562138,12.2554414516295,11.9568215983426,12.0412959064607,12.293653974157,11.9290087265748
"SVIP",8.91719825247068,8.94374315041009,8.80315924048954,9.28068690163363,8.93304882582425,9.40247801895384
"ZNF251",9.70582883572205,9.58010328054848,9.43036774814187,9.46627896284472,9.71148393831231,8.96373977128747
"DDRGK1",8.76425898750754,8.58109853610596,8.57348741302646,8.87713999009045,8.99355396371596,8.72246297328624
"TFDP1",9.70958026907028,9.62569140823259,9.66036505737012,10.1135844990066,9.90193586798676,10.2268818950932
"ZNF607",8.8821270892434,8.84970285510227,8.89577128390487,8.87860417126332,8.96521071831647,8.8519744336651
"ZNF334",9.12454509727444,9.22375609943226,8.48299253765297,8.40025855214641,8.5259399289731,9.00714836119548
"HSD17B11",7.21992247057651,7.54460119313592,7.59494511401459,8.09651893816397,7.69835056214515,8.5117289367599
"SZT2",9.91847539843675,9.99549465676982,10.0239963796131,9.69183485251752,9.91432931492143,9.71964351216505
"ZXDA",8.50060955712267,8.60290204661825,8.38639790174872,8.06846340828415,8.40902202323183,8.07130711424953
"RPS6KL1",10.5565980830275,10.245660070295,10.2322765553301,10.0700995827323,10.6322729333519,8.2674613148579
"CACNA1E",11.7552946737891,11.7677981612647,10.7843817526221,10.5817732346823,11.2571129751748,8.93884612913486
"QRICH1",10.6935435413571,10.651960393452,10.6179510875721,10.8514907119139,10.9424204447656,10.7992881619822
"MLLT4-AS1",7.22704432932557,7.44518124642502,7.55966503163793,7.5854610146237,7.50877860534628,7.13865823321848
"FKBP1C",5.04742567774093,4.69525161239808,4.94418431550225,4.55239249687834,4.66714835127326,4.68467332000649
"DDX42",10.9617297392185,10.9009653590137,10.8737512132882,10.9353469031992,10.8881804720428,11.278300122531
"RPL23A",11.535278605494,11.435866870174,11.8413536938937,12.1777008481982,11.8622878134164,12.4338286560388
"SLC29A3",6.36478816236259,6.41364234346673,6.62882379950556,6.1757212913575,6.37900788898933,5.7938961322474
"STYX",9.43528037124872,9.59947438305679,9.33031373473615,9.39447705224652,9.28474952460057,9.66437163844004
"UBL5",9.65615007069118,9.6066719221677,9.70258558471715,10.2947778406191,10.0906636991121,10.2766230903285
"HELZ",11.3179329485975,11.4502660780621,11.6042563094733,11.0445276671941,11.0913372109581,11.066804724308
"TMEM116",8.45652462266435,8.4852008471135,8.4297037653274,8.23137932875426,8.25326000806279,8.07130711424953
"UCKL1",8.06408889101343,7.56466638683442,8.18040388990556,8.30963174811785,8.35166441534884,8.01433248455026
"ZNF485",7.00402004987821,7.38988622471017,7.18522450335871,6.7346503210604,7.11981699628916,6.41697671329194
"PEG3",5.29925920898593,5.09718127405855,4.7660846074949,4.77291247508709,5.23931319139556,4.33057497578978
"SDAD1",9.81084136478538,9.8208752310694,9.77438118950172,9.69681715217331,9.70007465370609,9.86720117937508
"BMS1P9",6.17610689899361,6.2134331229608,6.05488661074004,6.06802763232559,6.18224393265002,6.33841262084272
"ZKSCAN8",10.2072939857715,10.4758968546978,10.7367499803703,10.4225360935481,10.1421471317339,10.6109533127519
"FAM109A",7.94966016818804,7.55967679243628,7.69578817842309,8.07103682959416,8.1809377646698,7.59133478252114
"HIST1H4F",6.76768353188172,6.22692081198388,4.7660846074949,6.24586930570413,5.97641267591333,7.5867205581135
"HYLS1",7.88435423161158,7.9350516390946,7.31014150476043,7.44873701099171,7.57764163262191,7.40966184429143
"HIST1H4I",7.05321028673673,6.58688018095247,8.47550008213014,8.51029238170292,7.50877860534628,7.08014625782913
"ZNF442",7.48569998499647,7.30861351157057,6.84855731667408,6.97340256901771,6.99167538730857,6.75992371440338
"ZNF813",7.58266920398658,7.7727098763533,7.90644722971276,8.25643732290653,7.7916296063901,8.11339046848387
"DCAF12L2",7.1390734122226,6.96445555233574,6.69726825935597,6.54812888578483,6.99805561656189,5.571858798105
"PIM3",7.2895535690056,7.08191392230372,7.05821634900997,7.29725485245688,7.56498342446013,6.6089740508496
"ASNA1",9.61139727481227,9.29085450369472,9.41090534445228,10.1509649191759,9.90110583707219,10.3599107093407
"ASPH",10.0894248869545,10.1289145631517,10.2411150245166,10.4654837109065,9.86920516022983,11.3239209249591
"HIST1H3A",7.54354537093579,6.72179300651678,7.60881388150519,8.79111522129111,7.92262122309073,8.3908602425552
"SPRED2",9.05934942303815,9.10163916561853,9.2205497782648,8.6247575483965,8.43456251568314,8.56156492192857
"WWP2",9.62205308417768,9.41223878885402,9.57726759434378,9.54391802753603,9.75899022482665,9.54937840727977
"HIST1H2AL",6.40461685682177,6.00716920758814,6.36527543281753,8.55314716929848,7.19357270284301,7.60508765235972
"GFPT1",12.1035679392308,12.1164307821905,11.9423333438794,11.6735419017818,11.9352246961207,11.6629825306808
"UVRAG",9.69955466223707,9.63393413057806,9.45718069784818,9.44274049351183,9.51059917096941,9.30850504803641
"TPTE2P3",5.62750733317344,5.71625300812078,5.0153475618871,5.0909007841773,5.03903521958369,5.571858798105
"ZNF26",8.84617881199788,8.90335528059791,8.66191329916477,8.42455884077224,8.56007732317955,8.34276945812072
"ITSN2",9.76110001574184,9.78854444823608,9.55084080548476,8.83250627494466,9.40678512009778,8.682290095258
"NTRK1",5.54851785949931,5.24729833481842,5.2426758087291,5.54997731954909,5.23931319139556,4.68467332000649
"BZW1P2",5.89520136979655,5.95795537545197,5.93909051704448,5.83193623690723,5.67254547946021,5.71840792780094
"MGEA5",12.5848953848864,12.7158062756362,12.2360598615802,12.116152287788,12.4825624543247,11.912234921442
"MT1F",4.87482195210638,4.69525161239808,4.63910910251109,4.82464481268825,4.74232802187034,4.88837907797739
"FAM115A",11.2755601023883,11.3019530377688,10.8312224151106,10.9479329764765,11.2186699501965,10.6282699607631
"ZNF69",9.22412867730333,9.45673833327171,9.51483365483742,9.64017887088605,9.1415896217606,9.72796180926673
"TXNRD1",11.2797697699046,11.3008447710215,11.4995216302093,11.2921966463873,11.3442405336609,11.5924529063894
"NRARP",7.38154779352706,7.19015494350677,7.89521540952253,7.38759701988348,7.5175727858162,6.88801804929274
"ZNF583",9.85215172595079,10.0046023402992,9.64045342311293,9.45259498004397,9.78081555482301,8.7956296465034
"ZNF568",9.32217731442452,9.42315348053761,9.30522964299305,9.24823208060184,9.34217297647732,9.05425959877665
"ZXDB",8.89317901711718,8.96632259343604,8.68481806014692,8.45042725300099,8.64003499910727,8.22973752692289
"ZNF480",9.20120499973756,9.29234370481802,9.37920785449591,9.06500910952354,8.82501125983981,9.10147953490621
"ZNF587",10.4818225809525,10.6303573912122,10.285580907915,10.1135844990066,10.1568232452961,10.3811558761951
"TPM2",6.48076738158518,6.37842206372085,8.01414446739986,8.53094797761333,7.50877860534628,9.51373309027436
"FLVCR1-AS1",6.20704769793219,6.39026961629101,6.16047993900056,6.37541862210786,6.3991018748316,6.30320502760512
"ZNF280B",8.08745859130208,8.19707933462963,7.79598198249195,7.74932133463393,7.96159997772213,7.65439943255611
"SH3BGRL2",10.0276698481159,10.0694005034163,10.0706107253292,9.91130991370487,10.2220747021403,9.45229115221292
"ZNF808",8.87990647035073,9.27437081116807,9.07475023047096,8.77861866539099,8.70628302304003,8.84433284264935
"ANKRD35",5.14109345202186,5.05426032044833,4.94418431550225,4.77291247508709,4.95674843757777,4.58127373257168
"YTHDF2",10.9902680913092,10.9188955791309,11.0278751401923,11.315585900135,11.1612674433738,11.1749055008939
"NBR2",6.46838189693335,6.63664771748306,6.44847108684433,6.48500758652161,6.74718918806888,6.81746123354231
"TMA16",7.60454807259589,7.42332398013186,7.56679197810507,8.12403356891573,7.53499811285736,8.43229287086765
"ATL1",11.0818347048698,11.1182873390106,10.6094446245817,10.4790382386848,10.909379290674,9.71964351216505
"CNGA1",4.33057497578978,4.33057497578978,4.63910910251109,4.82464481268825,4.56883750728876,5.45239055899795
"MAFK",6.92676259669851,6.43659925234347,6.6427968877454,6.43557845627955,6.54062432223393,6.34993536391042
"HIST1H4E",12.187964098537,11.7057918793641,12.4260299829868,12.4331440063636,12.2271858567801,11.9195124053482
"C1orf228",6.66452682316319,6.77569217432756,6.46448655819503,6.67999007974596,6.54953549938818,7.34530990145589
"ZNF43",10.4522847982419,10.6778055554961,10.3369848044841,10.6202905630195,10.4456990795444,10.4367482561756
"GPN1",8.8821270892434,9.02664801427606,9.20932406146196,9.12419437817655,9.0167539828374,9.47100047926738
"ZNF28",8.91286086175524,8.99771516650481,9.1281924489942,9.24483254291013,8.9460000339147,9.35625798313379
"ITGBL1",5.18373077138573,5.60690679268508,5.53204272811162,5.35063533644267,4.95674843757777,5.45239055899795
"ZNF511",7.35587515452893,7.04627361157714,7.44043827095953,8.01332033248237,7.72887297181842,8.01774770225266
"C20orf203",6.76768353188172,6.54567163620786,6.16047993900056,5.63615875497389,6.35859427178238,5.34453517938545
"ZNF627",10.8449841250915,10.8699131074862,10.7210431461732,10.8156947203092,10.8120927156475,10.2508853421528
"KCNRG",5.43226952355336,5.87100821421757,5.2426758087291,5.47521948736164,5.49165273270531,5.45239055899795
"WDHD1",7.98745233420534,8.00246769211164,8.55583946488962,9.13280456041732,8.41369974159203,9.11740946080916
"ZNF789",9.08847700654475,9.20806020534668,9.01409228622228,8.64383968776464,9.02593021452796,8.42717884553343
"HIST1H4L",5.76951971169128,5.31286008562374,6.14008014374634,8.48163738781847,7.15434627732596,8.16661474546285
"CTNND1",11.640830239475,11.7911367529319,11.990290573918,11.8437020334267,11.7365388874724,11.9065237321125
"DDX39B",9.59120269733504,9.63745234169236,9.58596988757857,9.421823964629,9.66235797248496,9.60914831416535
"ARC",5.54851785949931,5.48441204341114,6.21973164683618,4.95373220111794,5.29596108369109,5.18746296578136
"NUDT16",9.21711404294371,9.16154956259911,8.19418524668406,8.56229638345275,9.03958572633313,9.00714836119548
"TLK1",9.83049665712652,9.95941447389744,10.4451574941349,9.91772451084622,9.6769814518408,10.1654473322317
"LRBA",11.4730383542854,11.6085248403722,11.2394513261185,11.3740070449234,11.4321591390886,11.627871064693
"C3orf35",6.74767673763211,7.19015494350677,6.90692282347899,6.21628853422501,6.3991018748316,5.881557447727
"ZNF536",10.6223922400562,10.55426412355,10.9824860230113,11.3239247777834,11.2509393520419,10.8568134322954
"MMP17",7.00402004987821,6.91767973622659,7.3438698231556,6.99568221814795,7.43172155984136,6.39501592218696
"BAZ1A",8.17728956042556,8.20978982772904,9.0846158100354,9.84029998197171,8.92162002498518,9.92169533981101
"COPS8",11.0377724784085,10.9907601593077,10.8457798912525,11.0092668787539,10.9723536064305,11.0065692535333
"PPIAP22",7.91083738640365,8.08075623765708,7.91203005704628,8.17990596670228,8.1076539584255,8.25017389671768
"CCDC69",4.60390596466056,4.58878259651035,4.7660846074949,5.25661469107151,5.07654591073903,5.28523604052962
"MDM4",11.0585024565781,11.1982372582354,11.1969369934487,11.0304608713857,10.933520911593,11.1383356124702
"RYR2",10.3874331824176,10.4467956969469,9.27108955064791,8.33336699321054,9.90193586798676,6.69100632749698
"ZNF534",5.76951971169128,5.75702651981449,5.0153475618871,5.17826991240815,5.79433681434327,4.76371589021208
"KLHL9",11.9522318320214,12.0421094736971,11.8651270458096,11.9854170809575,12.0855692337359,11.7659887261038
"NCOA6",10.3677906088266,10.6250533129198,10.7035657399726,10.0384026507483,10.3625362414973,9.79382502400382
"STK39",10.8472552411297,10.9351777651072,10.9712439879982,10.8338921390165,10.9015180606746,10.288619159653
"TAT",5.29925920898593,5.55970553524277,4.94418431550225,4.95373220111794,5.23931319139556,4.88837907797739
"C6orf89",10.8602452120316,10.8098893582033,10.5502306158051,11.0744899814013,10.8628351255907,11.377752074999
"CALM1",14.085395940922,14.0756902895093,13.4580681282747,13.2873879309729,13.7940554314951,12.7605815365912
"LPA",5.70087603390657,5.58358169504195,4.7660846074949,5.05921631031587,5.32290848716218,4.58127373257168
"FAM19A2",10.5881738961273,10.5279805758825,10.1560470015034,9.65817186920612,10.0433043239877,8.35359674201096
"TTC37",11.7887622174557,11.7900840590211,11.6801329673291,11.7043631176057,11.6694215856099,11.8973385379161
"TUSC1",7.18375548402539,7.05347576660264,6.90692282347899,7.23360799486408,7.4456304628159,7.24286392443478
"PAPSS2",6.06122660456922,5.90657782030436,6.14008014374634,5.789777878405,5.84266003333913,6.61834268185337
"SLC9A6",11.8280970507457,11.8179823892667,11.1595546862374,11.2728748749193,11.7314136310391,10.7197038590528
"FAN1",10.2839168807896,10.1972330020839,10.2433162024206,10.2344018410685,10.187777864843,10.3116245535263
"EIF1AY",7.87092537703759,7.93121104702694,7.64290155373675,8.21752395515374,7.84478820167845,8.66720157104918
"MT-ND6",8.49480930567828,8.8375031438208,8.39038934388409,7.69678163213062,7.13718924578107,9.60802196881137
"IPO9",12.2448377535809,12.2928965144209,12.262881700567,12.3664804066854,12.26136850505,12.2929671636901
"CEP290",11.0692432730422,11.1522764819229,10.7707144713428,10.6110870267468,10.8738728327143,10.9112197396288
"MT-CO2",12.5427818427572,12.6979572674755,12.3560692273547,12.7765892030054,12.715357547085,13.3545947174515
"C1orf85",6.17610689899361,5.95795537545197,4.86296472820736,6.69386575843543,6.65202739144907,7.9078720871362
"FAM179B",10.6506252757549,10.665227999075,10.6381642002508,10.7328614624781,10.4805577389834,11.1445600407456
"DLL1",8.22719544304341,7.89222397711092,8.75451427131424,9.47113476364875,9.0827252779682,9.25047395768136
"ANKRD13B",9.1779103074616,8.93231906027272,8.99851952195043,9.00059781047696,9.50076731445007,7.87808435944297
"ECI2",8.8821270892434,8.87578558812551,9.20932406146196,9.64276309656299,8.98886871128201,10.4137372573069
"UNC13B",10.8792359954977,10.8965700430303,10.8515619897419,10.6847934954136,10.9408064266934,10.0172532443682
"C19orf45",4.7165496130104,5.13762512309315,4.7660846074949,4.95373220111794,5.14598214718274,5.28523604052962
"MT-CYB",11.117552189074,11.5694846016882,11.6144934278458,10.4732447482786,10.3607264948966,10.9316106880382
"LDB1",10.7595415672725,10.6149809622744,10.777564300692,10.9864017367539,11.2460467064008,10.3890428059734
"PPP1R14C",8.54618583798645,8.26258314695662,8.11427230764804,9.43679527455234,8.77869068524332,9.1580203551405
"CTR9",9.93779167388947,9.95566236433088,9.75599398865199,10.0700995827323,10.2379363847295,10.2984238853922
"SMOC1",10.8714465192843,10.6863187032502,11.1401986304352,10.0093337861241,10.0884781395134,9.23887288389121
"MSRB1",6.73756065626201,6.43659925234347,6.65662472716031,6.97900650440671,7.02328422924964,7.13227778960985
"LRRTM3",8.91503119280458,8.9456383719798,9.39117632047299,7.83985469913699,8.57267226240335,7.09992669845435
"ZNF652",10.4715530340841,10.641491237836,10.4773039878705,10.2898419489583,10.4637958316395,10.1570033383375
"SMURF1",10.5559039156393,10.4333712385956,10.3645454222732,10.3637295321445,10.7015842964606,9.84347416105716
"GPATCH3",7.74889523544411,7.76408449124898,7.70870670740222,7.82159149973688,8.27914422267056,7.88184212728081
"GATSL2",6.02629639048941,5.81547244195914,6.20029399103025,5.789777878405,6.12159469522682,5.81198514857821
"CDC42BPB",11.3248756408586,11.2580869693279,11.480058384322,11.3128856237772,11.5055042003362,11.0627020138143
"PLXNB3",6.111792441977,5.99099191043792,6.58599920034065,5.37262261357025,5.7264309006772,5.28523604052962
"RPL10A",11.4645576536246,11.3355329331022,11.939621726986,12.2092610521466,11.8813439999401,12.3250041088629
"COLGALT2",8.65416781502297,8.75124561482829,9.65871622375896,8.49316819996182,8.5892953404146,7.95141596036535
"EGFL6",6.50519094232758,6.51389521262857,6.25772181162451,5.12120644125242,6.00415649635366,4.68467332000649
"MT-ND2",9.34487645628323,10.2333176250107,9.29464757019393,9.00596535396008,9.17907917591514,9.85965094543341
"RCSD1",4.33057497578978,4.33057497578978,4.33057497578978,4.87127988604197,4.33057497578978,5.03357482878391
"RASSF9",4.60390596466056,4.33057497578978,4.33057497578978,6.02211641227821,4.80549449477315,8.3014217663428
"FAM169A",11.8652677173356,11.9141238228792,11.5137207698152,11.1396365906866,11.531203723699,10.6524968345419
"ZNF830",8.48020517670868,8.40192004734629,8.26552265982298,8.26768378360386,8.60776895714336,8.21198510259766
"GRIN3A",8.71775112588941,8.61963421594228,8.57348741302646,6.85621029266722,8.98886871128201,5.61588662529712
"MT-ND5",10.9851211217253,12.0361282092191,11.1401986304352,10.5867004303729,10.4123084448708,11.1661364267711
"CNOT7",11.4102968872697,11.4805992751225,11.3462006217653,11.4677831185974,11.2980290168577,11.3820388769557
"TMEM184B",9.13388832793336,8.86380619020224,9.0447409562731,9.02855655245795,9.16530776686839,8.68870837862989
"MTOR",11.6853016365771,11.6195301796108,11.653903612694,11.6403256481678,11.7180492263961,11.6175603736193
"SCAMP5",11.149649014217,11.0026242796822,10.4958842772498,10.3704987258297,11.1029295812698,9.13785816448196
"ZNF521",11.9514404136498,12.0937873125579,11.9916002255761,12.5852198905573,12.16530200562,12.9215741619261
"ALPK2",5.3344412562722,5.09718127405855,7.01666422632071,6.03376044615837,5.34903754503733,7.046535392754
"BRINP2",10.3866525952149,10.1740109423869,9.51300945375746,8.37761526210994,9.25905021885457,6.57082196690698
"LRIG2",10.7679576295548,10.9014529017073,10.7866470944084,10.5156693710023,10.6471962704648,10.4455987451465
"MT-CO1",15.1741541228435,15.3310572155901,14.8628023954408,14.9316855066114,14.9297014739641,14.9495070143478
"PNP",7.76836569039717,7.83578143291402,7.68275068519138,8.23596810912026,8.14476585961214,8.51414176231219
"GK",8.82555564119064,8.80027001543557,8.28281454063482,8.73562172871382,8.46191531390061,8.92623580383093
"FOXJ3",10.3866525952149,10.4627418095462,10.4442010751051,10.1382053443795,10.3649457093289,10.0948620528137
"ZNF358",7.68370276245463,7.34402419881522,7.72786621708424,7.82465172168349,8.20815223643278,7.26046915862092
"SFT2D1",8.22017182526003,8.15825512381981,8.25241517405332,8.24510172719448,8.29951959972912,8.53091881779662
"CD247",5.04742567774093,5.00838899562681,5.33538540566403,5.12120644125242,5.23931319139556,4.68467332000649
"GRM3",11.0106742530686,10.8901975136897,10.3675754489251,9.87074236915466,10.6387586804021,8.52614536735095
"CHAMP1",8.80697211819201,8.73379375907277,9.02949824907701,8.60009838252429,8.5789285082514,8.44246649152755
"INPP5F",11.9879183047348,11.9965194828771,11.5475062690344,11.7666653431324,12.0670100356611,10.9508296804406
"ARHGAP11A",7.55483479848096,7.48263188491263,8.39436969427517,8.88881189157477,7.60674326500401,9.28048930270756
"HMGN2",10.6648591476165,10.7401895208115,10.8794224791663,11.8218368047509,11.2173373735934,12.0303801060154
"UBE2J1",10.7679576295548,10.758605707299,10.2972811128636,10.6885484449041,10.775434769686,10.7092429652422
"GJC2",5.93418371095413,5.51016048524524,5.86366298223323,5.45558649408591,5.67254547946021,5.40006335275449
"OPA1",12.1678912955522,12.2375982274532,11.9297491673619,11.629515496508,11.8669692901337,11.389592151252
"DENND4B",9.28911633067063,8.82313800716929,9.29039286680889,8.93598118214196,9.32617541691901,8.13868445275546
"RYR3",10.5538194064697,10.6126007392407,10.4210546370979,9.67341760541303,9.81471026168583,8.7390473432905
"ZNF277",9.00742093636217,9.19378605294295,9.2537110262552,9.08796437302086,9.03807483320352,9.28048930270756
"MT-ND3",10.0554436100382,9.86854991538511,9.15886348549954,10.1042421936383,10.3852652496627,10.5664398283262
"KTI12",7.02883500481642,7.11665715258327,6.90692282347899,7.02303275895578,7.05418286515398,7.13865823321848
"DUSP27",4.93817568778476,4.33057497578978,4.63910910251109,4.71402308857299,4.56883750728876,4.58127373257168
"TOX",10.3187089191014,10.4647227326889,10.6514839216213,9.80382335933713,10.4348456916999,8.65850782064076
"CES1",5.26254826080776,5.00838899562681,5.07933519419276,5.3280834021818,5.14598214718274,4.94087121374919
"RUSC2",11.3228371388866,11.0748588611177,11.0066552511218,10.8320072511379,11.5314718246309,9.55523447768591
"FICD",7.48569998499647,7.40670473789636,7.78992305097672,7.61766623238105,7.51318256092913,8.23853175849234
"OSTC",9.25356530554196,9.26681537460295,9.34679693200341,9.6453426956769,9.29742916808432,10.2371140181501
"R3HDM4",8.91068724939637,8.62674585515214,8.60128022869596,9.05339264667432,9.26809725299682,8.70357373679164
"TSEN15",8.70022975884059,8.69147535733056,9.15418720389201,9.00059781047696,8.81621865930351,8.96197587533801
"LTN1",11.1980514387921,11.2889699736836,11.133095166577,11.0235408611196,11.0645381531237,10.7280182866958
"RUNDC1",9.57621133851287,9.46071639215507,9.31154175413897,9.34665553496977,9.42654029947296,9.47100047926738
"CCDC152",6.26671530794524,6.41364234346673,4.33057497578978,5.56781120866857,5.76091096778062,7.19479807814737
"C9orf96",6.2520628250378,6.53516475243763,6.54174004934149,6.39289578642982,6.63548630992359,6.38389343266527
"GRK5",9.48575194320407,9.36632031032236,9.33445225746564,8.85499638697564,9.49527603529314,7.8514981122475
"TYW1",8.84845211348478,8.75557564791784,8.68806054272475,8.9802892024838,8.82676334243549,9.15339255120316
"DCAF12",10.1094357263731,10.2011992752584,10.0111348106684,10.1956346069086,10.2194140408182,10.3732255731623
"SFMBT2",10.0855816054522,10.1388747828885,10.2155569661065,9.12912078902763,9.91761631627639,7.85914506417443
"PNMA5",6.62092605244302,6.30493497245368,6.71054607635312,5.28112095084593,6.37900788898933,4.68467332000649
"ITPRIPL1",5.49214979402744,4.90491546544878,5.88936033417274,5.20526093226038,4.99924798284876,5.73777627602365
"MT-ND4",11.3126011929692,12.1944885954945,11.4612745814552,10.9472366239278,10.9468497044682,11.5622586598602
"SMC5",10.4297275234022,10.4102588786788,10.2553629803705,10.6102074285653,10.1251894387679,11.3129093667747
"MT-ND1",9.958954922208,10.7126724167819,10.3109873326197,9.75290869610466,10.0679182068112,10.1707951486016
"DCAF12L1",5.22411723473243,5.17594971784969,4.63910910251109,4.91404266993799,4.91093888395682,4.33057497578978
"PRMT6",8.77625168478885,8.72498766237102,8.96418868834313,8.94159492577377,8.9919939082137,8.69722170369532
"SHISA4",8.64372798036399,8.40192004734629,8.18960621252554,7.80928422984062,8.1191760897541,8.09088451846267
"CIPC",10.2430986400923,10.240273245678,10.022715374047,10.146117434257,10.133693216562,10.1859662255897
"CAPZA2",11.40876011942,11.3683488842397,11.2166717289841,11.3958614083379,11.2119947225634,11.3944969774651
"MT-ATP6",10.355875338893,10.9764857431425,10.128920947657,10.1791193838895,10.3382175092983,10.9636482277657
"TOP1",10.0156010311007,10.1796506059332,10.6060279411436,10.3073155559274,10.3084830955908,10.3102406866833
"PRC1",8.90195978674521,8.86980836905748,9.40501496409597,10.4079312064104,9.17358641533852,10.9103067501496
"BHLHB9",9.60738094053083,9.6209600225844,9.04726577808308,8.9925087478252,9.41727749064228,9.08375047459271
"MAP3K3",9.19942642477404,9.05149548767832,8.9561484306793,9.23572766287708,9.34217297647732,9.01227043477643
"L1CAM",11.7763026988165,11.4199620302417,11.5345362022042,10.7372993606316,11.7462731907252,8.05478485436105
"SREBF2",11.5586797681988,11.5362810205019,11.2903585625525,11.4723882383207,11.9258733894496,10.6024990533612
"C1orf174",8.59849149349291,8.48258855057135,8.55938646576936,8.61424117511111,8.66768478986377,8.45256839691374
"POU3F3",10.0583878805039,10.0036941569249,10.7043647790515,10.8994381732575,10.9806247647209,10.5911490590633
"RASGEF1A",7.32972286304845,6.99477456520651,6.52664985962964,5.94973919615279,6.64378255741951,5.37273133131448
"C9orf114",9.02961987740918,8.48780839229266,8.82098471473035,9.1750992662576,9.26809725299682,8.88214088658023
"RPL39",11.1711101768672,10.9953348382691,11.5779052105977,11.7111465479796,11.4438858025639,11.7104310507367
"DZIP3",11.5932539131829,11.6999186106393,11.5599194038546,11.4937660052632,11.5201684627961,11.752298609287
"KIAA0753",9.68565456095393,9.72603473652242,9.89831216668502,9.80843374395591,9.62060459793396,10.1904865942671
"DCLRE1A",9.33681063638317,9.32763009518005,9.41481892271696,8.9204294067061,9.02745391118211,8.94600268274346
"ATG9A",9.34487645628323,9.03022403949908,9.31154175413897,9.48176025103329,9.59310976444183,9.66869940996807
"NOS1AP",7.99571614512264,7.99145094190824,8.20783497667597,8.89750404199127,8.23485823418197,10.1461844154801
"APRT",7.4376478785882,7.20954211151148,7.61569752442371,8.26992250355276,7.6432996066977,8.73698473943939
"GPRASP1",9.7526402833544,9.69373277222339,9.50935410664662,9.04168161617988,9.42654029947296,9.09022271051951
"TBKBP1",8.49190035684375,7.94651162791852,8.00894867808749,8.20353298018949,8.71577261749427,7.67191294711084
"MAGEE1",9.53592423316634,9.51145555835084,9.03204994338449,8.6018738729779,9.29363698654525,7.65439943255611
"CCDC167",8.56844213982876,8.33684385775816,8.75451427131424,9.01264673655776,8.70437755580809,9.24178192906478
"MT-CO3",14.1247723937911,14.1711627245055,13.4084334445292,13.8367430467625,13.9932214062204,13.7286411164931
"ZFP2",7.4067585371548,7.53953995283721,7.30158068721242,7.57820342012802,7.47755893523241,7.67625765763734
"SOWAHA",7.44981580957809,7.7727098763533,7.60189652432882,6.54812888578483,7.1139774433399,5.28523604052962
"L3MBTL3",9.13760869997324,9.18579436923497,9.57726759434378,9.28951268396801,9.40092282443618,9.25623962257505
"DMD",11.1501089750783,11.2803741761548,11.1413791475544,11.5916974862924,11.1887251368697,12.3751587630971
"MFAP3L",8.96615989634526,8.96445445598059,8.61838128862913,9.01397929669736,8.48653826724274,9.71964351216505
"NAGA",8.25494991047756,8.11834614368255,8.41410721881369,8.75009751507205,7.97435931340285,9.73106883314095
"SMG5",10.9363536021569,10.7703979702102,11.0982598103781,11.1365856448592,11.1557126235784,11.1661364267711
"KIAA1279",9.36246381064603,9.50761537213027,9.56675497820097,9.53095531012241,9.38794115417129,9.87283801272375
"TGM2",5.49214979402744,5.58358169504195,5.33538540566403,5.51331587387945,5.51344929562775,5.28523604052962
"ARMCX6",8.64895738851833,8.59567095972145,8.26986526502253,7.80928422984062,8.50418391819732,8.13868445275546
"PJA2",13.3910778802144,13.4513508653624,13.0566430791626,13.1173791665648,13.2213042015283,13.0794445875214
"RORB",11.1399558001507,11.2989957655182,10.576654602057,9.73364523582274,10.0656978656379,8.10378848219492
"SGMS1",9.17610269365232,9.29828515325572,9.17048814048953,9.51975080848467,9.32121711763132,9.63702452693222
"MIR340",5.14109345202186,5.28072429172865,4.63910910251109,4.82464481268825,4.80549449477315,5.15195654074678
"MIRLET7C",5.22411723473243,5.37374005388151,5.96317797384801,5.35063533644267,5.26812364332126,6.00920807852439
"MIR219-1",4.93817568778476,4.84495094307666,5.07933519419276,5.61949520913034,5.20943279770974,5.89830401412361
"MIR335",5.49214979402744,5.48441204341114,5.2426758087291,5.58533341826546,5.34903754503733,5.3153992589889
"MIR135B",5.14109345202186,5.13762512309315,5.0153475618871,4.95373220111794,5.32290848716218,4.83010453277739
"MIR30C2",4.99520527768772,5.2124335202594,5.29031095099465,5.20526093226038,4.74232802187034,6.43857020096946
"MIRLET7D",5.40082433975998,5.37374005388151,5.0153475618871,5.12120644125242,5.29596108369109,5.59411117987997
"MIR331",5.67698376420325,5.55970553524277,5.29031095099465,5.43553531135657,5.32290848716218,5.18746296578136
"RN7SKP72",4.33057497578978,4.58878259651035,4.33057497578978,5.20526093226038,5.14598214718274,5.69868419475818
"RN7SKP184",4.87482195210638,5.2124335202594,5.07933519419276,4.87127988604197,4.74232802187034,5.61588662529712
"SNORA60",5.43226952355336,5.37374005388151,5.41912560421338,5.25661469107151,5.51344929562775,5.42659714675519
"RNU5E-1",7.75866388103475,7.75104724377962,8.68806054272475,8.58042159964871,8.71766303466794,7.92617754941335
"RNU5F-1",4.33057497578978,4.33057497578978,4.63910910251109,4.64396487703681,4.33057497578978,4.33057497578978
"SNORD114-7",6.2520628250378,6.27946357496297,5.81044805857035,4.33057497578978,4.33057497578978,4.33057497578978
"SNORD9",5.43226952355336,5.51016048524524,5.7255112363932,5.25661469107151,5.63503194179442,4.98896808752624
"SNORD115-25",5.67698376420325,5.71625300812078,5.75456202992873,4.99090412180236,5.53476861827663,4.68467332000649
"RNU1-94P",4.7165496130104,4.69525161239808,4.86296472820736,5.0909007841773,4.86095996838829,5.61588662529712
"RNA5SP195",5.29925920898593,5.94108086001497,4.94418431550225,5.25661469107151,5.51344929562775,5.69868419475818
"RNU6-37P",5.49214979402744,6.17206882112393,5.81044805857035,5.35063533644267,5.39908280147121,5.45239055899795
"RNU5A-1",8.11803452614681,7.95410068733368,8.98541216167722,8.64383968776464,8.53883685259872,8.71619412677721
"SNORD114-1",6.49303627369584,6.42517175702489,5.69565584988958,4.55239249687834,4.56883750728876,4.33057497578978
"SNORD114-14",5.85484684019812,5.99099191043792,5.29031095099465,4.33057497578978,4.33057497578978,4.33057497578978
"RNU6-1330P",5.89520136979655,6.24026434647469,5.93909051704448,5.77536139914715,5.82678316373963,5.40006335275449
"SNORD114-5",5.46268370782665,5.48441204341114,5.07933519419276,4.33057497578978,4.33057497578978,4.33057497578978
"RNA5SP383",4.80259831140558,4.95891832408665,4.33057497578978,4.64396487703681,4.80549449477315,4.58127373257168
"SNORD115-21",5.62750733317344,5.17594971784969,5.49586482724437,4.99090412180236,5.34903754503733,5.03357482878391
"SNORD114-16",5.70087603390657,5.77685464919912,4.94418431550225,4.33057497578978,4.33057497578978,4.33057497578978
"SNORD114-19",5.70087603390657,5.37374005388151,4.63910910251109,4.33057497578978,4.33057497578978,4.33057497578978
"SNORD115-14",5.36825224778896,5.53524434648493,5.33538540566403,4.77291247508709,5.53476861827663,4.88837907797739
"VTRNA1-1",5.0958257135656,5.28072429172865,5.56693702969189,5.05921631031587,4.99924798284876,5.15195654074678
"RNU6-433P",5.43226952355336,5.37374005388151,5.60065691610817,5.4150421589993,5.17836802896297,5.61588662529712
"SNORA73B",9.47256298712832,9.10672807900063,10.6213396739918,9.82748649607671,9.69625139604607,10.306081099634
"RNU5B-1",8.91068724939637,8.88569271606989,9.86295484044014,8.96383326762732,9.4334485192298,8.34548396504814
"RNU5D-1",5.54851785949931,5.43072800972915,5.33538540566403,5.89887096339096,5.17836802896297,5.77550668699715
"RNU4-32P",5.04742567774093,5.13762512309315,5.07933519419276,4.95373220111794,4.80549449477315,4.76371589021208
"SNORD114-10",5.72424503540458,5.7368316223205,5.41912560421338,4.33057497578978,4.33057497578978,4.33057497578978
"RN7SKP255",6.39147731265288,5.97458977678836,6.41583398350578,6.34874784099573,6.12159469522682,6.33841262084272
"SNORA71D",5.81299943796065,5.95795537545197,6.11933501176659,5.63615875497389,5.82678316373963,5.61588662529712
"SNORD113-8",5.87520277529963,5.79633174395148,5.13786241172375,4.55239249687834,4.33057497578978,4.33057497578978
"SNORA38B",5.29925920898593,5.17594971784969,5.41912560421338,5.20526093226038,5.37441071259404,5.5258120673756
"SNORD114-23",6.04388889103782,6.08491777140764,5.07933519419276,4.33057497578978,4.56883750728876,4.33057497578978
"SNORD114-26",5.67698376420325,5.67386991742712,5.0153475618871,4.33057497578978,4.33057497578978,4.33057497578978
"RNA5-8SP2",6.07831789081791,5.67386991742712,7.16642702427941,5.87256822454692,6.50436191355333,6.03906618111504
"SNORD114-28",5.91485715615986,5.53524434648493,5.13786241172375,4.33057497578978,4.33057497578978,4.33057497578978
"RN7SKP203",5.85484684019812,5.92395793531019,6.55665892062138,6.24586930570413,6.40903241569879,6.24225613351204
"SNORD115-5",6.04388889103782,5.79633174395148,5.93909051704448,5.47521948736164,5.77775078358577,4.76371589021208
"SNORA33",5.36825224778896,5.58358169504195,5.66493901424027,5.66870520190303,5.67254547946021,5.97857887220761
"SNORD115-33",6.37820212442732,6.49227442759739,6.03261425473495,5.39408088420441,6.00415649635366,5.07532107295397
"SNORD114-11",6.2372372059446,6.08491777140764,5.19204933581343,4.33057497578978,4.56883750728876,4.33057497578978
"RN7SKP160",5.29925920898593,5.37374005388151,5.29031095099465,4.99090412180236,5.17836802896297,4.88837907797739
"SNORD115-4",6.09517066737624,6.12926986364968,5.60065691610817,5.17826991240815,5.29596108369109,5.37273133131448
"SNORD115-8",5.62750733317344,5.58358169504195,5.29031095099465,4.95373220111794,5.46935070319513,4.76371589021208
"SNORD8",5.6525384434395,5.58358169504195,5.63329680407505,5.51331587387945,5.39908280147121,5.40006335275449
"SNORA80",5.54851785949931,5.62971160557788,5.98677983682015,5.74594758405598,5.69081184736494,5.77550668699715
"RNU4-1",9.58576932572485,9.66069007540449,11.2272728701354,9.8788016178089,9.77991273468624,9.99761020480449
"SNORA38",5.29925920898593,5.28072429172865,5.93909051704448,5.74594758405598,5.57607598002124,5.93108273336772
"SNORD114-2",5.93418371095413,6.26653250017841,5.49586482724437,4.33057497578978,4.33057497578978,4.33057497578978
"SNORD114-4",5.67698376420325,5.60690679268508,4.94418431550225,4.33057497578978,4.33057497578978,4.33057497578978
"SNORD14E",5.0958257135656,5.00838899562681,5.53204272811162,4.91404266993799,5.49165273270531,5.34453517938545
"RNU6-681P",5.36825224778896,5.28072429172865,5.53204272811162,5.35063533644267,4.74232802187034,5.15195654074678
"SNORD46",5.67698376420325,5.37374005388151,6.23887088147353,5.6525587184268,5.79433681434327,5.67858866699434
"SNORD115-32",6.22223378738274,6.12926986364968,6.09823090651264,5.43553531135657,5.90403138225395,4.88837907797739
"SNORA74A",5.14109345202186,5.17594971784969,5.88936033417274,4.99090412180236,5.29596108369109,5.40006335275449
"RNU5A-8P",4.33057497578978,4.33057497578978,4.33057497578978,4.64396487703681,4.33057497578978,4.88837907797739
"RNY1",10.0759283377074,9.9272058464861,11.6136431038914,10.615915250847,10.8058996301545,10.6639177456942
"RNU6-353P",5.22411723473243,5.37374005388151,5.33538540566403,4.82464481268825,5.17836802896297,4.76371589021208
"SNORD115-42",5.6525384434395,5.55970553524277,5.86366298223323,5.45558649408591,5.51344929562775,4.58127373257168
"RNU1-24P",5.29925920898593,5.48441204341114,4.94418431550225,4.82464481268825,5.07654591073903,4.58127373257168
"RNU6-853P",4.93817568778476,5.00838899562681,5.13786241172375,4.95373220111794,4.80549449477315,5.18746296578136
"SNORD114-9",5.72424503540458,5.51016048524524,4.94418431550225,4.33057497578978,4.33057497578978,4.33057497578978
"SNORD114-13",5.74711795931809,6.11466471136286,5.29031095099465,4.33057497578978,4.33057497578978,4.33057497578978
"SNORD114-6",5.89520136979655,6.2134331229608,5.2426758087291,4.33057497578978,4.33057497578978,4.33057497578978
"SNORA65",5.46268370782665,5.37374005388151,6.00991838444328,5.56781120866857,5.79433681434327,5.7938961322474
"SNORD114-30",5.43226952355336,5.6520241287847,4.86296472820736,4.33057497578978,4.33057497578978,4.33057497578978
"RNA5S9",5.26254826080776,4.90491546544878,5.45827589049947,5.05921631031587,5.37441071259404,5.40006335275449
"SNORD115-22",5.85484684019812,5.09718127405855,5.19204933581343,4.99090412180236,5.57607598002124,4.68467332000649
"SNORD115-23",6.16034128042322,6.05442078166421,5.98677983682015,5.37262261357025,5.90403138225395,4.94087121374919
"RN7SKP71",5.46268370782665,5.09718127405855,5.69565584988958,5.80400878913798,5.94799804642505,5.63720988468804
"RNU4-24P",5.26254826080776,5.37374005388151,5.13786241172375,5.05921631031587,4.99924798284876,5.69868419475818
"RNU6-646P",4.80259831140558,4.77662214806139,4.86296472820736,4.82464481268825,5.17836802896297,5.18746296578136
"SNORA55",5.5207400332063,5.37374005388151,5.29031095099465,4.95373220111794,5.17836802896297,5.50195500208462
"RNU6-312P",4.87482195210638,5.09718127405855,4.63910910251109,4.91404266993799,5.20943279770974,5.11466593771837
"SNORA71C",5.04742567774093,5.05426032044833,5.63329680407505,5.25661469107151,5.37441071259404,5.28523604052962
"SNORD114-15",5.29925920898593,5.58358169504195,5.13786241172375,4.33057497578978,4.33057497578978,4.33057497578978
"RNVU1-6",5.40082433975998,5.58358169504195,5.29031095099465,5.56781120866857,5.7264309006772,4.94087121374919
"SNORD114-17",5.72424503540458,5.81547244195914,5.13786241172375,4.33057497578978,4.33057497578978,4.33057497578978
"RNU1-91P",5.5207400332063,5.62971160557788,5.29031095099465,4.87127988604197,4.95674843757777,4.83010453277739
"SNORA14A",5.29925920898593,5.37374005388151,5.69565584988958,5.20526093226038,5.53476861827663,5.50195500208462
"RNU6-60P",5.54851785949931,5.55970553524277,5.29031095099465,4.95373220111794,4.95674843757777,5.28523604052962
"SNORD113-4",6.64290506183329,6.64638115531134,5.93909051704448,4.33057497578978,4.33057497578978,4.58127373257168
"SNORD114-29",5.3344412562722,5.60690679268508,5.0153475618871,4.33057497578978,4.33057497578978,4.33057497578978
"RNU1-59P",4.93817568778476,4.77662214806139,4.33057497578978,4.33057497578978,4.80549449477315,4.33057497578978
"SNORD113-3",6.37820212442732,6.44792678694728,5.49586482724437,4.33057497578978,4.33057497578978,4.33057497578978
"SNORA5C",6.4305009759227,5.99099191043792,6.74960856768488,6.25557621208894,6.21725309445207,6.3267847648848
"RN7SKP9",5.26254826080776,5.00838899562681,5.41912560421338,5.15028716110163,5.55563637036578,5.45239055899795
"RNU5E-4P",4.7165496130104,4.69525161239808,5.0153475618871,5.15028716110163,4.99924798284876,4.88837907797739
"SNORD115-1",5.54851785949931,5.43072800972915,5.19204933581343,4.91404266993799,5.4465120496375,4.68467332000649
"SNORD114-3",6.16034128042322,6.00716920758814,5.49586482724437,4.33057497578978,4.56883750728876,4.33057497578978
"SNORD114-24",5.67698376420325,5.24729833481842,4.94418431550225,4.33057497578978,4.33057497578978,4.33057497578978
"SNORD113-9",5.93418371095413,5.90657782030436,5.29031095099465,4.64396487703681,4.33057497578978,4.33057497578978
"SNORD115-20",5.9531937412958,5.85279833732561,5.78285907365734,5.15028716110163,5.67254547946021,4.83010453277739
"SNORD115-35",5.36825224778896,5.37374005388151,5.13786241172375,5.05921631031587,5.39908280147121,4.83010453277739
"SNORA23",6.45587737080958,6.0388771203416,7.24013763794434,6.81268653696954,6.99805561656189,7.11942799821587
"SNORD114-20",7.45586048096702,7.56466638683442,6.55665892062138,4.71402308857299,4.33057497578978,4.33057497578978
"RN7SKP80",6.62092605244302,6.40200899166213,6.72369361431858,6.79359655144538,6.54062432223393,6.7682951030033
"RNU1-60P",6.12819034179057,5.88893120691801,5.69565584988958,6.61569797312695,6.33784955861795,5.86456156907527
"SNORD103B",5.49214979402744,5.28072429172865,5.53204272811162,5.4150421589993,5.32290848716218,5.54910236469605
"SNORD114-18",5.5207400332063,5.67386991742712,4.63910910251109,4.33057497578978,4.33057497578978,4.33057497578978
"SNORD113-1",6.28119912210877,6.32990443424444,5.93909051704448,4.33057497578978,4.33057497578978,4.33057497578978
"RN7SK",18.5456392204347,17.9099444192991,19.1266426750789,18.9453810539857,18.8579350436933,18.6953070745392
"SNORD114-12",5.57553933579376,5.67386991742712,5.13786241172375,4.33057497578978,4.33057497578978,4.33057497578978
"RNU6-8",5.57553933579376,5.58358169504195,5.86366298223323,5.15028716110163,5.74380775294986,5.61588662529712
"RNU1-16P",5.72424503540458,5.62971160557788,5.3782345210694,5.15028716110163,5.17836802896297,5.22140032273235
"RNY3",6.57584372992704,6.34220771365591,7.12804990920464,6.50107558601883,7.13718924578107,6.30320502760512
"RNU6-652P",5.43226952355336,5.43072800972915,5.60065691610817,5.37262261357025,5.26812364332126,5.40006335275449
"SNORD115-43",5.29925920898593,5.2124335202594,4.94418431550225,4.95373220111794,5.57607598002124,4.88837907797739
"RNU1-122P",5.43226952355336,5.51016048524524,5.29031095099465,5.39408088420441,5.4465120496375,5.07532107295397
"RNVU1-20",4.99520527768772,4.77662214806139,5.2426758087291,5.23135019106063,5.20943279770974,5.40006335275449
"RN7SKP230",5.3344412562722,5.17594971784969,5.75456202992873,5.37262261357025,5.49165273270531,5.50195500208462
"VTRNA1-3",6.26671530794524,5.69527237656877,7.00607707526862,5.89887096339096,5.88899535302041,6.25468438971641
"RNU4-2",11.5830705948682,11.371167476716,12.7772315735365,11.7623174611171,12.3909764891789,11.5532219743095
"MIR421",6.36478816236259,6.5245731111976,6.52664985962964,5.66870520190303,5.82678316373963,5.93108273336772
"ZNF525",8.42940778608008,8.44013107304247,7.92313041789343,7.84889899509966,8.23220997116397,7.78879360873929
"LINC00449",5.14109345202186,5.2124335202594,5.29031095099465,5.3049269085433,5.42310223496893,5.54910236469605
"INF2",5.76951971169128,5.2124335202594,6.36527543281753,6.14439749474012,5.81067810207035,6.67320839276355
"PDCD4-AS1",5.04742567774093,4.90491546544878,5.07933519419276,5.12120644125242,4.95674843757777,5.25394328805817
"FAM83H-AS1",5.29925920898593,5.45795213323723,4.94418431550225,5.87256822454692,5.20943279770974,6.38389343266527
"EFCAB2",7.59911006013672,7.81506738043907,7.80802279742507,8.21752395515374,7.55648106711701,9.0207668972356
"COX20",10.6342780456526,10.6646536775068,10.25754253117,9.76797839676195,10.1589076909101,9.49435534353858
"CHML",11.4711989602162,11.4155316815853,11.4331142191488,10.8813251933838,11.1982131691094,10.6864917776471
"IBA57-AS1",5.3344412562722,5.58358169504195,5.63329680407505,5.37262261357025,5.42310223496893,5.71840792780094
"C1orf95",8.0758215895408,7.98775968103525,8.73896859456404,8.7723293876574,8.80203762333912,8.81139499085974
"TATDN3",8.86426533335222,8.97748073945348,8.63863716092216,8.90614395165815,9.00597386034892,8.5117289367599
"SERTAD4-AS1",5.76951971169128,5.79633174395148,5.60065691610817,5.93722994218226,6.14621490998224,5.28523604052962
"C1orf132",8.82324580138695,8.83954363430369,8.46039665322925,7.22894857757171,8.13060597433785,7.46112122694523
"C1orf53",4.87482195210638,5.00838899562681,4.94418431550225,5.15028716110163,5.23931319139556,5.18746296578136
"SAMD5",9.74169000004418,9.9462391387305,9.59289407307803,9.12048846997021,9.32988296838203,10.2516065180537
"GPR52",6.72736783383392,6.91767973622659,6.6427968877454,6.23608662521658,6.43837371911831,5.71840792780094
"METTL11B",4.60390596466056,4.69525161239808,4.86296472820736,4.64396487703681,5.03903521958369,4.76371589021208
"CENPW",5.85484684019812,6.15796744435664,6.29459653090917,7.08653824488785,6.21725309445207,8.11019697759067
"MSTO2P",6.55271216369173,6.39026961629101,6.05488661074004,6.26520864888704,6.71621387992826,6.03906618111504
"SPRN",7.60996522475048,7.20310972633089,6.43225541936395,6.59355663474754,7.18247781860919,6.22970329815221
"FAM229B",9.62735158112343,9.67216990183475,9.56851241665407,9.81989559249726,9.63365802755632,10.4227296615819
"FANK1",6.52916670743809,6.78446930270084,7.15693190923556,8.47001307667684,6.87143231354906,9.69969295921139
"METTL10",8.43850386345387,8.49819140515285,8.41410721881369,8.34614950452169,8.2636699680789,7.97972245629034
"CCDC162P",5.5207400332063,5.7368316223205,5.7255112363932,5.789777878405,5.20943279770974,6.00920807852439
"PPAPDC1A",5.29925920898593,5.37374005388151,4.33057497578978,4.91404266993799,5.46935070319513,4.33057497578978
"BVES-AS1",5.22411723473243,5.45795213323723,5.3782345210694,5.15028716110163,5.46935070319513,5.37273133131448
"LINC00577",5.49214979402744,5.60690679268508,5.91449335713677,5.45558649408591,5.74380775294986,5.42659714675519
"HIST1H3H",7.10846414954516,6.81046349923715,8.71691803825858,9.07014202555374,8.11054322171175,8.06141674089896
"HIST2H2BF",8.65416781502297,8.17456027369429,9.82376882759716,10.1042421936383,9.15000543993624,9.49557411975001
"FAM231D",5.36825224778896,5.6520241287847,5.41912560421338,5.0909007841773,5.29596108369109,4.98896808752624
"FAM72C",4.33057497578978,4.58878259651035,4.63910910251109,5.05921631031587,4.91093888395682,5.18746296578136
"HIST2H2BC",5.6018543074561,5.48441204341114,5.7255112363932,5.37262261357025,5.49165273270531,5.34453517938545
"NBPF16",5.6018543074561,5.79633174395148,5.91449335713677,5.91179944389842,6.03126530424217,6.26699080821412
"NBPF20",8.43547824860969,8.25033539374865,8.18501245887936,7.92211078054445,7.93899227619341,7.93704885298599
"NBPF24",5.9531937412958,6.186010907159,6.03261425473495,5.97436269294477,6.00415649635366,6.22970329815221
"ATP1A1OS",5.83411797820783,6.26653250017841,6.65662472716031,6.41013865333125,6.32734927396785,7.27208363450596
"RBM20",6.59857684600822,6.59698438339265,8.55228367163176,7.32802183081119,7.05418286515398,7.83994996356416
"C6orf164",5.97189916146181,6.36646410882688,5.88936033417274,5.6525587184268,5.42310223496893,5.7938961322474
"C6orf163",7.72915364180026,8.02784701667875,7.7715894574761,7.17178260254888,7.20457967841515,7.3991396335566
"SNHG5",8.99105829743228,8.88371674545056,9.48536553940257,9.33071179407689,9.29995175138841,9.41025461702695
"RIPPLY2",6.19167384472197,6.00716920758814,5.53204272811162,5.23135019106063,5.57607598002124,5.25394328805817
"GDI1",12.792255845088,12.6257432754691,12.2423997142963,12.6978526177144,13.0753171918389,12.3056938786135
"PCMTD2",10.751682433933,10.801554786137,10.7836258473362,10.9321831496973,10.8594218444577,10.931160673573
"CYP17A1-AS1",5.22411723473243,5.05426032044833,5.2426758087291,4.82464481268825,5.17836802896297,4.98896808752624
"LIME1",6.02629639048941,5.94108086001497,6.00991838444328,6.07923636656541,6.47648978420022,5.881557447727
"LINC00632",7.88435423161158,8.67098600898378,7.94507471577092,7.11215977246549,7.21005064912976,7.40441060627693
"SAMD13",6.79714772954774,6.49227442759739,6.79998829512151,6.29367165290976,6.8503189605295,6.69100632749698
"FAM127B",7.08505419616435,7.08893281579373,7.22207310011052,7.29280372056405,7.24775658987465,7.05332344381605
"CCDC160",6.70674692185684,6.65604391987176,6.72369361431858,6.70074998087008,6.7774670989655,7.1886712995919
"EFCAB7",9.28409104649794,9.43128555671802,9.3073367562706,9.421823964629,9.44374911456541,9.93971006962977
"C9orf37",7.56603455452022,7.34402419881522,7.4247982507733,7.62119967607547,7.96480054455903,7.46616498671517
"ZYG11A",6.02629639048941,6.05442078166421,6.52664985962964,5.92458453824114,5.74380775294986,6.24225613351204
"LIPJ",5.70087603390657,5.24729833481842,4.63910910251109,4.77291247508709,5.34903754503733,4.83010453277739
"TRPC5OS",4.7165496130104,4.84495094307666,4.7660846074949,4.87127988604197,4.66714835127326,5.571858798105
"LRRC73",7.23412992501544,6.80185420069733,6.65662472716031,6.65890241898307,6.79235481056696,6.74302312567997
"LINC00963",8.26522052484028,8.11158483754391,7.92864829383441,8.69129779065372,8.72143642010569,8.62542911699738
"FOXO6",5.36825224778896,5.37374005388151,5.41912560421338,4.99090412180236,5.37441071259404,4.83010453277739
"TCEAL5",6.33753079965724,6.31748106638303,5.19204933581343,4.87127988604197,6.3482640446452,4.58127373257168
"SYS1",9.38610556689202,9.40949714200264,9.43422886625994,9.55676514405856,9.48089996006794,9.87845288764269
"TCEAL6",6.22223378738274,5.92395793531019,6.09823090651264,4.71402308857299,5.26812364332126,4.33057497578978
"INPP5B",8.96825130732817,8.89944897762756,8.88168823501977,9.0219488354814,8.91504825945384,9.03761072438037
"NEU4",4.33057497578978,4.69525161239808,4.33057497578978,4.64396487703681,4.66714835127326,4.68467332000649
"MAFB",6.55271216369173,6.75796460995273,7.99324667467734,7.08653824488785,7.59848954611405,6.13809210754304
"TRAF3IP1",8.73996898181716,8.90530445890846,8.62854495853205,8.75009751507205,8.5851575916591,9.30015741663468
"CHIC1",9.60603967058103,9.7424627855672,9.33857891940322,9.37802299058258,9.19543279022115,9.3481834233106
"GIGYF2",11.453793038253,11.5006872722988,11.4127275334028,11.2919224354135,11.4043228233351,11.3317838820244
"C2orf72",9.91197868666925,9.75978204708712,9.69295160660536,8.48356564182963,9.58382697032583,7.388537870084
"RUFY2",10.814549278154,10.9121373577966,10.6646817546392,10.5194223869147,10.5942746993576,10.5205085463036
"NHSL2",7.10070481615422,7.12350224223334,7.57388309620775,6.15492760336544,6.31676160488645,6.59953871009217
"PHACTR4",9.2518503022694,9.61145038325801,9.48536553940257,9.56768650211998,9.51386160043162,9.76783981885991
"ASAH2B",7.94966016818804,8.10819213742006,7.62254778683394,7.44873701099171,7.43172155984136,6.96235222053922
"AGAP6",8.00393230488051,8.24417195879829,8.09969380630289,7.82465172168349,7.93246643504887,8.23560635357831
"TIMM23B",5.54851785949931,5.85279833732561,5.69565584988958,5.73093733123111,5.42310223496893,5.50195500208462
"ZDHHC18",8.70274593815867,8.63617355566335,8.67504644412205,8.62301016216872,8.79310287251499,8.14805536708478
"BMS1P5",6.88187679516349,6.83596763058775,6.8122948523233,6.97340256901771,7.16001841268955,6.97674618414927
"AGAP7",6.60979856227587,6.59698438339265,6.51138402021999,5.02596345433389,4.86095996838829,4.58127373257168
"LRRC37A5P",5.5207400332063,5.09718127405855,5.3782345210694,5.91179944389842,5.51344929562775,5.94713050764567
"GPRIN2",9.40782643342965,9.18097797195962,8.01932138505468,7.45271987624042,9.25255306398883,6.59003562630551
"BMS1P1",5.57553933579376,5.87100821421757,5.33538540566403,5.58533341826546,5.87375914045291,6.1912683413666
"TMEM57",10.8444157868782,10.9332717261498,10.5722840887652,10.6964436012634,10.9233407015813,9.71546628796278
"ZDBF2",11.4091444648929,11.3559523739263,11.238899984803,10.9995598606978,11.1090503432669,11.3129093667747
"DAXX",9.13388832793336,8.92272915376826,9.04726577808308,9.46140673660271,9.48201092031927,9.37624849007758
"BMPR2",12.1535117199763,12.3547225728827,12.414114659623,12.0341004317876,12.1128783176336,11.851465831
"TCEA3",5.72424503540458,5.62971160557788,6.05488661074004,5.51331587387945,5.42310223496893,6.38389343266527
"PFDN6",8.03633134806057,7.96164951102611,7.99849992386532,8.3588189005965,8.27657677634417,8.58010372668895
"RING1",9.01755385566988,8.8678104264034,8.68156823853044,9.431822109736,9.32741232844961,9.3318971846777
"HSD17B8",5.74711795931809,5.58358169504195,5.81044805857035,6.75458712720843,6.21725309445207,7.54449906108898
"RXRB",9.04950768501134,9.1484500301391,8.96418868834313,9.63672601098936,9.65055138538122,9.73106883314095
"OXLD1",7.62073759712291,7.24752405153874,7.46357654594288,7.58907586411754,7.68283904712796,7.80868786012119
"COL11A2",7.32972286304845,6.65604391987176,6.73671357377245,7.22427350818905,7.5734348367007,6.17818765351574
"HNRNPCP2",5.79147317606317,5.88893120691801,5.69565584988958,5.94973919615279,5.77775078358577,5.94713050764567
"BRD2",11.6026939212899,11.5029377973138,11.4063585294228,11.7307007119839,11.8779745787878,11.9226847965452
"HLA-DMA",5.3344412562722,5.31286008562374,5.13786241172375,5.12120644125242,4.95674843757777,5.5258120673756
"COL5A2",10.3677906088266,10.2177394974889,10.701966332553,11.9913398170394,11.0887889132534,13.2607521040597
"PSMB8",4.60390596466056,4.33057497578978,4.63910910251109,4.55239249687834,4.74232802187034,4.58127373257168
"TAP2",5.5207400332063,5.48441204341114,4.86296472820736,5.05921631031587,5.29596108369109,4.58127373257168
"SPIN3",8.32534240882815,8.35124458435623,8.26552265982298,8.09651893816397,8.44602302521782,7.77267492272428
"TNRC6C-AS1",4.60390596466056,4.84495094307666,4.86296472820736,4.55239249687834,4.80549449477315,5.15195654074678
"COL15A1",6.74767673763211,6.67516177549202,6.27629400697231,6.3841869298852,6.64378255741951,6.06819675099262
"NOTCH4",6.80682798154666,6.63664771748306,6.74960856768488,6.57103832417983,6.81438320244227,6.37267378303614
"PBX2",9.23632262986296,8.95130909473487,9.03204994338449,9.3550872252819,9.72186368347251,8.96550150626289
"AGER",5.62750733317344,5.58358169504195,5.69565584988958,5.83193623690723,5.91887334582027,5.86456156907527
"RNF5",10.2534120380307,10.1651038025704,9.77133290123044,10.260427233978,10.4468368041066,10.0557541601154
"AGPAT1",10.2125895529164,10.0253341885568,9.92186911187054,10.0700995827323,10.2800389784641,10.0916432763797
"DFNB59",6.19167384472197,6.32990443424444,6.16047993900056,6.23608662521658,6.01778816310778,6.84927332268354
"PRRT1",6.02629639048941,5.83429039028268,5.81044805857035,5.7607533951804,5.63503194179442,5.81198514857821
"FKBPL",6.86349994425119,6.79318972059234,6.84855731667408,7.05515127625664,7.22633559280886,7.21903860434312
"MRPL38",6.65375981739783,6.17206882112393,6.58599920034065,6.31229699252743,6.45757155210179,6.34993536391042
"SMIM5",4.80259831140558,4.69525161239808,5.19204933581343,6.51694844538658,5.07654591073903,8.12925164032365
"ERICH2",4.87482195210638,5.09718127405855,4.7660846074949,4.77291247508709,4.86095996838829,4.68467332000649
"SP5",4.80259831140558,4.33057497578978,5.2426758087291,6.12306193840807,5.70876948923922,4.76371589021208
"CYP21A1P",5.76951971169128,5.60690679268508,5.41912560421338,5.28112095084593,5.82678316373963,5.18746296578136
"STK19",8.06015644934267,7.94651162791852,7.87248208979373,8.17752163690822,8.32707031228796,8.32637343054268
"BTBD17",7.10070481615422,6.57669813123392,6.6427968877454,7.42459969106249,6.95275775737551,6.91823902392529
"DXO",7.7827951013011,7.62320475048297,7.72786621708424,8.06330259676767,8.13911874261562,7.87808435944297
"SKIV2L",9.42618708337986,9.16154956259911,9.39910039251952,9.91985638204716,9.77357710807641,9.66111725822695
"C9orf129",6.44325127059483,6.2134331229608,6.399200953035,5.20526093226038,5.79433681434327,4.76371589021208
"NELFE",9.40010653467529,9.33631820847555,9.31573450692466,9.93117341584744,9.66039691390576,10.1148182108349
"C10orf126",4.33057497578978,4.33057497578978,4.33057497578978,5.02596345433389,4.56883750728876,5.59411117987997
"ZBTB12",7.49159265832426,7.17049332813552,7.44819344488401,7.89618662345396,8.03953315681097,7.30070367541957
"SDHD",8.09131659757039,8.0876648197721,8.56645426454561,8.54023943131496,8.07251872154137,8.7956296465034
"EHMT2",10.534217305555,10.2333176250107,10.6094446245817,10.7691706324414,10.9484569781064,10.2165766418685
"C1orf134",6.78739762772996,6.68461897403412,6.58599920034065,6.27476788446092,6.86443091536721,6.27917803362026
"LAYN",5.0958257135656,4.84495094307666,5.56693702969189,5.23135019106063,5.11210946503177,5.7938961322474
"NEU1",8.91286086175524,8.73379375907277,9.02438124038737,9.05209611921734,9.00442722589531,9.19151037447996
"C6orf48",10.031670438487,9.89131768550979,10.1024878261255,10.5203591168227,10.5563026914651,10.5169140290116
"HSPA1B",7.64731463068176,7.52424624116357,8.1239092480457,8.60364716934095,8.51292597134827,8.9760268314011
"HSPA1A",7.57714608324443,6.75796460995273,5.78285907365734,5.45558649408591,5.91887334582027,5.61588662529712
"HSPA1L",6.58725916525107,6.08491777140764,4.94418431550225,5.70027502758029,5.32290848716218,6.34993536391042
"LSM2",8.19889151572816,7.99145094190824,8.29564766292227,8.63693004494885,8.43225937392801,8.82892667498782
"VARS",9.5624461256505,9.22843168569077,9.88144885364063,9.5374512490086,9.58899146038197,9.06251233281305
"VWA7",5.40082433975998,5.37374005388151,4.94418431550225,5.60255728389094,5.61575483702208,4.94087121374919
"MBD5",10.5335122788441,10.7799749845586,10.9592443737779,10.1079863833719,10.2067084155301,9.90253439152294
"MSH5",5.85484684019812,5.85279833732561,5.69565584988958,6.07923636656541,5.59610890044655,6.3267847648848
"LY6G6C",5.04742567774093,5.00838899562681,4.7660846074949,5.05921631031587,4.86095996838829,4.88837907797739
"ABHD16A",6.49303627369584,6.05442078166421,6.33042650449943,6.26520864888704,6.61028206685648,6.45980961472376
"LY6G5C",6.87271940713298,6.85270764240235,6.3126379774091,7.01215778318072,7.41295937702227,6.21702304029175
"CSNK2B",7.60996522475048,7.45598363703094,7.64962153261386,7.85489669964497,7.65129641608071,7.86675109047803
"GPANK1",7.59365102268043,7.37286346670873,7.71512204712023,8.12897975024973,7.96799393447305,8.06472115701416
"C6orf47",8.37041808834304,8.16806052790184,8.22135559310035,8.57500803822539,8.60163747250555,8.65414112207079
"FAM155A",9.08462723266314,9.35781187672429,8.99851952195043,9.00596535396008,9.41959878392584,7.62771562040674
"APOM",5.93418371095413,5.71625300812078,5.75456202992873,6.15492760336544,5.77775078358577,6.43857020096946
"BAG6",11.6884715508611,11.4422470410117,11.5695981964804,11.5841030260899,11.8945351207961,10.9153210558428
"DGKK",5.5207400332063,5.85279833732561,5.19204933581343,4.64396487703681,4.95674843757777,5.63720988468804
"PRRC2A",11.3171139601098,11.1592238829823,11.6658479112565,11.3539196232046,11.522058517768,10.9512736009296
"NFKBIL1",7.69392978229176,7.25375484327826,7.83768552609725,7.92211078054445,7.98700536437452,7.43562724486477
"ZNF814",9.1851181449304,9.48174912088029,8.98277629335664,8.75009751507205,8.91009964626883,8.54985531764925
"MICB",5.40082433975998,4.84495094307666,4.7660846074949,5.53181738139766,4.33057497578978,6.02423069666386
"ZNF551",9.05148142646217,9.12188771346692,8.87601615466618,8.64556191386529,8.78230730861149,8.32086608716149
"MICA",6.35123217836489,5.88893120691801,6.05488661074004,5.70027502758029,5.39908280147121,6.02423069666386
"ZNF805",8.94295135294703,9.04973483161436,9.27108955064791,8.94019354328834,9.04711647923565,9.06908060194216
"HLA-C",7.17640770575393,6.69400971602305,6.74960856768488,7.71010036661018,7.33529412807663,7.89677467350811
"CCHCR1",7.50330448909053,7.38423491701478,7.62936499745985,8.119070193026,7.97753136679775,8.40393712176816
"DHX16",9.29745302067819,9.06550369555416,9.15418720389201,9.54022628087655,9.53863108094688,9.77588528369186
"C6orf136",7.82522337839033,7.44518124642502,7.49384682798959,7.2793645171567,7.495483467887,6.89563633808235
"MRPS18B",9.82819813404936,9.58375525699587,9.47040228525843,9.61670986771753,9.54714768227108,9.74445572814044
"PPP1R10",10.430485145015,10.3999432915649,10.2200345141062,10.3474582061772,10.4542102151389,10.356562694559
"ABCF1",9.93565815924814,9.83830185280998,9.67021863269374,10.3823976982159,10.3351486270343,10.5096980045679
"PRR3",9.06912428892789,9.10672807900063,8.80315924048954,9.0113129406992,9.22494019162892,8.77366590609715
"DDR1",12.3176823970554,12.0489464082354,12.3964259261055,13.0469017901719,12.7979052603174,12.9921905346598
"LINC01123",5.97189916146181,5.97458977678836,4.94418431550225,4.99090412180236,5.53476861827663,4.83010453277739
"GNL1",10.394439518056,10.3964882990273,10.4297781462943,10.20382181734,10.4233321331666,10.1156107401271
"HLA-E",6.69631622744201,6.186010907159,6.84855731667408,8.13882100771673,6.8573932640096,8.89883537704503
"TRIM39",8.4743216125901,8.30464288391456,7.93962027758522,8.4484538693029,8.30708618189687,8.7328506243017
"ZNF468",8.1845265564615,8.22864613726104,8.21235607275838,8.47777308141497,8.20545399040981,8.33732495453085
"ZNF616",9.4915751603038,9.53302533619556,9.59289407307803,9.70590686660947,9.7862206309522,9.44726067958056
"PPP1R11",9.55551388153408,9.47913676435949,9.11621961141978,9.7417029937363,9.70864007468734,9.7888641213946
"ZNRD1-AS1",8.53492683408696,8.78128528618915,8.97218424115071,8.58939905639909,8.60163747250555,8.89883537704503
"PTCHD2",9.5925578445948,9.3478214101427,9.63710790039441,9.64705986628676,9.95088285755011,9.06908060194216
"GNB2L1",12.9720929268724,12.8137141184536,13.5116538524279,13.6767306176426,13.3413822970006,13.7964790451507
"TBC1D8",8.24806163007159,8.11496949348091,8.35405945616691,8.04770717304165,8.47763332468454,6.82548453408029
"CRHR1-IT1",9.79091430910271,9.84440246211252,9.33651706677462,9.49326299211087,9.81823219158703,9.04429341443123
"AKT1S1",7.65780710654654,7.59910803920834,7.56679197810507,7.8337930208669,7.82376295836512,8.08438851703836
"GABBR1",11.7837320351468,11.7516662063064,11.1901081635815,10.7891270245549,11.4950948095943,9.60576663305351
"CASC10",7.42537359648511,7.19664743352791,7.72786621708424,9.32213572399588,7.56073865313527,10.8877560589935
"C10orf113",5.36825224778896,5.69527237656877,5.49586482724437,5.53181738139766,5.17836802896297,6.22970329815221
"STARD7-AS1",7.24819384114694,7.20310972633089,7.00607707526862,7.02843816393424,7.3151852881193,7.08014625782913
"MAMDC2-AS1",6.72736783383392,7.13031363970509,6.84855731667408,6.63025606291703,6.31676160488645,7.36167716427533
"TRIM27",10.6872183515012,10.7071054310568,10.7178811484069,10.5799773453362,10.8045690736603,10.638230193237
"MALRD1",5.49214979402744,5.43072800972915,5.13786241172375,5.3280834021818,5.49165273270531,6.69981722026509
"RANBP17",11.0447156261775,11.0287439241869,10.9719077152043,10.2887427858557,10.7308327554456,9.63038325789732
"FAM196B",7.66822231500951,7.7246074378157,7.37680414175874,7.08135641528514,7.3151852881193,7.3991396335566
"ZNF204P",7.60996522475048,7.62797515941513,6.62882379950556,5.47521948736164,6.54953549938818,5.07532107295397
"CBWD6",8.19172708519929,8.20662278524194,8.11909890918212,7.44474282247544,7.5479271328579,7.31759826822496
"FOXD4L6",5.5207400332063,5.45795213323723,4.94418431550225,5.02596345433389,5.14598214718274,4.68467332000649
"PGM5P1",4.60390596466056,4.69525161239808,5.45827589049947,4.55239249687834,4.33057497578978,4.68467332000649
"FAM27E4",5.14109345202186,5.09718127405855,5.45827589049947,5.58533341826546,5.63503194179442,5.40006335275449
"FAM27E2",4.93817568778476,5.13762512309315,5.0153475618871,5.23135019106063,5.53476861827663,5.5258120673756
"TTC25",7.0451330407818,7.10286449688796,7.11828713660677,8.04247056979435,7.26360887976938,9.13473106210508
"MRPL53",5.89520136979655,6.14370258404416,6.4803071669202,6.27476788446092,6.36884173554423,6.40604308854489
"MROH6",5.43226952355336,5.2124335202594,5.29031095099465,5.39408088420441,5.17836802896297,5.34453517938545
"ATXN2",10.5064626156505,10.6548550560439,10.4735590297485,10.2102221699783,10.5280937387765,10.1677416828028
"DCTN1",11.9121192252026,11.7916628119634,11.6845934975552,11.7115566416013,12.0374892840243,11.3551188195313
"PNMAL2",8.4743216125901,8.14176170676316,8.46796826016975,8.15102796989229,8.78951335673895,7.64112048431256
"TCTN1",9.37196714000501,9.41086861783338,9.68000528356944,10.2876427842481,9.36282822509376,11.4760414551177
"FAM216A",8.87990647035073,8.8375031438208,8.46796826016975,8.53467178538634,8.85279143390419,7.82440493355072
"ZBTB48",8.53492683408696,8.30760036652845,8.32097371919403,8.73723737279856,8.74015605497258,8.6993421716549
"FAM201A",5.72424503540458,5.24729833481842,5.7255112363932,4.99090412180236,5.11210946503177,5.18746296578136
"IGFL4",5.83411797820783,5.94108086001497,5.66493901424027,5.70027502758029,6.17035088062347,5.22140032273235
"MZT1",8.76184838695264,8.74907569367151,8.32515149771504,9.00194157546528,8.77869068524332,8.84624705286912
"SPINK9",5.18373077138573,5.05426032044833,5.2426758087291,4.82464481268825,5.11210946503177,4.83010453277739
"ZNF155",8.73996898181716,8.69373400747699,8.46796826016975,8.33550535345945,8.47763332468454,8.39348518624799
"C11orf83",6.67520758794867,6.29226341962715,6.74960856768488,6.97340256901771,7.05418286515398,7.19479807814737
"FBXO48",6.52916670743809,6.31748106638303,6.73671357377245,6.1653683000969,6.3482640446452,5.89830401412361
"ATP6V0E2-AS1",8.54618583798645,8.41842113902547,8.34174173769797,8.11159262389103,8.56007732317955,7.17633604835938
"ZNF783",8.88434428296179,8.59567095972145,8.23029881608044,8.33550535345945,8.79847038748619,8.01774770225266
"ZNF425",7.82522337839033,7.82338929223941,7.79598198249195,7.86086919678128,7.94872528274519,7.74814814760953
"LRRC10B",7.83448214704925,7.59423896180188,7.68275068519138,8.29431994192983,8.27657677634417,8.11339046848387
"C12orf73",8.13681717974602,8.04924681186698,8.1239092480457,8.05031828145981,8.23220997116397,7.6805890691043
"PCDHGA1",5.85484684019812,6.15796744435664,6.25772181162451,5.84564325546448,5.88899535302041,5.50195500208462
"PCDHA9",7.89323685491838,8.11496949348091,8.21686291476407,8.04770717304165,8.1559935466332,7.89677467350811
"PCDHA8",7.17640770575393,7.25375484327826,7.29296706676106,7.06043229251081,7.23172182181531,6.61834268185337
"PCDHA7",6.63196100526831,6.80185420069733,6.74960856768488,6.43557845627955,6.43837371911831,6.02423069666386
"PCDHA5",7.34286011609801,7.38423491701478,7.50131371293644,7.11722758116921,7.21005064912976,6.42781852490384
"PCDHA4",9.78973350470727,9.6209600225844,9.90249734808523,9.41780519104758,9.63365802755632,9.22276719298563
"PCDHA2",8.30889367961172,8.29870951892699,6.57141063641404,8.51218250582582,8.93304882582425,7.57744660476791
"TRIM13",11.2266809389175,11.3052727383328,11.2791405016021,11.1928907864177,11.3273544759213,10.700819275773
"SPIRE2",8.8301642122989,8.6100968777848,8.49786099064325,8.37761526210994,8.95723743288725,7.53494230908478
"AARD",5.72424503540458,5.45795213323723,5.3782345210694,5.43553531135657,5.53476861827663,5.69868419475818
"PKHD1L1",7.75866388103475,8.00976515806518,5.96317797384801,9.83277644048377,7.40348336308433,10.6215913845
"SLC35B4",10.8307080503348,10.8689162894543,10.6280930549535,10.6889650586944,10.7438497856245,10.4506318863135
"SYCE1L",5.91485715615986,5.34383018699978,5.69565584988958,5.43553531135657,5.46935070319513,5.28523604052962
"CXorf30",5.62750733317344,5.7368316223205,5.49586482724437,7.34100315303529,5.90403138225395,8.6453676721399
"TMEM231",8.75216532715029,8.78128528618915,8.79716793330851,10.0668969441092,9.06503104899544,11.0943979054474
"FAM71F2",6.35123217836489,6.68461897403412,6.54174004934149,6.1653683000969,5.91887334582027,6.65516992011782
"TMEM240",5.89520136979655,5.58358169504195,5.96317797384801,5.77536139914715,6.21725309445207,5.5258120673756
"CDKL4",6.69631622744201,6.51389521262857,6.57141063641404,6.20627032032873,6.57591271561808,5.61588662529712
"C4orf47",6.09517066737624,6.08491777140764,6.0767532850492,7.00119606273514,6.05777184720114,8.24145119078836
"TRIQK",9.6716190676621,9.63979305225456,9.81491422403141,9.56132577579692,9.47421614400509,9.95307489285309
"SDHAF1",6.90000882976452,6.87743702785821,7.04794528740955,7.10707332424053,7.34027647530114,6.91074633659562
"ARID3C",5.04742567774093,4.58878259651035,4.63910910251109,4.99090412180236,4.91093888395682,4.58127373257168
"PSENEN",8.11045172639595,8.03858705976951,7.87819958590748,8.68795946244627,8.24802647612564,9.35893947262541
"LINC00654",6.45587737080958,6.54567163620786,5.29031095099465,5.47521948736164,6.00415649635366,5.22140032273235
"ZBTB10",11.2873163508901,11.2649230312641,11.5082408958778,11.503034878334,11.4796164305545,11.2669333499492
"C4orf46",8.27541791952294,8.31055174989564,8.31678371072775,8.99790650815583,8.30204624176601,8.98820979985356
"SCGB2B2",6.52916670743809,6.45915625855364,5.98677983682015,6.01035734573399,6.2287072513673,5.54910236469605
"CCDC144NL",6.73756065626201,6.92558771782441,6.21973164683618,4.33057497578978,4.33057497578978,4.58127373257168
"LGR4",10.6296674204038,10.6908385852741,11.1815264119963,11.354182299723,10.5313150417168,12.0988900410433
"FAM106B",5.74711795931809,6.19979772223188,5.93909051704448,5.66870520190303,5.49165273270531,5.03357482878391
"PSMB10",4.93817568778476,5.05426032044833,5.13786241172375,5.12120644125242,4.99924798284876,4.76371589021208
"VIT",4.60390596466056,4.58878259651035,4.33057497578978,5.92458453824114,4.74232802187034,7.71054342470368
"RPSAP58",7.34286011609801,7.59423896180188,7.55966503163793,8.33764052430915,8.13060597433785,8.49227875959925
"E2F4",9.30243196170721,8.91694435555473,9.31991508587784,9.55127325966765,9.63065617697791,9.27623952076319
"PDE7A",10.475229130211,10.5082688541534,10.4810392461132,10.4804829819478,10.3259025969726,10.1360650570107
"TMEM170B",11.8531719373209,11.8562055732925,11.5173624884456,11.3314154566132,11.5820454605219,10.5974026067214
"CSPG4P9",6.2372372059446,6.27946357496297,6.23887088147353,5.37262261357025,5.49165273270531,4.98896808752624
"MUC12",5.04742567774093,4.69525161239808,4.86296472820736,4.95373220111794,4.86095996838829,5.07532107295397
"CTXN3",6.16034128042322,6.15796744435664,5.53204272811162,6.13377621276322,6.83605876652294,4.98896808752624
"GOLGA6L10",4.80259831140558,4.90491546544878,4.63910910251109,4.91404266993799,5.14598214718274,4.98896808752624
"SNX2",9.58168080751203,9.70607063002826,9.7073785276798,9.82748649607671,9.61555238941788,10.1345019093435
"NT5M",6.84487119178406,6.81046349923715,6.98465473288329,6.70074998087008,7.078412375402,5.881557447727
"GCNT6",4.99520527768772,5.40267998277688,4.94418431550225,5.35063533644267,5.17836802896297,4.98896808752624
"SARNP",6.54099217405613,6.88558122958182,6.51138402021999,6.70074998087008,6.62713795454819,6.75992371440338
"GPR56",10.9773660664154,10.8202402992577,11.0848231667599,11.3346138783172,11.0410030543653,10.7496183176919
"IPO7",12.0839628683299,12.1889083362225,12.3008820407079,12.1579766246919,12.0287798576978,12.4499380373815
"PRR13",7.0451330407818,6.82751949701701,7.07853172863903,7.29280372056405,7.03572703226692,8.01433248455026
"TECPR1",9.61673503043875,9.33053196164497,9.31154175413897,9.59730023024905,9.96127247232054,8.6321061243264
"C15orf59",8.52926401365878,8.07033023615464,8.31678371072775,8.03984503925376,8.90181391526014,6.38389343266527
"CFI",5.5207400332063,5.58358169504195,6.83657729618024,5.6525587184268,5.55563637036578,5.18746296578136
"SAMD9",6.111792441977,6.41364234346673,5.7255112363932,6.15492760336544,5.7264309006772,6.72590736183652
"CNEP1R1",8.83704947571897,8.79186331260931,8.83567220572049,8.67115039189151,8.77869068524332,8.72870457518211
"ATP6AP1L",7.73411488001588,7.90403269295821,7.71512204712023,7.59627790978649,7.55648106711701,7.84765914901282
"CCDC85C",9.47843965950462,9.22843168569077,9.77742304381021,9.99120145968327,9.75532031728291,9.62482538688536
"CALML3-AS1",4.99520527768772,5.05426032044833,4.86296472820736,4.33057497578978,4.33057497578978,4.33057497578978
"NAP1L4",11.0842435836201,11.1563672396361,11.0675389435075,11.2504712184749,11.3233341767195,11.2135346912455
"TMSB4X",13.4189211669649,13.2446201685471,13.1999158219934,14.0039695630551,13.476520570747,13.7692346045023
"TMEM256",6.63196100526831,6.57669813123392,6.9628925018021,7.06043229251081,6.7774670989655,7.69778336659097
"CHKB-AS1",5.46268370782665,5.58358169504195,5.7255112363932,5.87256822454692,6.10909595759182,5.81198514857821
"CPT1B",5.3344412562722,5.67386991742712,5.29031095099465,5.60255728389094,5.96229157958667,5.54910236469605
"SMN2",7.51491967875223,7.69766482825907,7.14737131843771,7.80619067008445,7.61494902704567,8.1355471002343
"SERF1B",6.89097298392508,7.06776813917055,6.65662472716031,6.78071837564872,6.84320759903549,6.37267378303614
"POM121B",5.67698376420325,5.71625300812078,6.16047993900056,5.43553531135657,5.20943279770974,5.11466593771837
"HMGN1",11.6680626848646,11.5838312071534,11.577469189865,11.8313021378226,11.9270965682233,11.7505144143209
"STAG3L1",6.26671530794524,6.0388771203416,5.86366298223323,5.6525587184268,5.67254547946021,5.5258120673756
"MUC19",6.57584372992704,6.55609522107361,7.93414485834228,7.21958267750304,6.41888706613282,6.83346059421358
"DENND6B",9.4200928379801,8.86380619020224,9.09928848577034,9.33178022014982,9.35071399112692,9.1456463191189
"EIF3CL",5.18373077138573,5.53524434648493,5.0153475618871,4.99090412180236,5.74380775294986,5.07532107295397
"LCMT1",9.51606451869675,9.53554185395783,9.61686997478053,9.47887015554612,9.64659425974179,9.45855463613502
"MFSD2B",4.99520527768772,5.40267998277688,5.2426758087291,5.3280834021818,5.29596108369109,4.83010453277739
"CDPF1",7.19106458252092,7.08893281579373,7.12804990920464,7.49193991118779,7.48206152541301,7.59593397339744
"LIN52",9.26551345947806,9.15828584114802,8.89857141295084,9.01264673655776,9.0973060322158,8.57779943472958
"SMIM11",8.62261771767438,8.65252448181681,8.81506742590681,8.28770724830254,8.55585431634013,8.19099138957331
"TECRL",5.49214979402744,5.17594971784969,5.41912560421338,4.95373220111794,4.74232802187034,4.68467332000649
"DPF3",7.71917874513055,7.66556973088888,8.09480102749024,8.08383476622187,7.96159997772213,7.58209119944952
"MANSC4",5.36825224778896,5.62971160557788,5.13786241172375,5.15028716110163,5.07654591073903,4.94087121374919
"CYP2D7P",5.79147317606317,5.69527237656877,6.09823090651264,5.92458453824114,6.14621490998224,5.22140032273235
"LINC00634",6.00844026539826,5.83429039028268,5.96317797384801,6.07923636656541,6.36884173554423,5.63720988468804
"LYRM5",8.54337936186997,8.44550755057841,8.5839729087344,8.76125645952851,8.61387435525855,9.04262565015169
"C17orf107",5.3344412562722,4.84495094307666,5.07933519419276,5.15028716110163,5.23931319139556,5.11466593771837
"ITSN1",12.4546769596112,12.5042307491502,12.4626139434456,13.0178503395181,12.3734366044458,13.964206637773
"ITPRIPL2",7.0612404615827,7.24752405153874,7.46357654594288,7.39590461736391,7.09630934344129,8.56622213080097
"CRYZL1",9.59526432117463,9.64446309657849,9.37920785449591,9.64104079453331,9.56717508264467,9.81447633058536
"RP9P",8.30226088705486,8.42115293777466,7.96668587520299,8.13390885696022,8.43225937392801,7.67191294711084
"C5orf51",10.0024114438115,10.2019912223116,10.0111348106684,9.85076739543653,9.81117970431962,9.77287349535625
"CATSPER2P1",6.07831789081791,6.22692081198388,5.98677983682015,5.89887096339096,6.04459192115025,6.3267847648848
"LOH12CR2",6.36478816236259,6.40200899166213,5.98677983682015,6.57858717013109,6.40903241569879,6.52152479638696
"CYS1",4.7165496130104,5.00838899562681,5.53204272811162,5.15028716110163,5.11210946503177,5.07532107295397
"PPAPDC2",8.47137075015292,8.49300929790695,8.30413957857438,8.43256820435577,8.73643159593757,7.81656814366023
"C16orf96",5.43226952355336,5.31286008562374,4.86296472820736,5.05921631031587,5.14598214718274,5.03357482878391
"GMNC",4.80259831140558,4.58878259651035,5.19204933581343,5.84564325546448,5.14598214718274,7.13227778960985
"TTC23L",6.77757659703764,6.75796460995273,7.05821634900997,7.77804094914846,7.00440633308007,8.61872090139936
"RFPL3S",6.04388889103782,5.79633174395148,5.75456202992873,5.789777878405,5.65395698090973,5.65810362455486
"C22orf42",8.50926617579326,8.31643631995126,8.49415830819509,7.04452813531072,7.75505115747602,5.37273133131448
"C1QTNF9B-AS1",4.87482195210638,4.77662214806139,4.86296472820736,4.91404266993799,4.80549449477315,5.11466593771837
"RPS3AP47",4.7165496130104,5.05426032044833,4.63910910251109,4.71402308857299,4.80549449477315,4.83010453277739
"ZNF316",8.05225889084432,7.65158864104377,7.75301579166825,7.87863757101133,8.1559935466332,7.73987735564204
"SRRM2-AS1",6.09517066737624,6.39026961629101,6.29459653090917,6.67299782293208,6.32734927396785,6.96956810339794
"ONECUT3",6.16034128042322,6.72179300651678,5.3782345210694,7.32802183081119,7.92591053402303,5.89830401412361
"OLIG2",4.80259831140558,4.95891832408665,4.63910910251109,6.09034204967627,4.95674843757777,5.03357482878391
"C21orf62",8.23069435517052,8.24725699666395,8.56292471789015,7.65605657597473,8.18915665934638,7.44588042081582
"C21orf49",5.93418371095413,6.0388771203416,6.34796986470843,6.29367165290976,5.8583162996779,6.44923337026561
"RNPS1",10.6603454078454,10.3692514395134,10.2640614858257,10.6586569650545,10.8666654365454,10.2851012519683
"NYNRIN",8.89976961734573,8.86380619020224,7.95592129618506,9.18341106884287,8.93467412085408,9.59329878168596
"DNAJC19",9.23632262986296,9.10163916561853,8.91525861075377,8.91758364881727,9.18318503296805,9.1300276298855
"DOK6",11.815104245594,12.0047102178034,11.1642082065961,11.2900014976914,11.5987727444469,11.5275543483636
"HN1L",9.83393758328999,9.75870566977397,9.94909911268884,10.5245668882393,10.1266102227456,10.6546792303054
"ZDHHC11B",8.8821270892434,8.96632259343604,8.72325281888699,7.95037209575121,8.40197668249007,7.16389018268598
"LINC01002",4.33057497578978,4.58878259651035,4.33057497578978,4.33057497578978,4.33057497578978,4.33057497578978
"EGFEM1P",9.15606763868563,9.52418274258933,9.78651027341612,9.38009005897819,8.96521071831647,9.17638417640136
"GOLGA8O",5.04742567774093,4.84495094307666,4.86296472820736,4.99090412180236,5.11210946503177,5.25394328805817
"TMEM191C",5.79147317606317,5.60690679268508,5.07933519419276,5.60255728389094,6.00415649635366,4.88837907797739
"HERC2P9",9.07883318781852,9.15828584114802,8.98804320778354,8.96245340169289,8.99977731842302,9.06580021591101
"GYG2P1",5.9903111609895,6.12926986364968,5.75456202992873,5.51331587387945,5.29596108369109,4.83010453277739
"ATP10A",4.80259831140558,4.69525161239808,4.94418431550225,5.4150421589993,4.99924798284876,5.03357482878391
"ANKUB1",4.87482195210638,5.2124335202594,5.0153475618871,5.71571562153576,5.11210946503177,6.51143928016197
"HNRNPA1P4",4.33057497578978,4.33057497578978,4.33057497578978,4.33057497578978,4.33057497578978,4.58127373257168
"C3orf72",4.33057497578978,4.33057497578978,4.63910910251109,5.3280834021818,4.74232802187034,5.75680447202851
"HLA-H",4.93817568778476,5.13762512309315,4.86296472820736,4.77291247508709,4.80549449477315,4.58127373257168
"HCG27",6.2372372059446,6.36646410882688,6.65662472716031,5.60255728389094,6.54062432223393,5.77550668699715
"H1FX-AS1",6.111792441977,6.43659925234347,6.72369361431858,6.81899045926147,6.61028206685648,6.96956810339794
"RAB12",10.2379141455728,10.2410440252766,9.97317393098222,9.86263780445501,10.1568232452961,9.67624187336612
"TMEM200C",9.6100597403283,9.56293724213089,9.12341526183461,10.2177497755929,9.76721350597355,10.0868015972579
"HLA-A",7.7827951013011,7.62320475048297,7.56679197810507,8.55131030298727,8.56638861486144,8.90435739993932
"PTPLB",9.62999354070297,9.5873979996678,9.57026771386293,9.59196099442727,9.51277494470214,9.6102737796752
"WDR52",8.51214014062044,8.53647152281468,8.7295597801929,9.14258209498379,8.54949640346858,10.3525347890023
"LNP1",8.72766818498407,8.79396960417558,8.27851112581537,8.26544155446111,8.44373824376095,8.22088886962682
"VGLL3",9.96105425811269,10.0501770604752,8.920778243449,9.34136054605124,8.21084539863548,9.89331982601632
"TRIM71",9.00334769545298,9.03022403949908,9.69617009451278,9.17032802321791,9.41495244988749,7.53013951862878
"ZCWPW2",6.46838189693335,6.67516177549202,6.51138402021999,6.35770001541804,6.21725309445207,6.52152479638696
"ANKRD28",11.0307957480478,11.1153483801699,11.0563172821303,10.6237812808928,10.7790524499342,10.7485970470161
"COLQ",7.21276396249247,7.50359283809551,7.46357654594288,7.46065189899311,7.25834479353564,8.35359674201096
"METTL6",9.77787194337001,9.91179616733669,9.61006033266178,9.41478373446348,9.68568483035659,9.1300276298855
"SETD5-AS1",9.56796800352742,9.77370228237421,9.72324084022193,9.38627352123666,9.73216919907673,9.57842358065742
"XKR4",12.6945857108077,12.6778941609226,12.1785741158736,11.5603939315493,12.386833738875,9.5841630018552
"SNORD116-11",5.29925920898593,5.53524434648493,5.29031095099465,5.20526093226038,5.20943279770974,5.28523604052962
"SNORA2A",5.5207400332063,5.71625300812078,5.93909051704448,5.92458453824114,5.76091096778062,5.5258120673756
"SNORD116-14",7.81590385069063,8.00246769211164,7.90084240602467,7.3750425574174,7.58601778618675,7.83219871463206
"SNORD60",4.80259831140558,5.00838899562681,5.33538540566403,4.87127988604197,5.14598214718274,5.15195654074678
"SNORA80B",5.79147317606317,5.83429039028268,6.11933501176659,6.10134683232378,5.93352705716022,6.05371984338478
"SNORA22",6.06122660456922,5.7368316223205,6.29459653090917,6.01035734573399,6.18224393265002,6.1912683413666
"RNU1-1",6.80682798154666,6.68461897403412,7.77772701745442,7.46460118607582,7.09630934344129,6.62764561149741
"SNORD116-17",5.83411797820783,5.75702651981449,5.41912560421338,5.88579523582229,5.82678316373963,6.17818765351574
"RNU6-945P",4.99520527768772,5.28072429172865,4.86296472820736,4.71402308857299,4.95674843757777,5.07532107295397
"SNORD116-18",8.69012071758765,8.65484519824644,9.19345950387976,6.60835857260747,7.13718924578107,6.65516992011782
"RNU6-26P",5.29925920898593,5.37374005388151,5.78285907365734,5.25661469107151,5.17836802896297,5.37273133131448
"SNORD116-9",6.00844026539826,6.05442078166421,5.93909051704448,5.71571562153576,5.63503194179442,5.71840792780094
"RNVU1-18",6.96163830026338,6.64638115531134,7.23113467566778,7.09684393445061,7.15434627732596,6.5513242749642
"SNORD101",5.22411723473243,5.48441204341114,5.66493901424027,5.12120644125242,5.39908280147121,5.77550668699715
"SNORA5A",5.3344412562722,5.40267998277688,5.88936033417274,5.3280834021818,5.65395698090973,5.40006335275449
"RNU6-767P",5.18373077138573,5.48441204341114,5.29031095099465,4.91404266993799,5.03903521958369,5.15195654074678
"SNORA75",5.18373077138573,5.24729833481842,5.45827589049947,5.15028716110163,5.26812364332126,5.71840792780094
"RNU6-36P",5.83411797820783,5.43072800972915,6.00991838444328,5.83193623690723,5.7264309006772,5.75680447202851
"RNU6-4P",5.9531937412958,5.62971160557788,6.03261425473495,5.84564325546448,5.87375914045291,5.63720988468804
"SNORA50",5.67698376420325,5.43072800972915,6.09823090651264,5.3049269085433,5.32290848716218,6.08250174298976
"RNU6-610P",4.99520527768772,5.00838899562681,4.7660846074949,4.64396487703681,4.56883750728876,4.83010453277739
"SNORD116-2",6.73756065626201,6.81901835644222,6.77503369616368,5.98648331822425,6.42866709038505,6.36135507851925
"RNU6-611P",5.04742567774093,5.13762512309315,4.63910910251109,4.87127988604197,4.66714835127326,5.03357482878391
"RNU1-2",6.32368052195683,6.24026434647469,6.83657729618024,6.66596874216255,6.47648978420022,6.21702304029175
"SNORA54",8.8324629673949,8.74472599239879,9.62364758391196,8.32046931273056,9.00132895853774,7.82830717021178
"SNORD116-3",5.85484684019812,5.83429039028268,5.45827589049947,5.02596345433389,5.37441071259404,5.61588662529712
"RNU6-3P",5.40082433975998,5.53524434648493,6.05488661074004,5.37262261357025,5.8583162996779,4.94087121374919
"SNORD116-1",6.67520758794867,6.81046349923715,7.17585758764933,6.07923636656541,6.55838671547071,6.52152479638696
"SNORA72",5.67698376420325,5.51016048524524,5.96317797384801,5.53181738139766,5.77775078358577,5.54910236469605
"RNU6-171P",6.35123217836489,6.49227442759739,6.55665892062138,5.94973919615279,5.55563637036578,6.48070743372353
"SNORA7B",6.22223378738274,6.12926986364968,6.55665892062138,6.01035734573399,6.19402372481779,6.25468438971641
"SNORD116-8",7.59365102268043,7.93121104702694,7.72786621708424,6.62299697790865,7.39872123984883,6.84138999912851
"SNORD116-7",6.62092605244302,6.73092761276427,6.55665892062138,6.59355663474754,6.54953549938818,6.9032122694239
"SNORD116-13",7.6314284560604,7.60396038345923,7.72150846225944,7.71341057016687,7.4639640124845,8.00747740065121
"RNU6-505P",5.0958257135656,4.84495094307666,4.33057497578978,4.87127988604197,4.33057497578978,5.5258120673756
"SNORD116-15",8.01210136645858,8.42387953790099,8.07506041228118,6.67299782293208,7.55221058705847,6.44923337026561
"SNORA14B",6.20704769793219,5.97458977678836,6.25772181162451,5.71571562153576,6.09646749403237,6.02423069666386
"SNORD116-12",5.81299943796065,5.62971160557788,5.86366298223323,5.15028716110163,5.55563637036578,5.37273133131448
"RNVU1-15",5.91485715615986,5.51016048524524,5.69565584988958,6.03376044615837,5.63503194179442,5.37273133131448
"SNORA37",5.6525384434395,5.71625300812078,6.4803071669202,5.45558649408591,5.82678316373963,5.71840792780094
"RNU6-125P",5.46268370782665,5.24729833481842,5.19204933581343,5.12120644125242,4.91093888395682,4.98896808752624
"SNORD116-29",5.87520277529963,6.2134331229608,5.78285907365734,5.84564325546448,5.93352705716022,5.65810362455486
"SNORD116-16",7.25517290337706,7.8316627210426,7.36043382064508,6.5326312524326,6.8503189605295,6.16496703674859
"SNORD116-24",7.81122104803822,8.42115293777466,7.72786621708424,6.70759898081338,7.10811313039174,6.69981722026509
"SNORD20",4.99520527768772,4.69525161239808,5.19204933581343,4.91404266993799,4.99924798284876,5.34453517938545
"SNORA2B",5.26254826080776,5.24729833481842,5.3782345210694,5.23135019106063,5.4465120496375,5.28523604052962
"RNU6-296P",4.33057497578978,4.58878259651035,4.7660846074949,4.77291247508709,4.33057497578978,5.47749470033185
"RNU6-2",6.04388889103782,5.85279833732561,6.44847108684433,5.74594758405598,6.18224393265002,5.86456156907527
"SNORD116-23",6.39147731265288,7.02443831744491,6.21973164683618,5.6525587184268,6.13396671442646,5.91480976668293
"RNU1-4",6.46838189693335,6.22692081198388,7.16642702427941,7.02843816393424,6.70835702131992,6.52152479638696
"SNORA20",5.14109345202186,5.17594971784969,5.7255112363932,5.25661469107151,5.42310223496893,5.07532107295397
"SNORD116-6",6.37820212442732,6.75796460995273,6.38235023120535,6.66596874216255,6.93287609499554,7.34530990145589
"SNORD15B",6.59857684600822,6.55609522107361,7.5161296999261,6.79998987983057,7.14293189495132,6.72590736183652
"SNORD116-19",7.87989202519444,7.86428286000716,8.64198552070115,8.75648466552255,8.24802647612564,9.7556867739649
"SNORA19",5.43226952355336,5.31286008562374,5.13786241172375,5.15028716110163,5.07654591073903,5.22140032273235
"SNORA42",5.26254826080776,5.24729833481842,5.3782345210694,5.3049269085433,5.53476861827663,5.25394328805817
"SNORA46",5.26254826080776,4.95891832408665,5.45827589049947,4.87127988604197,5.11210946503177,5.37273133131448
"RNVU1-14",6.56432869610102,6.186010907159,6.14008014374634,6.93928874200785,6.50436191355333,6.34993536391042
"RNU6-9",5.72424503540458,5.45795213323723,6.11933501176659,5.60255728389094,5.76091096778062,5.15195654074678
"RNU1-3",4.93817568778476,4.95891832408665,5.19204933581343,5.05921631031587,4.91093888395682,5.07532107295397
"SNORA66",5.49214979402744,5.67386991742712,6.29459653090917,5.789777878405,5.90403138225395,5.73777627602365
"RNU6-33P",5.04742567774093,5.09718127405855,5.96317797384801,5.12120644125242,5.57607598002124,5.07532107295397
"MIR25",4.87482195210638,4.95891832408665,5.13786241172375,5.15028716110163,4.95674843757777,5.03357482878391
"MIR647",4.80259831140558,4.69525161239808,4.63910910251109,4.64396487703681,4.66714835127326,4.83010453277739
"MIR578",5.22411723473243,5.55970553524277,5.66493901424027,5.0909007841773,5.14598214718274,4.76371589021208
"MIR635",5.18373077138573,5.05426032044833,5.19204933581343,5.05921631031587,5.03903521958369,5.28523604052962
"MIR433",5.81299943796065,5.81547244195914,5.2426758087291,4.33057497578978,4.33057497578978,4.33057497578978
"MIR181D",4.93817568778476,4.95891832408665,4.33057497578978,4.33057497578978,4.80549449477315,4.58127373257168
"MIR135A2",5.6525384434395,5.40267998277688,6.0767532850492,6.07923636656541,5.81067810207035,6.51143928016197
"MIR490",5.26254826080776,5.83429039028268,5.83737023149546,5.15028716110163,5.14598214718274,4.58127373257168
"MIR127",5.6018543074561,5.37374005388151,5.07933519419276,4.33057497578978,4.33057497578978,4.33057497578978
"MIR491",5.6018543074561,5.48441204341114,5.75456202992873,5.37262261357025,5.07654591073903,5.65810362455486
"MIR641",4.87482195210638,5.05426032044833,5.0153475618871,5.02596345433389,5.07654591073903,4.98896808752624
"MIR631",4.7165496130104,4.77662214806139,4.86296472820736,4.87127988604197,4.66714835127326,4.83010453277739
"MIR595",5.14109345202186,5.53524434648493,5.3782345210694,4.99090412180236,4.74232802187034,4.76371589021208
"MIR99A",5.62750733317344,5.62971160557788,5.93909051704448,6.23608662521658,5.55563637036578,6.45980961472376
"MIR570",5.54851785949931,5.40267998277688,5.49586482724437,5.43553531135657,5.17836802896297,5.25394328805817
"MIR621",6.59857684600822,6.77569217432756,6.16047993900056,6.65179842733786,6.53165229568474,6.92569080701315
"MIR573",5.74711795931809,6.09988234759329,5.86366298223323,5.94973919615279,5.55563637036578,5.5258120673756
"MIR186",6.16034128042322,5.77685464919912,5.66493901424027,6.10134683232378,5.70876948923922,5.7938961322474
"MIR181B2",5.29925920898593,5.48441204341114,5.49586482724437,5.35063533644267,5.07654591073903,5.15195654074678
"MIR590",5.6018543074561,5.79633174395148,4.94418431550225,5.15028716110163,5.39908280147121,5.3153992589889
"MIR553",4.87482195210638,5.37374005388151,5.2426758087291,5.37262261357025,4.91093888395682,4.88837907797739
"MIR568",5.97189916146181,6.42517175702489,6.58599920034065,6.06802763232559,6.01778816310778,6.56110919235617
"MIR605",5.3344412562722,5.24729833481842,4.94418431550225,4.99090412180236,4.66714835127326,5.81198514857821
"MIR563",5.5207400332063,5.43072800972915,5.2426758087291,5.25661469107151,5.03903521958369,5.37273133131448
"MIR124-2",7.60454807259589,7.63272951889504,7.48634011036382,7.26579459058132,7.69061605082664,5.8297852851543
"MIR30A",5.04742567774093,5.2124335202594,4.94418431550225,5.70027502758029,4.99924798284876,6.83346059421358
"MIR125B2",5.81299943796065,5.6520241287847,6.14008014374634,5.83193623690723,5.81067810207035,5.91480976668293
"MIR221",4.33057497578978,4.33057497578978,4.63910910251109,4.33057497578978,4.56883750728876,4.76371589021208
"MIR135A1",5.14109345202186,5.31286008562374,5.53204272811162,5.56781120866857,5.74380775294986,5.07532107295397
"MIR654",5.97189916146181,5.79633174395148,5.19204933581343,4.33057497578978,4.33057497578978,4.33057497578978
"MIR561",4.80259831140558,5.05426032044833,4.94418431550225,5.3280834021818,4.86095996838829,5.9629602809734
"MIR219-2",5.49214979402744,5.05426032044833,6.399200953035,5.58533341826546,5.82678316373963,5.03357482878391
"MIR569",5.04742567774093,5.17594971784969,5.45827589049947,5.35063533644267,5.34903754503733,5.61588662529712
"MIR628",4.99520527768772,5.34383018699978,5.13786241172375,4.87127988604197,4.95674843757777,4.76371589021208
"MIR125B1",6.81643943712401,7.06064047442664,7.61569752442371,6.84391681936885,7.18247781860919,7.21301798050329
"MIR154",5.5207400332063,5.62971160557788,4.86296472820736,4.33057497578978,4.33057497578978,4.33057497578978
"MIR576",5.29925920898593,5.60690679268508,5.29031095099465,4.99090412180236,4.91093888395682,5.18746296578136
"MIR134",6.12819034179057,6.06976574579927,5.53204272811162,4.33057497578978,4.33057497578978,4.33057497578978
"MIR130A",4.87482195210638,5.17594971784969,5.0153475618871,5.23135019106063,5.23931319139556,5.42659714675519
"MIR618",5.5207400332063,5.48441204341114,5.56693702969189,5.17826991240815,5.11210946503177,5.37273133131448
"MIR485",5.74711795931809,5.53524434648493,4.94418431550225,4.33057497578978,4.33057497578978,4.33057497578978
"MIR616",4.93817568778476,5.05426032044833,5.29031095099465,4.82464481268825,5.11210946503177,5.07532107295397
"SNORD78",4.33057497578978,4.95891832408665,5.19204933581343,4.87127988604197,5.03903521958369,5.07532107295397
"SNORD94",6.9872241670526,6.90972567126368,7.80802279742507,6.94503376153132,7.26360887976938,6.70857049326097
"SNORA49",7.18375548402539,7.06776813917055,7.65630972635039,7.02843816393424,7.11981699628916,7.03971372253163
"SNORD12C",5.43226952355336,5.00838899562681,6.18054720532947,5.53181738139766,5.46935070319513,5.75680447202851
"MT-TL1",4.33057497578978,4.77662214806139,4.63910910251109,4.64396487703681,4.86095996838829,4.58127373257168
"SNORD83A",5.40082433975998,4.95891832408665,5.49586482724437,5.49445599134623,5.20943279770974,5.50195500208462
"MT-TF",4.80259831140558,4.84495094307666,5.07933519419276,4.77291247508709,4.80549449477315,4.58127373257168
"MT-TV",5.62750733317344,5.58358169504195,5.49586482724437,5.37262261357025,5.49165273270531,5.25394328805817
"MT-RNR2",15.9839878897228,16.2733722685501,15.3991639662974,14.7954780295066,15.4332145819179,15.7204125821848
"MT-TI",5.5207400332063,5.37374005388151,5.88936033417274,5.83193623690723,6.29531752794964,5.40006335275449
"MT-TQ",6.12819034179057,6.24026434647469,6.43225541936395,5.68460767469218,5.20943279770974,6.98388687580245
"MT-TM",5.0958257135656,5.34383018699978,5.29031095099465,5.12120644125242,4.99924798284876,5.03357482878391
"MT-TW",6.14437114006863,5.97458977678836,5.83737023149546,6.62299697790865,7.36003032060166,6.00920807852439
"MT-TA",5.0958257135656,4.95891832408665,4.94418431550225,5.0909007841773,4.80549449477315,4.94087121374919
"MT-TN",4.7165496130104,4.58878259651035,5.0153475618871,4.64396487703681,4.74232802187034,4.98896808752624
"MT-TY",5.85484684019812,5.45795213323723,5.29031095099465,5.81805978469791,5.70876948923922,5.86456156907527
"MT-TS1",5.79147317606317,5.79633174395148,5.81044805857035,5.3049269085433,5.61575483702208,6.21702304029175
"MT-TD",4.33057497578978,4.58878259651035,4.33057497578978,4.87127988604197,4.56883750728876,4.76371589021208
"MT-TE",5.46268370782665,5.17594971784969,5.75456202992873,4.99090412180236,4.86095996838829,5.75680447202851
"MT-TT",5.43226952355336,5.55970553524277,6.05488661074004,5.93722994218226,6.19402372481779,5.50195500208462
"MT-TP",6.37820212442732,6.42517175702489,6.36527543281753,6.24586930570413,6.26245350803355,7.06680005950331
"GPX3",6.111792441977,5.94108086001497,6.03261425473495,5.7607533951804,6.04459192115025,5.99399275429218
"DIO2",5.62750733317344,5.81547244195914,5.45827589049947,5.66870520190303,5.29596108369109,6.39501592218696
"C11orf31",7.01234157832621,6.95676981986346,6.97381680886921,7.12730784464336,7.32023968222131,6.92569080701315
"GNRHR2",5.93418371095413,5.53524434648493,5.53204272811162,5.73093733123111,6.04459192115025,5.71840792780094
"AKR7L",6.12819034179057,6.26653250017841,5.7255112363932,5.56781120866857,5.55563637036578,5.69868419475818
"STK38L",9.45776554465158,9.66299336912098,9.74826287174624,9.93187778899974,9.63565579242552,10.4449683655608
"SACM1L",10.0276698481159,10.0466541816568,10.2597187924064,10.2542463700923,10.0884781395134,10.8784494059036
"MT-RNR1",15.1735321438388,14.8978282294227,14.9698340937368,13.9951542707876,14.4928553059221,14.8913051699067
"TSN",10.8232282703648,10.9550405641681,11.0027633246534,11.0039193627048,10.8491332673675,11.0302939646405
"MIR320D1",5.18373077138573,5.00838899562681,4.94418431550225,5.0909007841773,5.11210946503177,5.03357482878391
"MIR454",4.93817568778476,5.05426032044833,5.2426758087291,4.95373220111794,4.91093888395682,5.22140032273235
"MIR770",6.92676259669851,6.72179300651678,6.0767532850492,4.33057497578978,4.56883750728876,4.33057497578978
"MIR760",4.7165496130104,4.69525161239808,4.86296472820736,4.82464481268825,5.11210946503177,4.76371589021208
"SLC48A1",8.63057049591439,8.46681400830921,8.11909890918212,8.20118777878336,8.62399265091434,8.50446600422867
"IGLV5-52",5.18373077138573,5.62971160557788,5.3782345210694,5.39408088420441,4.99924798284876,5.15195654074678
"IGLV1-51",5.57553933579376,5.40267998277688,5.33538540566403,5.35063533644267,5.20943279770974,5.25394328805817
"TRDC",6.04388889103782,5.75702651981449,5.69565584988958,5.789777878405,5.76091096778062,5.571858798105
"MIR708",5.62750733317344,5.24729833481842,5.53204272811162,5.02596345433389,5.23931319139556,5.75680447202851
"MIR374B",6.22223378738274,6.50312951392523,6.20029399103025,5.73093733123111,5.77775078358577,5.71840792780094
"PRR22",4.93817568778476,4.90491546544878,5.07933519419276,5.0909007841773,4.80549449477315,4.98896808752624
"TAS2R19",6.93556526942794,7.13709168804272,7.38491811861045,6.65890241898307,6.54953549938818,6.96956810339794
"TAS2R15",6.90898517037246,7.18363196230543,7.30158068721242,6.8252651653982,6.62713795454819,7.12586780654062
"TAS2R50",6.111792441977,6.41364234346673,6.23887088147353,5.92458453824114,5.88899535302041,6.52152479638696
"TAS2R14",7.21992247057651,7.34402419881522,7.38491811861045,7.01760602430721,6.86443091536721,7.76861647121532
"TAS2R13",6.2520628250378,6.37842206372085,6.76238112537073,5.98648331822425,5.69081184736494,6.50127544507696
"SNORD67",5.89520136979655,5.81547244195914,6.49593802186075,5.53181738139766,6.04459192115025,5.571858798105
"SNORD17",9.63263066477135,9.23309213400573,11.0195530165677,10.1135844990066,10.4399969537192,10.0843746465997
"SNORD89",5.46268370782665,5.94108086001497,6.36527543281753,5.61949520913034,5.94799804642505,5.42659714675519
"SNORD72",4.80259831140558,4.77662214806139,4.86296472820736,5.05921631031587,4.80549449477315,4.83010453277739
"SNORD12",5.18373077138573,5.58358169504195,5.86366298223323,5.45558649408591,5.49165273270531,5.47749470033185
"SNORD115-45",6.44325127059483,6.62684248559454,6.51138402021999,5.4150421589993,5.7264309006772,5.37273133131448
"SNORD113-2",6.12819034179057,6.19979772223188,5.49586482724437,4.33057497578978,4.33057497578978,4.58127373257168
"RNU6-1275P",5.57553933579376,5.83429039028268,5.78285907365734,5.28112095084593,5.07654591073903,4.94087121374919
"SNORA74B",5.72424503540458,5.83429039028268,6.65662472716031,5.789777878405,5.93352705716022,6.13809210754304
"SNORA53",8.00393230488051,7.6748142741682,9.11140244211204,8.16553993551088,8.47091812757228,8.11339046848387
"SNORD69",5.26254826080776,5.13762512309315,5.2426758087291,4.95373220111794,4.99924798284876,5.28523604052962
"RNVU1-13",6.19167384472197,5.6520241287847,5.63329680407505,5.45558649408591,5.20943279770974,5.42659714675519
"SNORA12",7.36877029660064,6.77569217432756,8.03984308046441,7.68670971130126,7.80242174547315,7.35078694996982
"SNORD19",4.99520527768772,4.95891832408665,5.07933519419276,5.0909007841773,5.29596108369109,5.18746296578136
"SNORD70",4.99520527768772,5.17594971784969,5.2426758087291,4.77291247508709,5.11210946503177,5.25394328805817
"RNA5SP474",5.29925920898593,5.58358169504195,4.63910910251109,4.82464481268825,4.86095996838829,5.15195654074678
"SNORA26",5.62750733317344,5.58358169504195,5.93909051704448,5.23135019106063,5.7264309006772,5.28523604052962
"SNORA45",4.93817568778476,5.60690679268508,5.60065691610817,5.17826991240815,5.39908280147121,5.07532107295397
"C17orf51",8.52072763612895,8.40192004734629,8.41410721881369,8.79732297415832,8.72331940145372,8.40393712176816
"FAM127C",7.70408345195101,7.65626437748541,7.88389418139776,7.68333641555569,7.95517718205707,7.45605930274817
"LINC00277",5.3344412562722,5.05426032044833,4.7660846074949,5.47521948736164,5.17836802896297,5.8297852851543
"RPL15P3",5.29925920898593,5.37374005388151,5.69565584988958,5.80400878913798,5.84266003333913,5.99399275429218
"RNF208",5.85484684019812,5.34383018699978,5.60065691610817,5.3280834021818,5.51344929562775,4.88837907797739
"MT-ND4L",8.80463218759551,9.40949714200264,8.97483957696695,8.91758364881727,8.84589657091299,9.08537126519685
"MAP10",6.84487119178406,6.72179300651678,5.63329680407505,6.3841869298852,6.99805561656189,7.01208376966761
"POU5F1B",5.14109345202186,5.2124335202594,5.07933519419276,5.89887096339096,5.82678316373963,6.12443048056718
"RPS15AP36",5.43226952355336,5.55970553524277,5.13786241172375,5.02596345433389,5.14598214718274,4.68467332000649
"ZNF580",7.36233757036877,7.15722908848611,7.43264003745993,7.24288030421585,7.495483467887,7.75637096599122
"ZNF611",9.1797156538097,9.18579436923497,8.87317169905804,8.74849627992998,8.81091715822001,8.64096075609041
"SYT3",7.79707923979468,7.62797515941513,6.82449048673678,7.16691083790693,8.01505514946301,5.54910236469605
"NUP62",9.1633854251255,8.96445445598059,9.45907694291546,9.39243054638502,9.47198129534088,9.05094520312987
"AURKAPS1",5.5207400332063,5.17594971784969,5.45827589049947,5.0909007841773,5.11210946503177,5.28523604052962
"DENND1B",9.75385186122933,9.75547170577272,9.78952666147922,8.88444602720444,9.22759292832157,9.14874981729395
"C1orf220",5.67698376420325,5.7368316223205,5.33538540566403,5.47521948736164,5.51344929562775,5.59411117987997
"PFN1P11",4.33057497578978,4.33057497578978,4.33057497578978,4.33057497578978,4.66714835127326,4.33057497578978
"SFT2D2",9.93992203541429,10.1003144318777,10.4847648546143,10.4160073601452,9.9151517682328,10.9157760386119
"FGFR1OP",8.73013678680276,9.00136376179609,8.73896859456404,8.65414218569472,8.50199005162555,9.00885774659924
"LPAL2",6.33753079965724,6.37842206372085,6.51138402021999,5.93722994218226,5.94799804642505,5.571858798105
"FAM106A",4.93817568778476,4.90491546544878,5.0153475618871,4.77291247508709,4.66714835127326,4.33057497578978
"SCAF8",11.5935921222003,11.7312442218312,11.6510056284505,11.6942315378507,11.7816393960924,11.5616773530581
"CCDC19",5.87520277529963,6.08491777140764,6.49593802186075,8.71116639951409,6.61028206685648,9.75974918686128
"DARC",6.75771729922596,7.04627361157714,5.45827589049947,5.98648331822425,6.0837061780769,6.67320839276355
"PDCL3P5",5.36825224778896,5.43072800972915,5.66493901424027,5.66870520190303,5.49165273270531,6.42781852490384
"ZNF254",11.1076401186088,11.2206799054444,11.1803783112155,10.8570623766586,11.0197556412801,10.5739548083869
"TCTEX1D2",7.0692241342811,7.18363196230543,7.10845497857026,7.23825186811295,6.87143231354906,7.30070367541957
"YWHAZP4",5.9903111609895,6.0388771203416,6.34796986470843,5.70027502758029,5.55563637036578,6.00920807852439
"ARF1P2",5.29925920898593,5.58358169504195,5.29031095099465,5.25661469107151,4.95674843757777,5.03357482878391
"CRYGS",6.2520628250378,6.58688018095247,6.38235023120535,6.5404029187479,6.31676160488645,6.69100632749698
"RPL7AP60",5.40082433975998,5.97458977678836,5.96317797384801,5.47521948736164,5.37441071259404,5.47749470033185
"KLHL23",11.0227808013223,11.0336447329941,11.2400024567844,10.8718157774701,11.0417561323261,10.0574050125979
"FAM24B",4.99520527768772,5.09718127405855,5.2426758087291,4.55239249687834,4.80549449477315,4.76371589021208
"TRIM59",6.36478816236259,6.68461897403412,6.6427968877454,7.87863757101133,6.54062432223393,8.24436467501735
"BTF3L4P2",5.04742567774093,5.28072429172865,5.2426758087291,5.49445599134623,5.03903521958369,6.05371984338478
"MLLT11",12.6683364727119,12.6423167637001,12.1782866046557,12.2845091595455,12.6674929816764,11.1032132748691
"ASIC3",5.9903111609895,5.90657782030436,5.86366298223323,5.70027502758029,5.7264309006772,5.50195500208462
"C6orf165",6.2372372059446,6.34220771365591,6.18054720532947,5.73093733123111,5.94799804642505,6.16496703674859
"CCDC183",6.36478816236259,6.26653250017841,5.88936033417274,5.70027502758029,6.17035088062347,5.71840792780094
"DNLZ",5.43226952355336,5.24729833481842,5.13786241172375,5.4150421589993,5.29596108369109,4.98896808752624
"YWHAZP2",4.80259831140558,5.13762512309315,5.3782345210694,4.55239249687834,4.95674843757777,5.15195654074678
"NOTCH2NL",8.7594337343783,8.97562705037016,8.81506742590681,9.29937744430838,8.53240288755316,10.461269339196
"SUPT4H1",9.3892286776665,9.23309213400573,9.22724342445483,9.59285224226931,9.42999855131585,9.52928780189991
"NRAS",11.2323392789313,11.2006161525143,10.9652566592265,11.2411273743317,11.0492653660994,11.4486354402691
"PGK1P2",4.87482195210638,4.84495094307666,4.7660846074949,5.0909007841773,5.07654591073903,4.76371589021208
"HNRNPA3P6",5.04742567774093,4.84495094307666,5.07933519419276,4.95373220111794,4.86095996838829,4.94087121374919
"HNRNPCP6",5.18373077138573,5.83429039028268,5.41912560421338,5.02596345433389,5.20943279770974,4.98896808752624
"RPL7AP34",4.87482195210638,4.69525161239808,4.33057497578978,4.64396487703681,4.33057497578978,5.63720988468804
"ANKRD39",7.0451330407818,7.2286626536223,7.36043382064508,7.01215778318072,7.20457967841515,7.09336464344323
"QTRT1",8.34160426329624,7.8316627210426,7.78383813845146,8.25869370048115,8.43686196165172,7.64112048431256
"CHUK",9.9494698912264,9.90888842243682,9.7073785276798,9.56132577579692,9.48423027354227,9.7112769198216
"MXD3",5.87520277529963,5.95795537545197,6.25772181162451,6.80635310863938,6.19402372481779,6.94047352051505
"RPS3P6",5.89520136979655,6.12926986364968,5.93909051704448,5.17826991240815,5.26812364332126,5.07532107295397
"GSTM2",7.09290167116183,7.12350224223334,7.30158068721242,7.1814751206461,7.04190649928189,7.62321892806516
"ST13P11",4.7165496130104,5.28072429172865,5.29031095099465,5.23135019106063,4.80549449477315,5.07532107295397
"COG8",8.47137075015292,8.50592961668243,8.45278483601261,8.71772864628175,8.82501125983981,8.9442168808762
"ARHGAP19",7.91083738640365,7.86428286000716,8.18040388990556,8.86389480727961,7.79883347609376,9.12057439162789
"HAUS7",4.87482195210638,4.90491546544878,4.7660846074949,5.02596345433389,4.95674843757777,5.18746296578136
"LCAT",5.5207400332063,5.88893120691801,6.6004284650849,5.99848057344674,5.76091096778062,6.00920807852439
"PTPRCAP",5.36825224778896,4.95891832408665,5.13786241172375,5.45558649408591,5.32290848716218,5.11466593771837
"RBM22P2",5.70087603390657,5.81547244195914,5.81044805857035,5.43553531135657,5.39908280147121,5.571858798105
"GPC2",10.5349219877699,10.2880451657642,10.3349221683094,10.7381047861567,11.2809088772313,9.22276719298563
"KRT222",6.17610689899361,6.73092761276427,4.7660846074949,5.0909007841773,5.57607598002124,4.58127373257168
"HSPD1P1",5.18373077138573,4.90491546544878,4.86296472820736,5.35063533644267,5.20943279770974,5.15195654074678
"RPL18AP3",5.79147317606317,5.43072800972915,5.93909051704448,6.366589959339,6.05777184720114,6.05371984338478
"SIPA1",6.2520628250378,5.6520241287847,6.4803071669202,6.61569797312695,6.04459192115025,6.50127544507696
"ERV3-1",10.0505230908115,10.1255791401903,10.3109873326197,9.35193112434393,9.47198129534088,9.3481834233106
"SYNJ2BP",9.0768966425727,9.07419006118042,8.82393424673125,8.9204294067061,8.97472066968388,9.00885774659924
"ARL2",8.17728956042556,7.74228866356456,8.12870343458196,8.42856911875973,8.42532765385363,7.98322153745751
"RBMXL1",10.0807630510557,10.0866566780557,9.97979063814797,9.77270469663959,9.95888150668698,9.63591977237974
"SRA1",9.42922456296594,9.36914531965009,9.56675497820097,9.2103881604142,9.40092282443618,9.17486277607657
"TMEM110",6.39147731265288,6.31748106638303,5.78285907365734,6.29367165290976,6.35859427178238,6.1912683413666
"DNAJC9",10.1366209337527,10.114685414534,9.99293363186966,10.1713868209611,10.2067084155301,10.1116437299212
"RPLP0P6",6.39147731265288,5.97458977678836,6.54174004934149,6.67299782293208,6.49513717052095,6.84927332268354
"C8orf82",7.68370276245463,7.27228180361364,7.3438698231556,7.3149188509121,7.58601778618675,6.9032122694239
"VDAC1",12.0540464717462,11.9823032794186,11.6068224077631,11.8021402576173,11.7744086673015,11.7369334248507
"ZBTB9",8.14796931794989,8.01702544944932,7.98268170929863,8.26768378360386,8.22689868447515,8.32086608716149
"TMX2",10.0074986531387,10.1651038025704,9.84422044190428,10.1874006415582,9.93960965688733,10.5318324362703
"SLC25A14P1",5.40082433975998,5.48441204341114,4.7660846074949,4.55239249687834,4.86095996838829,4.76371589021208
"HEXA",9.43679035311619,9.5267147414078,9.47228121491397,9.85448741073413,9.50951005048051,10.3240199514206
"NDUFS3",9.46222076142838,9.42857996329731,9.33238448296789,9.56587201560043,9.60946626106346,9.40896142996739
"LEPROT",9.35289734691898,9.45939159292652,9.50752294882917,9.87807081807972,9.44374911456541,10.081943603547
"LBH",9.9206344783452,9.84845523653894,9.43807966095142,9.45749705428178,9.91597375253919,8.39610532840677
"ADAT3",4.87482195210638,4.69525161239808,4.86296472820736,5.02596345433389,5.26812364332126,5.11466593771837
"PPP1CB",11.8855729908704,11.9767624018209,12.1350904101132,11.8822796543163,11.8310466565025,12.144438491967
"GPSM3",5.14109345202186,5.05426032044833,5.53204272811162,5.17826991240815,4.99924798284876,5.15195654074678
"LAT",4.80259831140558,4.84495094307666,4.94418431550225,4.33057497578978,4.86095996838829,4.68467332000649
"RSU1P3",5.89520136979655,6.08491777140764,5.78285907365734,5.6525587184268,5.29596108369109,6.59003562630551
"NCKIPSD",8.10664516815297,7.75540632549568,8.23474953725857,8.06330259676767,8.22689868447515,7.79279483069123
"ATF6B",9.15423236315607,8.91113618735267,8.87885499257802,9.458475470235,9.59619078543614,9.90069618489304
"TREX1",6.06122660456922,5.62971160557788,6.16047993900056,7.02843816393424,6.48584680311777,7.42529865342838
"SEC14L1P1",6.62092605244302,6.74901254157243,6.68385737112564,6.15492760336544,6.26245350803355,6.24225613351204
"S1PR3",6.41762377436216,6.54567163620786,7.95050833517773,8.03984503925376,6.76996117782249,9.19000488840838
"SLC35F6",9.39855757657233,9.26832963742222,9.48536553940257,9.49039590691598,9.44260823516066,9.59670981894573
"RPL17P50",5.14109345202186,5.79633174395148,5.2426758087291,5.4150421589993,5.07654591073903,5.77550668699715
"HMGB1P10",5.54851785949931,5.87100821421757,5.66493901424027,5.7607533951804,5.87375914045291,6.26699080821412
"FAM209B",5.04742567774093,5.00838899562681,4.63910910251109,5.02596345433389,5.23931319139556,4.88837907797739
"CLIC1",8.99926288615758,8.66409072801546,9.2925217901957,10.0828394628645,9.00597386034892,10.7414278322088
"DDAH2",9.42314318413121,8.98302751354357,9.25589484940974,10.2810250940574,10.0197929950545,9.894243937876
"RPS29",10.4985368158402,10.3226812919926,10.8268263663653,10.897276587343,10.8919441513637,10.7567470357616
"ZNF337-AS1",6.8354600493058,6.83596763058775,6.4803071669202,6.28425515241289,6.32734927396785,6.51143928016197
"CENPBD1P1",9.16703041184271,8.96258388846603,9.00892007671385,9.33391469684846,9.24078377406886,9.50407680100183
"ATP6V1G2",9.36246381064603,9.54056173958956,8.71691803825858,8.95414628407805,9.55772311615232,7.79279483069123
"ZNF134",10.1179275007492,10.1528683378796,10.1061210067989,10.109232288914,10.1843710986603,10.1814316402915
"GTF2H4",5.18373077138573,4.95891832408665,4.94418431550225,4.82464481268825,4.95674843757777,5.11466593771837
"DDX47",6.45587737080958,6.47028950760066,6.55665892062138,6.19617072220197,6.56717883825407,6.56110919235617
"OLA1P1",4.93817568778476,4.90491546544878,4.86296472820736,5.02596345433389,4.74232802187034,4.83010453277739
"ZNF888",4.93817568778476,5.2124335202594,5.0153475618871,5.17826991240815,4.95674843757777,5.63720988468804
"ZNF845",8.87098952953717,8.90530445890846,8.87885499257802,9.06243576746389,8.90181391526014,8.88772728677559
"SUGT1P2",5.74711795931809,5.71625300812078,5.3782345210694,5.63615875497389,5.51344929562775,6.11061427847656
"EMP2",5.97189916146181,6.02312871455732,6.00991838444328,8.83401661496969,6.78493148136335,10.6332586753071
"KCTD11",7.11618018037421,6.84436345213363,6.89544820275353,7.75895930936259,7.59434452332097,8.40653823339341
"RPL21P75",5.04742567774093,5.00838899562681,5.13786241172375,5.23135019106063,5.42310223496893,5.37273133131448
"C8orf44",7.72417497187913,7.84806640040306,7.64290155373675,7.41237359937797,7.49102369857769,7.5867205581135
"YBX1P10",6.29551855050175,6.37842206372085,6.18054720532947,6.22622682849031,6.61028206685648,6.03906618111504
"PPM1N",4.60390596466056,4.90491546544878,4.86296472820736,4.87127988604197,4.91093888395682,4.88837907797739
"SLC23A3",4.99520527768772,5.05426032044833,5.19204933581343,5.25661469107151,5.29596108369109,5.22140032273235
"LTB4R",6.52916670743809,6.61696431031565,6.69726825935597,6.37541862210786,6.70045381273315,6.71726694632154
"LIPE-AS1",6.97022010436025,6.92558771782441,6.77503369616368,6.83772806653164,7.04805835811577,6.93310215294778
"DNASE1",9.61939651093801,9.52164628551333,9.61176576286983,9.86780052468927,9.95088285755011,9.78388608338851
"CSNK1E",11.5919002836288,11.2558010638258,11.4039014053719,11.7290812838814,11.9187174352788,11.2615741844999
"IRF9",5.9903111609895,5.69527237656877,5.91449335713677,5.83193623690723,5.81067810207035,6.11061427847656
"GALT",8.57120005488272,8.37116533063057,8.37435639784723,8.36301724296441,8.60776895714336,8.19400943751383
"ITGA1",5.0958257135656,5.31286008562374,6.0767532850492,6.15492760336544,5.94799804642505,6.82548453408029
"RPS10P2",5.43226952355336,5.58358169504195,5.69565584988958,5.0909007841773,4.91093888395682,4.94087121374919
"NUDT19",7.0612404615827,6.59698438339265,6.57141063641404,6.43557845627955,6.72402496561255,6.78488350934427
"ZNF726",7.67856140727407,7.75540632549568,7.74677010774564,7.99445490304425,7.80957118629394,7.66755485403753
"TAX1BP3",5.67698376420325,5.69527237656877,5.75456202992873,6.30301855394286,6.26245350803355,6.43857020096946
"RPL7AP14",4.87482195210638,5.2124335202594,4.7660846074949,4.33057497578978,4.91093888395682,4.68467332000649
"AP1G2",8.3955525598657,8.09454011614963,7.50131371293644,7.53009632512216,8.34922393054717,6.65516992011782
"ZNF90",6.32368052195683,6.26653250017841,6.05488661074004,6.83772806653164,6.58458917618073,7.21903860434312
"CARKD",9.5925578445948,9.45939159292652,9.30100614252949,9.59730023024905,9.82174553612719,9.48579491314048
"TM6SF2",4.87482195210638,4.84495094307666,4.94418431550225,5.02596345433389,4.95674843757777,5.18746296578136
"PGAM1P7",5.57553933579376,5.95795537545197,5.41912560421338,5.43553531135657,5.4465120496375,5.40006335275449
"GANC",8.74729920912343,8.82313800716929,9.02694202014253,8.55131030298727,8.53025180249575,8.90251908139843
"RRM2P3",4.99520527768772,4.90491546544878,5.07933519419276,5.61949520913034,4.95674843757777,7.28360218235551
"TTLL3",7.81122104803822,7.93888189586916,7.66296644002311,7.51495760913922,7.42237181934048,8.16045503996907
"REPIN1",9.4944779645835,9.24236800755149,9.52029243842483,9.86853654890615,9.78352062679976,9.8868344005459
"MRPL23",7.56044579433542,7.49315139052759,8.13348157800378,8.14615769796809,7.95195488704681,8.1324028396901
"ZNF891",8.56844213982876,8.9361371845118,8.6081451264466,8.59118782689055,8.70246955679619,8.05478485436105
"SMIM7",9.51606451869675,9.5393084071398,9.25807536473635,9.56496391462976,9.36282822509376,9.68481376412447
"FBXO16",7.84825812045836,8.13177344649862,8.12870343458196,8.07616978798603,8.08432684921098,8.24727223557794
"TSPAN4",7.36233757036877,6.77569217432756,7.14737131843771,7.70678240824869,7.45940299913427,7.73572379093135
"CPSF1P1",10.8081513273571,10.673244579433,9.91083143124534,6.66596874216255,9.45284376167214,4.58127373257168
"GNAQP1",5.43226952355336,5.34383018699978,4.7660846074949,5.17826991240815,5.32290848716218,5.03357482878391
"CPNE1",9.5274464300432,9.44741324418512,9.68000528356944,10.0507761551202,9.56926712464467,10.4823117044908
"ARL16",8.932276895801,8.9456383719798,8.80912566916236,9.13157768414237,9.08857532332467,9.18093875143825
"WEE2",5.18373077138573,5.28072429172865,4.86296472820736,5.0909007841773,5.46935070319513,4.88837907797739
"LDHAP4",6.45587737080958,6.53516475243763,6.71054607635312,5.68460767469218,5.97641267591333,5.45239055899795
"LYRM4",9.31726630418808,9.29680208820784,9.3073367562706,9.42282690827635,9.23156288954906,9.38679769902528
"MYCBP",6.17610689899361,5.97458977678836,6.21973164683618,7.10707332424053,5.93352705716022,7.491115928106
"PRCD",6.30967770216152,6.24026434647469,6.23887088147353,5.96211569431352,6.40903241569879,5.881557447727
"ALG3",7.3493827656466,7.2844977606484,7.17585758764933,7.44873701099171,7.56498342446013,7.86675109047803
"AMZ2P1",8.82555564119064,8.68240505884543,8.51257683775418,7.94757108047335,8.35166441534884,8.43738870961499
"PLEKHM1P",8.73996898181716,8.57375644370362,8.63528097193548,8.59297437018921,8.80203762333912,8.02794453368651
"PTMAP5",5.29925920898593,5.71625300812078,5.33538540566403,5.56781120866857,5.46935070319513,5.5258120673756
"ST7-OT4",5.29925920898593,5.2124335202594,5.41912560421338,5.3280834021818,5.17836802896297,5.84730736939238
"ZNF788",5.5207400332063,5.7368316223205,5.13786241172375,5.56781120866857,5.55563637036578,5.73777627602365
"SH3D21",6.54099217405613,6.57669813123392,5.78285907365734,6.34874784099573,6.43837371911831,5.8297852851543
"LINC00998",8.74729920912343,8.59808537311085,8.91525861075377,9.00864163261508,8.44830416991838,9.50649694858449
"C19orf38",5.0958257135656,5.34383018699978,5.19204933581343,5.05921631031587,5.03903521958369,5.22140032273235
"IQCJ",6.33753079965724,6.74901254157243,5.41912560421338,5.3049269085433,6.12159469522682,4.88837907797739
"HNRNPA1P10",5.29925920898593,5.40267998277688,5.41912560421338,5.56781120866857,5.14598214718274,5.42659714675519
"C17orf67",6.48076738158518,6.27946357496297,5.78285907365734,6.1757212913575,6.41888706613282,6.49103195422233
"FIS1",9.71082857973831,9.68015170689161,9.72324084022193,9.94030352882894,9.97237817367615,9.79778148772892
"AGGF1P1",5.5207400332063,5.85279833732561,6.11933501176659,5.68460767469218,5.79433681434327,5.89830401412361
"RPL39P5",5.36825224778896,5.40267998277688,5.41912560421338,5.35063533644267,4.95674843757777,5.03357482878391
"COLCA2",5.36825224778896,5.13762512309315,4.94418431550225,4.87127988604197,4.74232802187034,4.94087121374919
"RSBN1L-AS1",7.47978252488682,7.52936261263497,7.58795930644445,7.40827444694496,7.70220203043486,7.21301798050329
"MBLAC1",6.02629639048941,6.25346714605822,5.93909051704448,5.84564325546448,6.0837061780769,5.42659714675519
"SOGA3",8.2236879472729,8.27472691615526,8.34174173769797,7.74609406133652,8.3925286683297,7.01904347123356
"VAC14-AS1",4.80259831140558,4.90491546544878,5.0153475618871,4.77291247508709,4.86095996838829,5.34453517938545
"NEURL1B",8.16270466126642,7.99880489787101,8.04999422004313,7.95037209575121,7.9291922595515,7.58209119944952
"HAUS3",9.33032529086652,9.35068290901608,9.14714416613549,9.34771220024483,9.4334485192298,9.16416770169776
"LINC00488",5.04742567774093,4.84495094307666,5.07933519419276,5.43553531135657,4.86095996838829,5.84730736939238
"RPS3AP26",5.62750733317344,5.60690679268508,5.7255112363932,5.89887096339096,5.82678316373963,6.05371984338478
"KANSL1-AS1",5.29925920898593,5.43072800972915,5.3782345210694,5.23135019106063,5.26812364332126,5.54910236469605
"LCNL1",4.7165496130104,4.58878259651035,4.7660846074949,4.87127988604197,4.86095996838829,4.68467332000649
"BBIP1",9.86229692761985,9.80948585306356,9.74049005614146,9.77191805559056,9.42999855131585,9.84920436896213
"GNAT3",6.00844026539826,6.19979772223188,4.63910910251109,4.33057497578978,4.33057497578978,4.33057497578978
"LRRC37A4P",9.53451472618957,9.92144650447589,9.7804584912872,9.56405524088877,9.64163252102388,9.7165117297518
"FAM185BP",6.59857684600822,6.71259577484945,6.68385737112564,5.94973919615279,6.17035088062347,5.97857887220761
"RCN1P2",5.22411723473243,5.00838899562681,5.3782345210694,5.93722994218226,5.23931319139556,6.20421240927874
"PLIN5",5.89520136979655,5.75702651981449,5.93909051704448,5.49445599134623,5.82678316373963,4.68467332000649
"RPL7P1",5.54851785949931,5.58358169504195,5.83737023149546,6.05671361986226,5.63503194179442,6.36135507851925
"SEC14L6",5.22411723473243,5.13762512309315,4.7660846074949,5.12120644125242,4.86095996838829,5.47749470033185
"PPME1",10.2822389919851,10.2939997408136,10.1061210067989,10.1110991307884,10.232008682835,9.97332994309557
"STARD10",7.90206434329552,7.60879611156309,7.46357654594288,7.40827444694496,7.82728884990171,6.67320839276355
"ZNF705E",5.46268370782665,5.67386991742712,5.29031095099465,5.47521948736164,5.32290848716218,5.37273133131448
"RPS15AP1",4.60390596466056,4.33057497578978,4.33057497578978,4.71402308857299,4.56883750728876,4.83010453277739
"MEG3",12.6500801554071,12.7144197465742,11.1815264119963,4.55239249687834,4.80549449477315,4.33057497578978
"NUTM2D",7.55483479848096,7.61841818114771,7.43264003745993,7.47246663132317,7.74389108278467,6.69981722026509
"CPEB1",6.66452682316319,6.43659925234347,6.68385737112564,5.58533341826546,6.14621490998224,5.40006335275449
"HMGN2P15",5.87520277529963,5.95795537545197,5.69565584988958,5.56781120866857,5.88899535302041,5.25394328805817
"EML6",9.79445092865638,9.91276411361442,9.53114833806895,9.60615522062485,10.4654808167677,8.34004979454148
"TMEM249",5.22411723473243,4.69525161239808,5.29031095099465,5.20526093226038,5.63503194179442,5.07532107295397
"RPSAP6",5.26254826080776,5.75702651981449,5.3782345210694,5.15028716110163,4.95674843757777,4.98896808752624
"ZSWIM8",10.4402981757554,10.1087852891665,10.3431550694885,10.6110870267468,10.678525819165,10.3212746120987
"RPL9P16",5.26254826080776,5.60690679268508,5.0153475618871,4.95373220111794,4.56883750728876,5.67858866699434
"C10orf105",4.33057497578978,4.90491546544878,4.33057497578978,5.23135019106063,4.95674843757777,5.75680447202851
"ARHGEF33",6.35123217836489,6.77569217432756,6.58599920034065,6.11225279239186,6.10909595759182,6.73449250527301
"IFRD2",7.38154779352706,6.86100086831046,7.30158068721242,7.54507410269512,7.67501907268824,7.63219804937138
"CAPN14",7.27590283438528,7.19015494350677,6.95188035432216,6.71441314140921,7.28446871963351,5.81198514857821
"ZBED1",9.86229692761985,9.62922977916301,10.0072538573086,10.0617578778728,9.96842166642141,9.9698277075413
"CDIPT-AS1",4.93817568778476,5.05426032044833,4.86296472820736,4.82464481268825,4.56883750728876,5.07532107295397
"HNRNPUL2",8.802288440212,9.03022403949908,8.90415536165726,8.95830584158016,9.05311282450646,8.75544240551484
"METTL12",7.46187926330275,7.33232000194245,8.13348157800378,7.84889899509966,7.93899227619341,7.78075715668249
"SEPT7P2",9.00130674097162,9.09140702207749,8.96151359439377,8.71280977457492,8.85107081666072,8.51414176231219
"POLR2J4",6.46838189693335,6.68461897403412,6.20029399103025,6.24586930570413,6.37900788898933,6.21702304029175
"FER1L6",5.89520136979655,6.08491777140764,5.60065691610817,7.14725081659193,6.03126530424217,7.66755485403753
"DDX12P",5.97189916146181,5.97458977678836,5.88936033417274,6.91019562899309,6.2844576999073,6.69100632749698
"MTCP1",5.04742567774093,5.2124335202594,5.13786241172375,5.15028716110163,5.03903521958369,5.42659714675519
"UPF3AP2",5.0958257135656,5.17594971784969,5.19204933581343,5.28112095084593,5.20943279770974,5.11466593771837
"RAD51AP2",4.87482195210638,5.24729833481842,5.0153475618871,4.33057497578978,4.95674843757777,4.76371589021208
"MED28P1",5.26254826080776,5.43072800972915,5.29031095099465,5.15028716110163,5.49165273270531,5.07532107295397
"C14orf182",5.54851785949931,5.2124335202594,5.33538540566403,4.71402308857299,5.03903521958369,4.76371589021208
"RPS15AP3",5.6018543074561,5.79633174395148,5.60065691610817,5.3280834021818,5.17836802896297,5.67858866699434
"ZSWIM7",8.20957127094734,8.04924681186698,7.81400512101009,8.20821187066838,7.80242174547315,8.46509646646879
"ARHGEF28",7.85282058766129,7.8066964050237,7.40100650295854,7.1222768919252,7.39872123984883,6.42781852490384
"TBC1D26",4.99520527768772,5.34383018699978,5.3782345210694,5.3049269085433,5.42310223496893,5.22140032273235
"LRRC69",4.99520527768772,5.28072429172865,5.60065691610817,5.17826991240815,4.91093888395682,5.73777627602365
"ISPD",7.1390734122226,7.16387706458242,7.3271073717309,6.75458712720843,6.9593212858361,6.98388687580245
"PPIAP29",4.7165496130104,4.84495094307666,4.94418431550225,5.02596345433389,4.80549449477315,4.68467332000649
"PARGP1",9.23110929370375,9.31449883241142,9.23390608819336,9.43381343680006,9.72374290356388,8.97077379830165
"RPL7AP26",5.40082433975998,5.40267998277688,5.49586482724437,4.77291247508709,5.20943279770974,4.68467332000649
"C22orf29",9.70206761071113,9.5678627312319,9.56146976290134,9.62021097109997,9.97158774048586,9.63038325789732
"COL28A1",7.02883500481642,7.22231829608507,6.8122948523233,6.67999007974596,7.078412375402,6.78488350934427
"PHB2",10.6077308478196,10.541807871831,10.785137261953,11.1896561814795,10.9282361701903,11.1580830554655
"RPL13P12",5.43226952355336,5.53524434648493,5.96317797384801,5.66870520190303,5.77775078358577,5.8297852851543
"GNL3LP1",5.46268370782665,5.31286008562374,5.0153475618871,5.02596345433389,5.32290848716218,5.03357482878391
"CD27-AS1",6.28119912210877,6.37842206372085,5.13786241172375,5.61949520913034,5.7264309006772,5.03357482878391
"NEURL4",9.45030942179406,8.98302751354357,9.20932406146196,9.26846242387592,9.65055138538122,8.41689570901026
"GRID2IP",5.76951971169128,5.40267998277688,5.29031095099465,4.91404266993799,5.46935070319513,4.98896808752624
"KRT18P11",5.70087603390657,5.58358169504195,5.13786241172375,5.3280834021818,5.17836802896297,5.03357482878391
"TTC3P1",6.73756065626201,6.70333499340347,6.20029399103025,9.32750175080972,9.63765079119246,9.07561901939888
"UBXN2B",10.9261842373354,11.0783126718453,10.7676596293125,10.643260682775,10.7858112397949,10.3692440070136
"CBWD7",5.26254826080776,5.09718127405855,5.45827589049947,4.77291247508709,4.66714835127326,4.68467332000649
"LINC00269",4.33057497578978,4.84495094307666,4.7660846074949,4.91404266993799,4.56883750728876,4.33057497578978
"FAM166B",4.80259831140558,4.95891832408665,5.19204933581343,5.92458453824114,4.66714835127326,6.53153329507253
"LINC00680",8.0758215895408,8.10138244940046,6.83657729618024,8.8430454729705,8.75495806080203,8.35089758749689
"PEX26",10.6609910933408,10.6868844637449,10.4744961813993,10.4713084011372,10.5896468945513,10.4816971738194
"C5orf49",7.56044579433542,7.15054908264214,7.75923408296481,9.17985474394037,7.88930295088665,9.7798912356328
"UBE2QL1",9.66003291661576,9.54181398257156,9.52753878717314,8.89316453647128,9.13170855443281,7.3991396335566
"FASTKD5",9.16520907245283,9.17936891774307,9.06232235237928,8.9952101602762,9.16669085291503,8.89143952884771
"GOLGA8B",9.56796800352742,9.36914531965009,9.17972072930523,7.81852466873386,8.30204624176601,7.88184212728081
"DHRS4-AS1",8.65416781502297,8.68694737031617,8.46418745624302,8.68461335455474,8.76596031945126,8.68443271246741
"HOMEZ",7.77319182083642,7.82753203113606,7.86674150542615,8.10156120849626,8.0057664325511,8.31256513380369
"DDX3X",12.929191348581,12.8808865827484,12.6022533822177,13.0047762738655,12.9168843400706,13.0521842729339
"VPS16",9.98394739543959,9.62214432638917,9.68487379556799,9.90271246980339,10.0395380139584,9.46229969400297
"FAM66B",7.0451330407818,6.97209839855342,6.98465473288329,5.35063533644267,6.27350364256348,5.07532107295397
"MYL5",7.20556841239305,6.95676981986346,7.09855240093192,7.35386512212328,7.36980368498061,7.92617754941335
"LINC00478",10.2248707615813,10.3328396479117,11.0817518491468,10.7668045641816,10.0067350126202,11.5373441828336
"ACTG1P3",6.02629639048941,6.09988234759329,6.25772181162451,5.77536139914715,5.51344929562775,5.84730736939238
"SCRT2",6.19167384472197,6.51389521262857,6.98465473288329,6.56344602671809,6.8503189605295,5.54910236469605
"MIR17HG",8.04032994299301,7.87232222785439,8.75141856655928,7.69678163213062,8.4183622368912,8.02115475679679
"ZNF407",10.2516982529934,10.3536570218461,10.1676835984975,10.2531197245643,10.437709775329,10.0483018405924
"MCM3AP-AS1",8.32534240882815,8.59082991094729,8.37435639784723,7.93631157952285,8.45965574735079,7.9549851965899
"NPEPL1",6.89097298392508,6.93345017433381,6.69726825935597,6.95075475096743,7.44100945016814,6.08250174298976
"ZNF663P",6.75771729922596,6.90172495385375,6.41583398350578,6.24586930570413,6.49513717052095,6.67320839276355
"SKOR2",5.91485715615986,6.05442078166421,4.33057497578978,4.87127988604197,5.14598214718274,4.68467332000649
"SIAH3",8.07971114500789,8.35696456156378,5.13786241172375,5.45558649408591,6.8503189605295,5.22140032273235
"BCRP3",5.40082433975998,5.48441204341114,5.78285907365734,5.23135019106063,5.55563637036578,4.98896808752624
"HNRNPA1P7",5.91485715615986,6.11466471136286,5.78285907365734,6.20627032032873,6.01778816310778,6.56110919235617
"PI4KAP1",7.95814552402036,7.59910803920834,7.81996234402189,7.90198851257261,8.00886940284763,7.67191294711084
"ANKRD20A11P",4.33057497578978,4.90491546544878,6.14008014374634,4.95373220111794,4.66714835127326,5.25394328805817
"C20orf202",5.04742567774093,5.55970553524277,5.0153475618871,4.99090412180236,4.80549449477315,4.33057497578978
"HMX1",5.18373077138573,4.95891832408665,5.07933519419276,6.47689875896768,6.54062432223393,5.28523604052962
"GUSBP9",7.88880247875315,7.76840374055197,8.07008228672197,7.86681670060835,7.67109281969654,7.50587681726166
"TMEM242",9.08076712991475,9.20173360768444,8.98541216167722,8.89461249430765,9.05610165013017,8.90435739993932
"TMEM167B",10.359858044972,10.2379584316282,10.0866373768971,10.1011145905158,10.2607596524706,9.90253439152294
"FAM72D",5.0958257135656,5.13762512309315,5.33538540566403,5.71571562153576,5.07654591073903,5.69868419475818
"TNFRSF25",7.15412798548242,6.74000049684547,7.0271704621372,7.56357526806495,7.72130380530875,7.25462542897823
"SLC35E2",7.7875724749967,7.93888189586916,7.74049678459003,9.09930610414443,9.39621574551037,8.5984060374396
"LINC01139",6.54099217405613,6.17206882112393,6.58599920034065,4.82464481268825,4.56883750728876,4.88837907797739
"ZNF847P",4.7165496130104,4.90491546544878,4.63910910251109,4.64396487703681,4.74232802187034,4.33057497578978
"LINC01138",5.6525384434395,5.62971160557788,5.13786241172375,5.43553531135657,5.61575483702208,5.3153992589889
"ST13P20",5.18373077138573,5.2124335202594,5.0153475618871,5.05921631031587,5.14598214718274,4.33057497578978
"CYB5RL",6.29551855050175,6.32990443424444,6.83657729618024,6.79998987983057,6.30608491752984,7.11942799821587
"CROCCP2",8.3955525598657,8.23487670991194,8.37031995901842,8.45239792323193,8.60980697731979,7.9549851965899
"TTC34",5.9531937412958,5.77685464919912,5.7255112363932,6.1757212913575,5.77775078358577,6.03906618111504
"MIR873",5.40082433975998,5.62971160557788,5.56693702969189,4.77291247508709,4.86095996838829,5.07532107295397
"MIR300",5.57553933579376,5.37374005388151,4.7660846074949,4.33057497578978,4.33057497578978,4.33057497578978
"TUBB2BP1",5.5207400332063,5.43072800972915,5.49586482724437,5.23135019106063,5.53476861827663,4.94087121374919
"CCDC7",7.56044579433542,7.56466638683442,7.93414485834228,7.92496229926872,8.59958780847003,7.8514981122475
"RPL21P65",5.3344412562722,5.31286008562374,5.41912560421338,5.05921631031587,5.11210946503177,5.3153992589889
"HSPD1P10",5.29925920898593,5.13762512309315,4.7660846074949,5.12120644125242,4.80549449477315,4.58127373257168
"FNIP1",10.3113238271518,10.4600963388176,10.2909109548261,10.0803004772397,10.0884781395134,10.2224743736207
"SP9",5.22411723473243,5.87100821421757,6.43225541936395,6.60097829128469,6.3991018748316,6.41697671329194
"CBX3P9",4.7165496130104,4.69525161239808,4.63910910251109,4.77291247508709,5.07654591073903,4.68467332000649
"RPS16P5",5.57553933579376,5.95795537545197,5.60065691610817,5.20526093226038,5.42310223496893,5.40006335275449
"CKLF",6.17610689899361,6.14370258404416,6.29459653090917,5.99848057344674,6.00415649635366,6.25468438971641
"PAM16",5.67698376420325,5.48441204341114,5.78285907365734,5.20526093226038,4.74232802187034,5.50195500208462
"KIRREL3-AS3",4.80259831140558,4.69525161239808,4.94418431550225,4.64396487703681,4.66714835127326,4.58127373257168
"MORF4L1P1",8.23418472593573,8.19068144629386,8.16648831832517,8.25417738004072,8.28681903199853,8.29019094304986
"TENM3",11.6808520218514,11.6770378968551,12.2092928466706,12.517413710739,12.0740207503414,13.2413733861244
"VN1R14P",5.67698376420325,5.7368316223205,5.13786241172375,5.73093733123111,5.53476861827663,5.8297852851543
"RAET1K",4.33057497578978,4.33057497578978,4.7660846074949,4.71402308857299,4.66714835127326,5.03357482878391
"LINC00339",7.44981580957809,7.42332398013186,7.28429996695587,7.58907586411754,7.61494902704567,7.55399145505369
"HIST1H2APS4",4.33057497578978,4.33057497578978,4.86296472820736,4.64396487703681,4.56883750728876,4.94087121374919
"CEBPZ-AS1",9.2518503022694,9.2818868029748,9.53654576285002,9.3080897351882,9.2834753966689,9.6458322013505
"PAPOLB",6.09517066737624,6.30493497245368,6.399200953035,5.80400878913798,5.84266003333913,5.22140032273235
"ZNF579",6.58725916525107,6.44792678694728,6.95188035432216,6.81899045926147,6.9395354864449,6.24225613351204
"NPM1P37",6.00844026539826,6.00716920758814,6.16047993900056,5.7607533951804,5.65395698090973,5.7938961322474
"RNASEK",5.70087603390657,5.69527237656877,5.75456202992873,5.60255728389094,5.8583162996779,6.11061427847656
"HSPA8P15",5.49214979402744,5.60690679268508,5.56693702969189,5.37262261357025,5.34903754503733,5.37273133131448
"FAM19A5",8.49190035684375,8.05278242919946,7.48634011036382,4.33057497578978,4.33057497578978,4.33057497578978
"NBPF1",11.5475504378204,11.5274645794251,11.4475017349033,11.3399288721464,11.5765995408956,11.3198014348524
"RPA3-AS1",7.75866388103475,7.86024605995143,7.72786621708424,7.8337930208669,7.70220203043486,7.90048343971049
"FAM228B",8.53209821877575,8.75773577960887,8.83274669203781,7.84889899509966,8.25064563604669,7.54925324738034
"ZSCAN12P1",6.02629639048941,6.12926986364968,5.81044805857035,5.77536139914715,5.88899535302041,5.5258120673756
"ZGLP1",6.56432869610102,6.14370258404416,5.86366298223323,6.13377621276322,6.55838671547071,5.77550668699715
"VAMP2",9.51033966023747,9.85652675749855,9.63375459161552,8.73076386324414,9.1160427633312,7.97621475883395
"HNRNPH1P1",5.36825224778896,5.69527237656877,5.45827589049947,5.3280834021818,5.17836802896297,5.69868419475818
"HIST2H2BD",5.26254826080776,5.2124335202594,5.0153475618871,5.05921631031587,5.03903521958369,5.03357482878391
"ASS1P1",4.7165496130104,4.58878259651035,4.94418431550225,4.64396487703681,4.33057497578978,4.88837907797739
"PKMP3",7.18375548402539,7.29056586476305,7.20377091105087,7.18629611924666,7.39872123984883,6.58046374046774
"RPL35P2",5.22411723473243,4.95891832408665,4.94418431550225,4.91404266993799,4.95674843757777,4.58127373257168
"RPL5P18",5.93418371095413,6.12926986364968,5.7255112363932,5.77536139914715,5.88899535302041,5.7938961322474
"RPL21P28",5.6525384434395,5.31286008562374,5.60065691610817,5.66870520190303,5.49165273270531,5.65810362455486
"MTMR9LP",5.49214979402744,5.87100821421757,5.3782345210694,5.84564325546448,6.00415649635366,6.03906618111504
"RPS18P9",5.72424503540458,5.90657782030436,5.96317797384801,6.04529202176455,5.76091096778062,6.21702304029175
"HSPE1P26",5.46268370782665,5.67386991742712,5.45827589049947,5.20526093226038,5.07654591073903,5.07532107295397
"MRPL35P1",4.93817568778476,4.69525161239808,4.94418431550225,5.05921631031587,5.07654591073903,5.59411117987997
"MIR1302-3",4.7165496130104,5.09718127405855,5.07933519419276,5.23135019106063,5.39908280147121,4.98896808752624
"MIR1296",5.36825224778896,5.90657782030436,5.41912560421338,5.15028716110163,5.07654591073903,5.50195500208462
"MIR1254-1",5.83411797820783,5.83429039028268,5.7255112363932,5.61949520913034,5.61575483702208,5.91480976668293
"MIR1262",4.93817568778476,5.28072429172865,4.33057497578978,5.23135019106063,4.74232802187034,6.44923337026561
"MIR548E",5.22411723473243,5.53524434648493,5.07933519419276,5.35063533644267,5.11210946503177,5.07532107295397
"MIR1305",5.49214979402744,5.48441204341114,5.07933519419276,5.37262261357025,5.11210946503177,6.20421240927874
"MIR1255A",5.3344412562722,5.55970553524277,5.3782345210694,4.87127988604197,4.99924798284876,5.25394328805817
"RNU4ATAC16P",5.0958257135656,5.17594971784969,5.56693702969189,5.02596345433389,5.14598214718274,5.45239055899795
"MIR1271",5.0958257135656,5.58358169504195,5.2426758087291,5.3049269085433,4.80549449477315,5.11466593771837
"MIR1251",6.79714772954774,6.88558122958182,7.3355137098602,6.70759898081338,6.53165229568474,7.66318329412718
"SNORA34",6.78739762772996,6.71259577484945,7.39298538920024,6.79359655144538,7.14865083799489,6.64605828080328
"SNORD100",5.26254826080776,5.28072429172865,5.33538540566403,5.53181738139766,5.46935070319513,5.22140032273235
"MIR1245A",4.60390596466056,4.33057497578978,4.33057497578978,4.91404266993799,4.56883750728876,5.25394328805817
"SNORD99",5.46268370782665,5.58358169504195,5.91449335713677,5.05921631031587,5.34903754503733,5.28523604052962
"RNU6ATAC35P",4.87482195210638,4.77662214806139,4.86296472820736,4.64396487703681,4.56883750728876,4.33057497578978
"MIR1249",5.67698376420325,5.55970553524277,5.66493901424027,4.71402308857299,5.76091096778062,5.03357482878391
"MIR1276",5.22411723473243,5.2124335202594,5.3782345210694,5.49445599134623,4.95674843757777,5.7938961322474
"SNORA77",5.3344412562722,5.2124335202594,5.88936033417274,5.23135019106063,5.20943279770974,5.69868419475818
"MIR1267",5.54851785949931,5.83429039028268,5.66493901424027,5.28112095084593,5.11210946503177,5.03357482878391
"RNU6ATAC",7.54920138532055,7.55967679243628,8.65861115442126,7.61057272001959,7.95195488704681,7.69350433219138
"SNORA11",5.89520136979655,5.79633174395148,6.0767532850492,5.56781120866857,6.07080875752555,5.86456156907527
"MIR548F2",5.83411797820783,6.15796744435664,6.399200953035,5.88579523582229,5.4465120496375,6.62764561149741
"MIR1256",5.26254826080776,5.55970553524277,5.19204933581343,5.0909007841773,4.95674843757777,5.3153992589889
"EBF2",10.2474048576142,10.3937183326024,9.77590291920157,10.3186686013796,10.1202056398743,8.36701671733974
"C6orf226",5.72424503540458,5.67386991742712,5.33538540566403,5.74594758405598,5.93352705716022,5.34453517938545
"PPP3R1",10.0176195301291,10.0866566780557,10.1241508320617,9.60791970662169,9.79697034718239,9.21390571951481
"FANCG",9.03361949672067,8.72498766237102,8.76683080384328,9.06629405646042,9.29363698654525,8.81335355191056
"AP4M1",8.51214014062044,8.28376756721044,8.51623232253245,8.97071280607936,8.97787672927678,8.8858675645699
"C2orf16",5.0958257135656,5.09718127405855,5.13786241172375,4.95373220111794,4.74232802187034,4.98896808752624
"PLXNA4",12.0518329149353,12.0931472984223,11.8825269672974,11.7349430815178,12.3117166216508,9.91169042507457
"CEBPD",4.99520527768772,4.84495094307666,5.13786241172375,5.77536139914715,5.07654591073903,6.59953871009217
"TMEM257",5.54851785949931,5.53524434648493,5.78285907365734,5.43553531135657,5.55563637036578,4.33057497578978
"ARIH2OS",6.19167384472197,6.186010907159,6.44847108684433,6.33065288233021,6.56717883825407,6.16496703674859
"C5orf54",8.93441813638862,9.09311744058119,9.40107461657889,9.22080829341615,9.59824114510191,9.24323425007918
"NPTXR",10.1065939837402,10.0036941569249,9.81195055930192,9.58839047948132,10.2523245525762,7.77267492272428
"FAM200A",8.65935939785746,8.72719425366383,8.68806054272475,8.56047120294117,8.76778586449696,8.53091881779662
"PPP2R2A",10.1687623417293,10.1804544744002,10.4355646392828,10.0643297008587,10.1287387769462,10.2047083100248
"C19orf73",5.29925920898593,5.51016048524524,5.83737023149546,5.49445599134623,5.82678316373963,5.22140032273235
"ZNF880",10.1705775299617,10.2670083500095,10.095193881819,10.2212108444364,10.6222375580853,9.45980407102384
"TRIM16",8.86426533335222,8.9284907699439,8.93448532338502,8.67284018235232,8.91997989764563,8.50689107156897
"FAM45B",5.18373077138573,5.17594971784969,5.0153475618871,5.20526093226038,5.42310223496893,5.37273133131448
"TIGD1",8.67225680584524,8.67327709623374,8.94806296378413,8.6996098123949,8.9731400387027,8.52853407857159
"FXYD7",6.45587737080958,6.12926986364968,5.88936033417274,6.10134683232378,6.81438320244227,5.07532107295397
"XKR9",6.22223378738274,6.17206882112393,6.38235023120535,5.70027502758029,6.19402372481779,5.25394328805817
"C12orf61",5.26254826080776,4.90491546544878,5.45827589049947,5.3049269085433,4.95674843757777,5.40006335275449
"C1orf229",5.26254826080776,5.13762512309315,5.29031095099465,4.99090412180236,5.32290848716218,5.25394328805817
"SLC12A8",5.6525384434395,5.92395793531019,5.66493901424027,6.12306193840807,5.74380775294986,6.59953871009217
"APOL6",4.60390596466056,4.33057497578978,4.63910910251109,4.71402308857299,4.74232802187034,5.03357482878391
"FADS3",8.61729127726925,8.25033539374865,7.46357654594288,7.81237106313595,8.92816188818415,6.74302312567997
"CCNL2",10.8352917861313,10.5005655878895,10.5844883037316,10.9541850673489,11.2039434593122,10.7923671331108
"UBA52",11.7089079307892,11.5201819753222,11.8094052843825,12.1062058994655,12.0163827207179,12.1074784112998
"MYBPHL",5.49214979402744,5.60690679268508,5.69565584988958,5.37262261357025,5.7264309006772,4.83010453277739
"PPT2",7.36877029660064,7.23497821999131,6.98465473288329,7.41237359937797,7.32023968222131,7.71477135620991
"C5orf55",7.0771618631557,6.89367700381847,6.99540769375669,6.86839349283165,7.17689695338959,7.07348929612911
"ZNF630",6.94431161196086,7.06064047442664,5.75456202992873,6.20627032032873,6.7624132232569,6.57082196690698
"TIAF1",6.90898517037246,7.17049332813552,7.40898199943496,6.92190735690644,7.33529412807663,6.47030047129559
"BTBD19",6.02629639048941,5.62971160557788,6.11933501176659,6.5090360851835,5.74380775294986,7.46112122694523
"FAM185A",8.19172708519929,8.0633369964684,8.12870343458196,7.98082501356993,8.00886940284763,7.7967848029881
"RAB6C",5.36825224778896,5.40267998277688,5.33538540566403,5.05921631031587,5.49165273270531,4.83010453277739
"POTEJ",5.18373077138573,5.00838899562681,4.7660846074949,5.17826991240815,4.74232802187034,5.93108273336772
"LINC00152",6.62092605244302,6.55609522107361,6.82449048673678,6.83772806653164,6.14621490998224,7.8514981122475
"RN7SKP154",5.49214979402744,5.28072429172865,5.45827589049947,5.35063533644267,4.80549449477315,5.5258120673756
"RN7SKP110",5.22411723473243,5.58358169504195,5.75456202992873,5.02596345433389,5.20943279770974,4.83010453277739
"RN7SKP16",5.6018543074561,6.08491777140764,5.98677983682015,5.51331587387945,5.49165273270531,5.25394328805817
"RNA5SP201",4.60390596466056,4.84495094307666,4.33057497578978,4.64396487703681,4.33057497578978,4.33057497578978
"RNU6-101P",5.22411723473243,4.77662214806139,4.94418431550225,4.95373220111794,4.95674843757777,4.58127373257168
"RNY5P8",5.5207400332063,5.7368316223205,5.33538540566403,4.95373220111794,5.34903754503733,5.11466593771837
"RN7SKP139",5.87520277529963,5.62971160557788,5.83737023149546,5.37262261357025,5.49165273270531,5.67858866699434
"RNU2-20P",4.7165496130104,4.90491546544878,4.86296472820736,4.64396487703681,4.66714835127326,4.68467332000649
"SNORD12B",5.6018543074561,5.43072800972915,5.78285907365734,5.56781120866857,5.81067810207035,6.17818765351574
"RNU2-59P",6.9872241670526,7.24126526423778,7.62254778683394,8.05031828145981,7.67893446146909,7.91522255745225
"RN7SKP240",5.18373077138573,5.17594971784969,5.07933519419276,5.35063533644267,4.74232802187034,5.91480976668293
"RNU6-705P",5.14109345202186,5.48441204341114,5.13786241172375,4.71402308857299,4.56883750728876,5.18746296578136
"RNA5SP60",4.80259831140558,5.62971160557788,4.7660846074949,4.33057497578978,4.95674843757777,5.34453517938545
"RNU2-63P",5.40082433975998,5.40267998277688,4.94418431550225,5.61949520913034,5.11210946503177,5.18746296578136
"RNU2-7P",4.99520527768772,5.05426032044833,5.07933519419276,5.28112095084593,4.86095996838829,5.65810362455486
"RNU4-78P",5.43226952355336,5.6520241287847,5.29031095099465,4.87127988604197,5.20943279770974,5.03357482878391
"RNU6-1068P",4.80259831140558,4.90491546544878,5.0153475618871,4.71402308857299,4.95674843757777,4.58127373257168
"RN7SKP97",4.99520527768772,5.34383018699978,5.07933519419276,4.87127988604197,4.74232802187034,5.45239055899795
"RNU2-61P",6.17610689899361,6.62684248559454,6.9628925018021,6.99568221814795,6.8573932640096,7.3724833288726
"RN7SKP268",4.7165496130104,5.00838899562681,4.86296472820736,4.71402308857299,4.74232802187034,4.76371589021208
"RNU6-130P",5.49214979402744,5.53524434648493,6.00991838444328,5.39408088420441,5.34903754503733,5.67858866699434
"RNU2-22P",5.04742567774093,5.05426032044833,4.7660846074949,5.12120644125242,5.32290848716218,5.03357482878391
"SNORD71",5.3344412562722,5.48441204341114,5.3782345210694,5.15028716110163,5.17836802896297,5.37273133131448
"RNU2-64P",6.63196100526831,6.55609522107361,7.04794528740955,7.2006595156671,6.9059090040073,7.3231847078883
"RNA5SP508",5.40082433975998,5.43072800972915,5.13786241172375,4.95373220111794,4.99924798284876,4.83010453277739
"RN7SKP53",6.16034128042322,6.35439345161833,5.81044805857035,5.56781120866857,5.34903754503733,6.24225613351204
"RN7SKP30",5.22411723473243,5.60690679268508,5.3782345210694,5.02596345433389,5.03903521958369,5.22140032273235
"RNU2-6P",5.36825224778896,5.24729833481842,5.66493901424027,5.15028716110163,5.51344929562775,5.50195500208462
"HIST2H2BA",5.40082433975998,5.2124335202594,5.0153475618871,5.17826991240815,5.17836802896297,4.98896808752624
"FTH1P10",4.7165496130104,4.84495094307666,4.86296472820736,4.87127988604197,5.03903521958369,4.83010453277739
"SEC22B",9.74899942614964,9.88442635649701,9.56146976290134,10.0423215584353,9.85470198324886,10.1784006410127
"RPS10P7",5.04742567774093,5.09718127405855,4.63910910251109,4.77291247508709,4.91093888395682,4.33057497578978
"MEG9",6.91790282534075,6.74901254157243,5.81044805857035,4.77291247508709,4.56883750728876,4.68467332000649
"LINC00473",8.0680105217294,7.73788899500471,6.89544820275353,5.05921631031587,5.11210946503177,4.76371589021208
"MTND6P21",5.22411723473243,5.69527237656877,4.86296472820736,5.05921631031587,5.17836802896297,4.33057497578978
"FAM115B",8.37358412581227,8.36550191101615,8.29564766292227,8.26319580501232,8.51292597134827,7.79279483069123
"VN1R42P",5.40082433975998,5.31286008562374,5.45827589049947,5.49445599134623,5.42310223496893,5.45239055899795
"LINC00842",4.93817568778476,4.90491546544878,4.7660846074949,4.91404266993799,5.53476861827663,4.33057497578978
"NUTM2A-AS1",8.37674317942589,8.65252448181681,8.61838128862913,8.16553993551088,8.1076539584255,8.40913463080184
"EXOSC6",9.12454509727444,9.05501034833309,8.58745111393544,8.89605899516779,9.05759373753688,8.7390473432905
"VPS52",9.59120269733504,9.56417019403732,9.47228121491397,9.99187711026056,9.78981278598363,9.98204848631702
"RPL23AP53",7.51491967875223,7.65626437748541,7.11828713660677,7.65949546353462,7.75875174609447,7.66755485403753
"AFF2-IT1",5.70087603390657,6.26653250017841,5.41912560421338,5.20526093226038,5.14598214718274,5.3153992589889
"CSNK1A1P1",4.33057497578978,4.77662214806139,6.399200953035,5.61949520913034,5.8583162996779,4.68467332000649
"RABGAP1L-IT1",5.85484684019812,6.11466471136286,5.53204272811162,4.95373220111794,5.17836802896297,5.07532107295397
"EEF1A1P8",4.80259831140558,5.00838899562681,4.33057497578978,4.95373220111794,4.91093888395682,4.33057497578978
"LINC00630",8.27541791952294,8.49560269277639,8.29989991996498,8.2788425118065,8.33202305094227,8.33732495453085
"ZNF844",8.42025359754767,8.65020000749944,7.55966503163793,9.00596535396008,9.03049647091855,8.5117289367599
"TMSB4XP4",5.46268370782665,5.48441204341114,5.45827589049947,4.99090412180236,5.49165273270531,5.18746296578136
"DHRSX-IT1",5.29925920898593,5.17594971784969,4.94418431550225,5.02596345433389,5.03903521958369,4.94087121374919
"CKMT1A",7.0692241342811,7.2844977606484,6.67031052339294,6.44394842076515,6.64378255741951,5.881557447727
"TINCR",6.07831789081791,6.09988234759329,6.57141063641404,5.37262261357025,5.93352705716022,5.59411117987997
"TVP23CP1",5.46268370782665,5.51016048524524,5.53204272811162,5.3049269085433,4.95674843757777,5.54910236469605
"LINC00571",6.07831789081791,5.79633174395148,6.11933501176659,5.6525587184268,5.67254547946021,5.89830401412361
"ADH5P3",5.85484684019812,5.75702651981449,5.86366298223323,5.45558649408591,5.07654591073903,5.34453517938545
"NSUN5P1",7.36877029660064,7.20310972633089,7.1377443071229,7.59986520168274,7.59434452332097,7.56342037115229
"MIR503HG",4.87482195210638,4.77662214806139,5.2426758087291,5.25661469107151,5.17836802896297,5.54910236469605
"TSSC2",5.93418371095413,5.28072429172865,4.94418431550225,5.4150421589993,5.53476861827663,4.33057497578978
"MED15P9",5.67698376420325,5.97458977678836,6.43225541936395,4.33057497578978,4.33057497578978,4.33057497578978
"LINC00205",9.57621133851287,9.54181398257156,9.07722297487228,8.27661771856556,8.55373814166148,8.01774770225266
"CD99P1",5.97189916146181,6.19979772223188,5.93909051704448,6.41867436581111,5.61575483702208,7.25462542897823
"ENTPD3-AS1",6.17610689899361,6.2134331229608,6.3126379774091,6.19617072220197,6.18224393265002,6.75992371440338
"CERS1",6.74767673763211,6.14370258404416,6.38235023120535,6.5404029187479,6.64378255741951,6.69100632749698
"CFL1P1",6.17610689899361,6.61696431031565,6.54174004934149,6.27476788446092,6.49513717052095,6.40604308854489
"DAZAP2P1",5.36825224778896,5.53524434648493,5.45827589049947,5.05921631031587,5.26812364332126,5.5258120673756
"FAM95B1",5.0958257135656,5.37374005388151,5.56693702969189,4.77291247508709,4.95674843757777,5.03357482878391
"HLA-DPB1",5.43226952355336,5.28072429172865,4.86296472820736,5.25661469107151,5.03903521958369,5.63720988468804
"OSER1-AS1",7.73411488001588,7.82338929223941,7.76542522490381,7.74932133463393,7.65924825659466,7.7967848029881
"ASS1P2",5.43226952355336,5.45795213323723,5.45827589049947,5.39408088420441,5.23931319139556,5.54910236469605
"AFG3L1P",8.88655806209392,8.93231906027272,8.67831104441804,8.85499638697564,8.89180758578744,9.05094520312987
"PRKRIRP8",5.70087603390657,5.7368316223205,5.81044805857035,5.0909007841773,5.29596108369109,4.68467332000649
"SMCR2",5.04742567774093,5.2124335202594,5.07933519419276,4.95373220111794,4.86095996838829,4.98896808752624
"RPL21P32",5.18373077138573,5.31286008562374,5.41912560421338,5.39408088420441,4.91093888395682,5.40006335275449
"MIR181A2HG",6.45587737080958,6.61696431031565,7.26680255576584,6.56344602671809,6.67646014042819,6.44923337026561
"EPB41L4A-AS1",9.37826802850178,9.41086861783338,8.93175434153875,9.02855655245795,9.51928261717026,8.70357373679164
"CCNT2-AS1",8.15535599076309,8.19707933462963,7.53079143157882,9.09301618327738,9.42884672310481,7.50097370161107
"GLTPD1",7.20556841239305,6.80185420069733,7.20377091105087,7.30611477404241,7.69448858845371,6.86490396630684
"SNHG14",13.8078298449411,13.9458884646518,13.6588394498948,13.1760554259259,13.476799015681,13.190581787212
"UBE2FP1",5.46268370782665,5.67386991742712,5.49586482724437,5.43553531135657,5.39908280147121,5.22140032273235
"LINC01057",4.99520527768772,5.31286008562374,5.13786241172375,5.23135019106063,5.14598214718274,4.83010453277739
"CYP4F25P",5.18373077138573,5.24729833481842,5.2426758087291,4.77291247508709,5.07654591073903,4.83010453277739
"INHBA-AS1",8.01616840558309,7.90794724598954,7.16642702427941,6.93928874200785,7.86550683231139,5.571858798105
"HCG14",4.33057497578978,4.69525161239808,4.86296472820736,5.02596345433389,4.74232802187034,5.54910236469605
"DNAJC27-AS1",8.23069435517052,8.20026757039308,8.07008228672197,7.61766623238105,8.09311925753903,7.52048453789093
"SNX18P9",5.3344412562722,5.40267998277688,5.69565584988958,5.39408088420441,5.26812364332126,5.28523604052962
"PHEX-AS1",5.36825224778896,5.09718127405855,5.07933519419276,4.64396487703681,4.95674843757777,4.68467332000649
"TBC1D3B",5.0958257135656,4.77662214806139,4.33057497578978,4.33057497578978,4.33057497578978,4.33057497578978
"WARS2-IT1",4.7165496130104,5.00838899562681,5.3782345210694,4.87127988604197,4.91093888395682,4.33057497578978
"LINC00403",6.06122660456922,6.27946357496297,6.74960856768488,7.13731522744772,6.65202739144907,7.06680005950331
"SLC25A5-AS1",6.35123217836489,6.55609522107361,5.96317797384801,6.19617072220197,6.3991018748316,6.44923337026561
"MSL3P1",6.8354600493058,6.69400971602305,6.58599920034065,6.46873913714878,6.8503189605295,6.69981722026509
"RPL7P7",5.72424503540458,6.12926986364968,6.00991838444328,5.3280834021818,5.4465120496375,5.67858866699434
"LINC00703",5.76951971169128,5.79633174395148,6.18054720532947,5.49445599134623,5.14598214718274,5.37273133131448
"C17orf72",6.73756065626201,6.75796460995273,6.58599920034065,8.43256820435577,7.14865083799489,9.10467966039144
"BACE2-IT1",4.7165496130104,4.58878259651035,4.63910910251109,4.91404266993799,4.33057497578978,4.94087121374919
"C4B",5.22411723473243,5.05426032044833,5.0153475618871,5.74594758405598,5.37441071259404,6.08250174298976
"RPL19P12",5.14109345202186,5.31286008562374,5.13786241172375,4.82464481268825,5.20943279770974,5.50195500208462
"STK24-AS1",5.46268370782665,5.51016048524524,5.56693702969189,5.39408088420441,5.93352705716022,5.84730736939238
"ADM5",5.22411723473243,5.2124335202594,4.94418431550225,5.12120644125242,5.17836802896297,4.98896808752624
"PRKAR2A-AS1",6.09517066737624,6.15796744435664,5.88936033417274,5.84564325546448,5.93352705716022,6.53153329507253
"MKRN5P",6.76768353188172,7.33232000194245,7.05821634900997,6.14439749474012,6.15834206985003,6.64605828080328
"ATP5F1P1",5.5207400332063,5.90657782030436,6.14008014374634,5.49445599134623,5.42310223496893,5.89830401412361
"PGAM1P6",5.6018543074561,5.48441204341114,5.60065691610817,5.28112095084593,5.37441071259404,5.50195500208462
"ATXN1L",9.75142768602946,9.6502794468923,9.5184751413448,9.66157377810331,9.62161291723563,10.0565798226557
"HNRNPA3P14",5.04742567774093,4.84495094307666,4.86296472820736,4.91404266993799,4.91093888395682,4.88837907797739
"LINC00365",5.0958257135656,5.31286008562374,5.0153475618871,4.95373220111794,5.07654591073903,5.03357482878391
"LINC00620",5.04742567774093,4.84495094307666,5.53204272811162,5.12120644125242,4.91093888395682,5.93108273336772
"SMIM13",11.4829307557403,11.5697913389109,11.1478547783359,11.085290425948,11.5389584922364,10.3916622258809
"EIF4BP3",5.83411797820783,5.58358169504195,6.18054720532947,6.40154607385148,6.26245350803355,6.13809210754304
"HLA-DPB2",7.81590385069063,7.94270187356128,6.4803071669202,6.05671361986226,6.83605876652294,5.22140032273235
"HNRNPA1P48",5.89520136979655,5.55970553524277,5.78285907365734,6.39289578642982,5.94799804642505,6.61834268185337
"ZMIZ1-AS1",6.48076738158518,6.36646410882688,6.23887088147353,5.93722994218226,6.13396671442646,5.5258120673756
"PTCHD3P1",10.0376505848345,10.0484166971455,9.61346917678294,9.13770163197349,9.24209623480643,8.28170959474778
"SH3BP5-AS1",8.13681717974602,8.23487670991194,8.07008228672197,7.51495760913922,7.49102369857769,7.73987735564204
"IPO8P1",5.85484684019812,5.88893120691801,5.96317797384801,5.70027502758029,5.67254547946021,5.42659714675519
"PLA2G12AP1",4.99520527768772,5.17594971784969,5.19204933581343,4.99090412180236,5.11210946503177,4.68467332000649
"RASAL2-AS1",5.6525384434395,6.06976574579927,6.00991838444328,5.7607533951804,5.65395698090973,5.22140032273235
"LAMTOR5-AS1",6.30967770216152,6.64638115531134,6.29459653090917,6.48500758652161,6.20569266903883,6.20421240927874
"E2F3-IT1",5.14109345202186,5.09718127405855,5.2426758087291,4.87127988604197,4.80549449477315,5.40006335275449
"PCOLCE-AS1",5.14109345202186,5.00838899562681,4.86296472820736,4.87127988604197,4.95674843757777,5.18746296578136
"BRAFP1",5.6525384434395,5.51016048524524,5.45827589049947,5.39408088420441,5.20943279770974,5.65810362455486
"CETN4P",5.46268370782665,5.17594971784969,5.13786241172375,5.17826991240815,5.03903521958369,5.75680447202851
"TMEM72-AS1",5.74711795931809,5.90657782030436,5.45827589049947,5.35063533644267,5.49165273270531,5.11466593771837
"THRB-IT1",5.14109345202186,5.28072429172865,5.49586482724437,4.95373220111794,4.95674843757777,4.83010453277739
"LINC00240",5.81299943796065,5.77685464919912,5.41912560421338,5.37262261357025,5.4465120496375,4.88837907797739
"YBX1P1",6.22223378738274,6.15796744435664,6.16047993900056,6.23608662521658,6.03126530424217,6.00920807852439
"C17orf89",7.25517290337706,7.38988622471017,7.78992305097672,7.59268147982136,7.56073865313527,7.71898670555813
"TSSC1-IT1",5.91485715615986,6.06976574579927,6.29459653090917,5.789777878405,6.04459192115025,5.94713050764567
"BEND3P3",6.4305009759227,6.25346714605822,6.61470214021762,5.83193623690723,6.05777184720114,5.47749470033185
"RPS4XP16",5.85484684019812,5.77685464919912,5.93909051704448,5.66870520190303,6.00415649635366,5.8297852851543
"VPS26BP1",4.93817568778476,5.17594971784969,5.0153475618871,5.12120644125242,5.03903521958369,5.37273133131448
"POT1-AS1",8.6146206254352,8.83545975204215,8.6453260878984,7.13731522744772,7.30502131614998,7.06007821984279
"LINC00863",8.31549587315435,8.39637717413771,8.13824378640928,8.12650880137662,8.02734668809823,7.60964233684129
"KRT8P30",4.87482195210638,5.00838899562681,5.0153475618871,4.91404266993799,4.91093888395682,4.33057497578978
"PRRT4",7.82057125999519,7.51395740488749,7.60189652432882,7.17663732237503,8.01505514946301,5.71840792780094
"PGM5-AS1",4.33057497578978,4.69525161239808,4.63910910251109,4.55239249687834,4.56883750728876,4.33057497578978
"INE1",5.97189916146181,6.08491777140764,5.29031095099465,5.71571562153576,5.81067810207035,5.8297852851543
"PPP1R8P1",5.6018543074561,5.53524434648493,5.69565584988958,5.45558649408591,5.14598214718274,6.08250174298976
"SNX18P15",4.60390596466056,4.69525161239808,7.22207310011052,5.61949520913034,4.91093888395682,6.16496703674859
"EIF4BP7",5.36825224778896,5.48441204341114,5.13786241172375,5.54997731954909,5.39908280147121,5.7938961322474
"DAP3P1",4.99520527768772,5.24729833481842,4.86296472820736,5.12120644125242,4.99924798284876,5.47749470033185
"SNORA71A",5.43226952355336,5.67386991742712,6.34796986470843,5.66870520190303,5.79433681434327,5.61588662529712
"LINC00999",5.67698376420325,6.14370258404416,5.86366298223323,4.82464481268825,4.91093888395682,4.68467332000649
"RANP4",6.50519094232758,6.63664771748306,6.90692282347899,6.7346503210604,6.76996117782249,6.53153329507253
"DYNC1I2P1",5.43226952355336,5.28072429172865,5.29031095099465,5.39408088420441,5.39908280147121,5.5258120673756
"GOLGA2P7",7.88880247875315,7.8803163866039,7.82589467947357,8.60364716934095,8.72143642010569,8.5117289367599
"DUTP6",5.0958257135656,5.00838899562681,4.33057497578978,5.0909007841773,5.07654591073903,4.76371589021208
"PLEKHM1",8.61194499442317,8.72056428283615,8.53076178760897,8.56047120294117,8.89848620500244,8.24436467501735
"ZNF33BP1",6.02629639048941,6.08491777140764,5.78285907365734,5.25661469107151,5.20943279770974,5.47749470033185
"RPS12P26",5.67698376420325,5.7368316223205,6.23887088147353,5.53181738139766,5.59610890044655,5.34453517938545
"MIR137HG",9.78973350470727,9.97247047754768,8.96418868834313,8.62126064586778,9.31499513546089,7.44588042081582
"SMARCE1P1",5.57553933579376,5.53524434648493,5.69565584988958,5.12120644125242,5.23931319139556,5.67858866699434
"RPL5P25",4.80259831140558,5.24729833481842,5.13786241172375,4.33057497578978,4.95674843757777,5.22140032273235
"ST13P6",4.99520527768772,4.84495094307666,4.63910910251109,4.99090412180236,4.86095996838829,5.15195654074678
"ZNRF2P2",5.87520277529963,6.0388771203416,5.45827589049947,5.6525587184268,6.18224393265002,5.47749470033185
"UBE2Q2P2",5.04742567774093,4.77662214806139,5.29031095099465,5.3280834021818,5.26812364332126,4.76371589021208
"SNX18P3",5.26254826080776,5.51016048524524,6.58599920034065,5.3049269085433,5.17836802896297,5.11466593771837
"PPP1R26-AS1",6.82598312485697,7.06776813917055,6.51138402021999,6.68694592364447,7.13142268535155,6.5513242749642
"WASH5P",4.7165496130104,5.05426032044833,5.07933519419276,5.4150421589993,5.42310223496893,5.77550668699715
"TNPO1P1",6.09517066737624,6.78446930270084,6.82449048673678,5.85918570565528,5.79433681434327,6.13809210754304
"BOLA3-AS1",8.47137075015292,8.14838194649489,7.87248208979373,7.1814751206461,7.85172803010065,6.84138999912851
"RPS15AP10",5.70087603390657,5.6520241287847,5.63329680407505,5.23135019106063,5.34903754503733,5.94713050764567
"RAB6C-AS1",5.26254826080776,5.37374005388151,5.29031095099465,4.87127988604197,5.20943279770974,4.33057497578978
"RFPL1S",9.53451472618957,9.59586208477016,7.21295211595265,8.36511180722146,9.72655714680067,7.01904347123356
"JPX",8.55178237037359,8.78128528618915,8.48672413198347,8.57138761546195,8.33942017719165,9.17790397013994
"PLCB1-IT1",6.30967770216152,6.11466471136286,6.46448655819503,6.05671361986226,5.65395698090973,6.3267847648848
"ARHGAP23",8.96406543927637,8.5136262916019,8.77294969540263,7.95874222971631,8.8867781799847,7.17012707082204
"LINC00475",4.60390596466056,4.33057497578978,4.86296472820736,4.64396487703681,4.33057497578978,4.68467332000649
"C3orf83",5.14109345202186,5.09718127405855,5.07933519419276,4.91404266993799,5.23931319139556,4.33057497578978
"CCT4P2",5.57553933579376,6.24026434647469,5.96317797384801,5.53181738139766,5.26812364332126,6.3150496424646
"EDNRB-AS1",5.04742567774093,4.84495094307666,4.63910910251109,5.23135019106063,5.07654591073903,5.47749470033185
"ZNF469",5.36825224778896,5.05426032044833,6.09823090651264,5.23135019106063,5.4465120496375,5.40006335275449
"MYT1L-AS1",5.14109345202186,5.17594971784969,5.13786241172375,4.71402308857299,5.4465120496375,4.58127373257168
"MTND2P28",5.18373077138573,4.95891832408665,5.0153475618871,5.05921631031587,5.07654591073903,4.94087121374919
"SBDSP1",9.23978772733347,9.36065361083876,8.95076317415032,9.12296013562124,9.37364457860085,9.16109731075803
"FAM195B",7.62073759712291,7.12350224223334,7.58093875215175,7.93913481520971,8.0813839661163,7.23694571614715
"SLC26A6",7.33630691398512,7.03175530872374,7.22207310011052,7.79998325159792,7.67893446146909,7.45097907944464
"FAM66E",5.3344412562722,5.00838899562681,5.2426758087291,4.99090412180236,4.95674843757777,4.98896808752624
"FGD5-AS1",12.0382313207999,12.0469648274933,11.7809053176578,12.2111473876234,12.1428419738349,12.1688808504739
"LINC00431",4.60390596466056,4.58878259651035,4.94418431550225,4.33057497578978,4.33057497578978,4.33057497578978
"MIAT",13.9414361932217,13.849325518455,13.6972715786233,13.7873153280624,14.0492469646472,12.8394310287512
"TRAM2-AS1",7.3493827656466,7.31457793993222,7.36864289908543,7.67316801531201,7.46851027478775,7.73987735564204
"UBXN7-AS1",5.14109345202186,5.40267998277688,5.66493901424027,5.35063533644267,5.51344929562775,5.86456156907527
"FAM229A",7.46187926330275,7.29056586476305,7.36864289908543,7.13232057759675,7.37950932416922,6.99099058435697
"ERCC6",9.94735360405823,10.0036941569249,9.80302282324439,9.42783117672129,9.66431636573103,9.16416770169776
"MKRN7P",5.81299943796065,6.41364234346673,5.63329680407505,5.39408088420441,5.29596108369109,5.881557447727
"RUSC1-AS1",6.00844026539826,5.97458977678836,6.49593802186075,6.28425515241289,6.35859427178238,6.49103195422233
"LINC00115",5.6018543074561,5.62971160557788,6.11933501176659,5.51331587387945,5.8583162996779,5.42659714675519
"BMS1P11",5.85484684019812,6.35439345161833,5.91449335713677,4.95373220111794,4.99924798284876,4.33057497578978
"HSPE1P13",5.18373077138573,5.67386991742712,5.53204272811162,4.91404266993799,4.86095996838829,5.15195654074678
"RPS27P16",5.26254826080776,5.40267998277688,5.33538540566403,5.45558649408591,5.11210946503177,5.28523604052962
"NOL7",9.04555205928148,8.86179988105892,8.89857141295084,9.03906616657387,8.91175107734604,9.33870551759448
"SATB2-AS1",4.7165496130104,4.58878259651035,5.0153475618871,5.77536139914715,5.65395698090973,5.07532107295397
"ELFN1",7.673401304741,7.3613989484648,7.70870670740222,7.60344340280255,8.16157446701301,6.03906618111504
"HAR1A",5.18373077138573,5.13762512309315,5.33538540566403,5.02596345433389,4.95674843757777,4.68467332000649
"UBXN10-AS1",5.26254826080776,5.00838899562681,4.94418431550225,4.64396487703681,4.99924798284876,4.83010453277739
"KCNIP2-AS1",4.99520527768772,5.00838899562681,5.2426758087291,5.20526093226038,5.53476861827663,5.18746296578136
"CCT8P1",4.87482195210638,5.00838899562681,5.07933519419276,4.95373220111794,4.56883750728876,4.88837907797739
"FGF13-AS1",5.14109345202186,5.00838899562681,5.3782345210694,5.4150421589993,5.20943279770974,5.40006335275449
"TLK2P1",5.5207400332063,6.0388771203416,5.83737023149546,5.47521948736164,5.17836802896297,6.13809210754304
"MEMO1P1",5.0958257135656,5.17594971784969,5.41912560421338,5.39408088420441,5.53476861827663,5.25394328805817
"PAICSP1",5.43226952355336,5.34383018699978,5.41912560421338,5.20526093226038,5.07654591073903,5.11466593771837
"LINC00869",5.57553933579376,5.60690679268508,5.45827589049947,5.3280834021818,5.32290848716218,5.07532107295397
"LINC00937",5.81299943796065,6.50312951392523,6.03261425473495,5.58533341826546,5.91887334582027,5.07532107295397
"SEPT7P3",5.14109345202186,4.77662214806139,5.07933519419276,4.55239249687834,5.03903521958369,4.76371589021208
"FCF1P4",5.57553933579376,5.79633174395148,5.56693702969189,4.91404266993799,4.95674843757777,4.98896808752624
"AHCTF1P1",5.67698376420325,5.60690679268508,5.60065691610817,5.39408088420441,5.53476861827663,5.50195500208462
"FTCDNL1",5.29925920898593,5.09718127405855,5.07933519419276,5.71571562153576,5.34903754503733,5.9629602809734
"BAIAP2-AS1",9.1357497162713,8.92465225905957,8.73270290508688,9.58122279321265,9.31624168473594,10.0416450605465
"CLCP2",5.0958257135656,4.95891832408665,5.0153475618871,4.99090412180236,5.03903521958369,5.37273133131448
"TEX22",5.76951971169128,5.77685464919912,6.09823090651264,6.23608662521658,6.41888706613282,6.65516992011782
"LINC00685",5.57553933579376,5.40267998277688,5.49586482724437,4.91404266993799,5.37441071259404,5.15195654074678
"RPS12P5",4.99520527768772,5.48441204341114,5.3782345210694,4.95373220111794,4.95674843757777,5.07532107295397
"PTP4A1P3",5.3344412562722,5.48441204341114,5.7255112363932,5.15028716110163,5.34903754503733,5.54910236469605
"GTF2H2B",6.06122660456922,6.19979772223188,6.00991838444328,6.13377621276322,5.93352705716022,6.33841262084272
"PSPHP1",4.33057497578978,4.33057497578978,4.33057497578978,7.22427350818905,7.10222383794015,7.76861647121532
"TMEM191A",5.93418371095413,5.81547244195914,5.7255112363932,4.99090412180236,5.55563637036578,4.33057497578978
"ZNF192P1",6.9872241670526,7.20310972633089,7.14737131843771,6.5404029187479,6.61873678184173,6.51143928016197
"RPL10AP6",4.7165496130104,5.00838899562681,5.07933519419276,5.17826991240815,4.86095996838829,5.28523604052962
"MIR29B1",6.02629639048941,6.24026434647469,5.96317797384801,5.92458453824114,5.51344929562775,6.26699080821412
"RPS14P3",5.3344412562722,5.48441204341114,5.45827589049947,5.0909007841773,5.14598214718274,5.37273133131448
"TPI1P1",5.04742567774093,5.2124335202594,5.2426758087291,5.3049269085433,5.03903521958369,5.25394328805817
"SLC16A1-AS1",6.48076738158518,6.62684248559454,6.6427968877454,6.24586930570413,6.29531752794964,6.41697671329194
"ANKRD18DP",4.60390596466056,4.33057497578978,4.63910910251109,4.95373220111794,4.66714835127326,4.33057497578978
"CYP2D8P",6.30967770216152,5.90657782030436,5.60065691610817,5.88579523582229,6.17035088062347,4.98896808752624
"TMEM185B",7.67856140727407,7.54964432540627,7.36043382064508,7.45669148388178,7.70220203043486,7.68490726420632
"KIRREL-IT1",5.46268370782665,5.43072800972915,5.60065691610817,5.23135019106063,5.17836802896297,5.67858866699434
"AGKP1",6.64290506183329,6.82751949701701,6.57141063641404,5.93722994218226,6.14621490998224,6.59003562630551
"FTH1P20",4.60390596466056,4.69525161239808,4.33057497578978,4.91404266993799,4.80549449477315,4.76371589021208
"LINC00606",4.93817568778476,5.2124335202594,4.94418431550225,4.64396487703681,4.95674843757777,4.83010453277739
"SPANXA2-OT1",5.3344412562722,5.53524434648493,5.19204933581343,5.12120644125242,5.11210946503177,4.94087121374919
"RPL39P40",4.87482195210638,4.69525161239808,4.94418431550225,4.99090412180236,4.66714835127326,5.03357482878391
"PAPPA-AS2",5.22411723473243,5.58358169504195,4.33057497578978,4.82464481268825,4.74232802187034,4.33057497578978
"FTLP3",5.18373077138573,4.69525161239808,4.86296472820736,4.91404266993799,4.95674843757777,4.76371589021208
"UBE2V1P1",5.49214979402744,5.51016048524524,5.66493901424027,5.25661469107151,5.29596108369109,5.45239055899795
"KIF4B",5.6018543074561,5.62971160557788,5.19204933581343,5.39408088420441,5.7264309006772,5.25394328805817
"LINC01108",5.04742567774093,5.13762512309315,4.33057497578978,4.71402308857299,5.11210946503177,4.58127373257168
"TEX41",4.33057497578978,4.33057497578978,4.33057497578978,5.02596345433389,4.33057497578978,5.47749470033185
"ENTPD1-AS1",8.79287503142726,8.8375031438208,8.47550008213014,8.14859490983899,8.35653294098644,7.38320676776276
"LENG8-AS1",7.16159439458307,7.15054908264214,6.44847108684433,7.00119606273514,7.06635083100479,6.48070743372353
"FAM66C",9.28911633067063,9.47782880725864,9.45907694291546,8.119070193026,8.69289134719179,8.19099138957331
"EEF1DP2",6.30967770216152,6.41364234346673,6.36527543281753,6.13377621276322,6.24005731496927,5.71840792780094
"HSBP1L1",5.6018543074561,5.48441204341114,5.2426758087291,5.15028716110163,5.14598214718274,5.63720988468804
"SMCR5",4.93817568778476,5.05426032044833,4.86296472820736,4.87127988604197,5.17836802896297,5.40006335275449
"PSMD5-AS1",6.96163830026338,6.91767973622659,6.51138402021999,8.91473224694562,8.95082681945545,9.23303709742854
"TAS2R46",5.70087603390657,5.97458977678836,5.69565584988958,5.63615875497389,5.11210946503177,5.9629602809734
"SRRM5",5.18373077138573,5.24729833481842,5.53204272811162,4.99090412180236,4.95674843757777,4.94087121374919
"FABP7P1",5.29925920898593,5.48441204341114,5.45827589049947,5.60255728389094,5.39908280147121,5.45239055899795
"OSTCP8",5.36825224778896,5.60690679268508,5.81044805857035,5.12120644125242,5.34903754503733,5.22140032273235
"MEIS1-AS3",4.7165496130104,4.58878259651035,5.63329680407505,5.15028716110163,5.29596108369109,5.63720988468804
"PAICSP3",5.0958257135656,5.2124335202594,4.33057497578978,4.33057497578978,4.66714835127326,4.33057497578978
"DUTP3",5.40082433975998,5.83429039028268,5.29031095099465,5.0909007841773,5.14598214718274,4.33057497578978
"ATE1-AS1",6.2520628250378,6.67516177549202,6.52664985962964,4.55239249687834,4.66714835127326,4.58127373257168
"ERVMER34-1",4.87482195210638,5.00838899562681,4.63910910251109,4.77291247508709,4.74232802187034,4.68467332000649
"BSN-AS2",5.67698376420325,5.90657782030436,6.00991838444328,5.58533341826546,6.07080875752555,5.881557447727
"DANCR",8.49480930567828,8.39915129170205,8.81506742590681,8.66776483259553,8.49538823886037,8.85578004687186
"RHEBP2",5.26254826080776,5.40267998277688,5.33538540566403,5.17826991240815,5.57607598002124,5.75680447202851
"COX6A1P2",5.3344412562722,5.24729833481842,4.86296472820736,5.25661469107151,5.20943279770974,5.25394328805817
"LTA",4.87482195210638,5.00838899562681,4.63910910251109,4.71402308857299,4.74232802187034,4.83010453277739
"NBPF2P",5.46268370782665,5.69527237656877,5.2426758087291,5.0909007841773,5.67254547946021,5.07532107295397
"SLC8A1-AS1",5.3344412562722,5.34383018699978,5.33538540566403,5.63615875497389,5.20943279770974,5.37273133131448
"LINC00511",7.54354537093579,7.50359283809551,8.43743883491317,7.09684393445061,7.7916296063901,6.84927332268354
"C14orf132",12.891728656786,12.8089149002595,12.5725882854405,12.8279881630922,13.3394696710176,11.6262040589679
"WDR46",8.53774988172669,8.43202834479863,8.53797169085479,8.89750404199127,8.70437755580809,9.11423755328731
"LINC00629",5.0958257135656,4.77662214806139,4.94418431550225,4.64396487703681,4.95674843757777,4.94087121374919
"RPL41P1",8.45950617542595,8.52128187610374,8.61497734050846,9.14379962886681,8.71198430133152,9.47471335786829
"LMCD1-AS1",6.20704769793219,6.31748106638303,6.21973164683618,5.63615875497389,5.93352705716022,6.15160304901779
"ZNF717",9.11325254656808,9.22687484379499,9.22724342445483,9.00596535396008,8.7138797085846,9.31542462635113
"LBX1-AS1",5.70087603390657,5.83429039028268,6.54174004934149,6.14439749474012,6.89222287773343,5.03357482878391
"WDR11-AS1",7.45586048096702,7.55967679243628,7.31014150476043,6.81268653696954,7.06028027309134,6.34993536391042
"EPPK1",6.92676259669851,6.64638115531134,6.79998829512151,6.74797431349417,6.71621387992826,7.82049194481516
"MIR663A",9.65485346007073,9.77050183368071,11.8238145462433,9.72797787735217,10.0693965367775,9.41412722557302
"ST7-AS1",5.9531937412958,5.69527237656877,6.09823090651264,6.24586930570413,5.84266003333913,6.43857020096946
"SUB1P1",4.7165496130104,4.95891832408665,4.63910910251109,4.77291247508709,4.66714835127326,4.58127373257168
"WASH7P",7.673401304741,7.19664743352791,7.39298538920024,8.23367555975418,8.15878673236071,7.42529865342838
"NBPF13P",5.62750733317344,5.43072800972915,5.60065691610817,5.39408088420441,5.57607598002124,4.94087121374919
"LINC00845",4.80259831140558,5.00838899562681,4.63910910251109,5.02596345433389,5.11210946503177,4.76371589021208
"FAM155A-IT1",6.91790282534075,7.36714293893297,7.10845497857026,6.46873913714878,6.30608491752984,6.02423069666386
"MIS18A-AS1",4.7165496130104,5.37374005388151,4.63910910251109,4.95373220111794,5.11210946503177,5.11466593771837
"SMIM2-AS1",5.14109345202186,5.13762512309315,5.66493901424027,5.15028716110163,5.17836802896297,5.22140032273235
"KLLN",6.77757659703764,6.27946357496297,6.86043252493434,6.67999007974596,6.58458917618073,6.69981722026509
"PARG",8.95143422706149,9.24698362579486,8.8617372504545,9.01664071899125,8.92162002498518,8.99339964356511
"RBM26-AS1",7.21992247057651,7.35563129640412,7.04794528740955,7.09170070117212,7.20457967841515,7.32874891051753
"TP73-AS1",8.98487399308142,8.55150198525258,8.83859177605447,8.95275708677088,8.96043205415915,9.41154664392642
"FTH1P16",5.18373077138573,5.34383018699978,5.41912560421338,5.23135019106063,5.14598214718274,5.15195654074678
"PPIAP2",5.54851785949931,5.24729833481842,5.13786241172375,5.0909007841773,5.20943279770974,5.03357482878391
"EIF4A2P2",5.6018543074561,6.02312871455732,5.2426758087291,5.25661469107151,4.99924798284876,5.28523604052962
"KIF9-AS1",8.29893292653589,8.36550191101615,8.12870343458196,8.11159262389103,8.19460977828675,8.0313273339539
"FCF1P1",5.43226952355336,5.13762512309315,5.56693702969189,5.05921631031587,5.17836802896297,5.25394328805817
"LINC00310",6.39147731265288,6.63664771748306,6.4803071669202,6.10134683232378,6.15834206985003,6.03906618111504
"NCAM1-AS1",4.80259831140558,4.58878259651035,4.63910910251109,4.71402308857299,4.56883750728876,4.58127373257168
"USP9YP14",4.93817568778476,5.00838899562681,4.63910910251109,4.99090412180236,5.11210946503177,4.58127373257168
"SCAMP4",7.15412798548242,6.98725741936592,7.38491811861045,7.50349580743111,7.36980368498061,7.73572379093135
"SLC2A1-AS1",5.87520277529963,6.40200899166213,6.27629400697231,5.43553531135657,5.53476861827663,5.59411117987997
"SOCS5P4",5.0958257135656,5.37374005388151,5.3782345210694,5.4150421589993,4.80549449477315,5.47749470033185
"SPAG5-AS1",4.7165496130104,4.77662214806139,4.86296472820736,4.77291247508709,4.91093888395682,5.15195654074678
"PGM5P2",5.14109345202186,5.00838899562681,6.03261425473495,4.77291247508709,4.91093888395682,4.94087121374919
"LINC01132",4.87482195210638,4.58878259651035,5.66493901424027,5.37262261357025,4.95674843757777,5.34453517938545
"SOX21-AS1",7.18375548402539,7.20310972633089,7.73419557219369,7.43672021004202,7.66320747407373,7.76454637346845
"MIR3916",8.00393230488051,8.04570240743399,7.95050833517773,7.91352177677454,7.87915334433172,8.1165768313139
"GLUD1P2",5.85484684019812,6.05442078166421,5.78285907365734,6.09034204967627,6.12159469522682,5.54910236469605
"FAM212B-AS1",5.76951971169128,6.09988234759329,7.03759706541257,6.71441314140921,6.57591271561808,6.67320839276355
"SLC9A7P1",5.49214979402744,5.53524434648493,5.2426758087291,5.53181738139766,5.11210946503177,4.98896808752624
"CARM1P1",5.26254826080776,5.31286008562374,5.0153475618871,5.25661469107151,5.65395698090973,6.24225613351204
"SUCLA2-AS1",5.0958257135656,4.90491546544878,4.86296472820736,4.99090412180236,5.32290848716218,4.88837907797739
"DPY19L2P3",6.30967770216152,6.44792678694728,5.53204272811162,5.87256822454692,5.97641267591333,5.28523604052962
"FAM66A",7.7827951013011,7.87232222785439,7.91759106235902,6.70074998087008,7.13142268535155,6.48070743372353
"SNAP25-AS1",5.67698376420325,5.69527237656877,5.93909051704448,5.45558649408591,5.7264309006772,5.42659714675519
"MACROD2-IT1",5.5207400332063,5.75702651981449,5.96317797384801,5.17826991240815,5.26812364332126,5.07532107295397
"PIN4P1",4.60390596466056,5.05426032044833,4.94418431550225,4.95373220111794,5.23931319139556,4.58127373257168
"TRIM60P18",6.57584372992704,6.68461897403412,6.399200953035,6.22622682849031,6.67646014042819,6.42781852490384
"RAPGEF4-AS1",5.91485715615986,6.06976574579927,5.98677983682015,5.51331587387945,5.77775078358577,5.37273133131448
"MFI2-AS1",5.43226952355336,5.53524434648493,5.81044805857035,5.63615875497389,6.03126530424217,5.94713050764567
"ST13P19",4.60390596466056,4.69525161239808,4.33057497578978,4.64396487703681,4.56883750728876,4.68467332000649
"LINC00568",5.54851785949931,5.34383018699978,5.41912560421338,5.23135019106063,5.42310223496893,5.45239055899795
"TLE1P1",5.40082433975998,5.88893120691801,5.75456202992873,5.43553531135657,5.34903754503733,5.7938961322474
"GEMIN8P4",5.40082433975998,5.53524434648493,5.81044805857035,5.71571562153576,5.61575483702208,5.81198514857821
"RNF144A-AS1",7.0451330407818,7.06064047442664,6.84855731667408,7.00119606273514,7.37466490983108,5.881557447727
"LINC00693",7.45586048096702,7.62797515941513,7.26680255576584,6.79998987983057,7.10811313039174,5.81198514857821
"ATF4P3",5.3344412562722,5.6520241287847,5.3782345210694,5.02596345433389,5.14598214718274,4.98896808752624
"HCG11",6.57584372992704,6.39026961629101,5.19204933581343,5.83193623690723,6.15834206985003,7.1886712995919
"GAPDHP1",5.3344412562722,4.84495094307666,5.33538540566403,5.12120644125242,5.29596108369109,4.88837907797739
"COL6A4P2",5.3344412562722,5.60690679268508,5.49586482724437,5.77536139914715,5.53476861827663,6.26699080821412
"MT-ATP8",6.49303627369584,6.64638115531134,6.00991838444328,6.10134683232378,6.27350364256348,6.26699080821412
"ARMCX3-AS1",5.3344412562722,5.00838899562681,4.7660846074949,4.55239249687834,4.74232802187034,4.76371589021208
"PCAT6",5.22411723473243,4.84495094307666,5.53204272811162,5.49445599134623,5.49165273270531,5.11466593771837
"C19orf24",6.19167384472197,6.00716920758814,6.74960856768488,6.7279384444836,6.7624132232569,6.40604308854489
"GUSBP11",5.3344412562722,5.37374005388151,5.2426758087291,5.17826991240815,5.11210946503177,4.94087121374919
"LINC01004",6.67520758794867,6.72179300651678,7.04794528740955,6.43557845627955,6.63548630992359,6.83346059421358
"CCT6P1",8.2236879472729,8.15497164171249,7.88389418139776,8.25417738004072,8.38778118877184,7.90418256067583
"PTMAP1",5.57553933579376,5.28072429172865,5.3782345210694,5.05921631031587,5.42310223496893,5.54910236469605
"TSTD3",5.93418371095413,6.09988234759329,6.41583398350578,6.45226469243349,5.88899535302041,6.72590736183652
"SDAD1P1",5.79147317606317,5.94108086001497,6.29459653090917,6.56344602671809,6.30608491752984,7.35624264735902
"OST4",9.67290068587224,9.53302533619556,10.0162932160196,10.0942098872836,9.79250103881183,10.3765351677493
"GRK5-IT1",5.46268370782665,5.55970553524277,5.78285907365734,5.51331587387945,5.51344929562775,5.11466593771837
"LINC01125",7.71416483505751,7.82753203113606,7.8318023376384,7.10707332424053,7.23708728805804,7.06007821984279
"LINC01013",6.07831789081791,6.17206882112393,5.3782345210694,6.1757212913575,6.04459192115025,6.50127544507696
"EEF1A1P11",5.49214979402744,5.13762512309315,5.33538540566403,5.3280834021818,5.32290848716218,5.61588662529712
"CCDC183-AS1",5.54851785949931,5.45795213323723,6.0767532850492,5.68460767469218,5.70876948923922,5.42659714675519
"NUTM2E",4.7165496130104,4.77662214806139,4.7660846074949,5.49445599134623,5.90403138225395,5.28523604052962
"SPCS2P4",5.14109345202186,5.00838899562681,4.33057497578978,5.3280834021818,5.03903521958369,5.25394328805817
"C1orf233",7.81122104803822,7.29056586476305,7.4247982507733,7.47246663132317,7.65129641608071,6.73449250527301
"ZNF883",9.22237822085793,9.39571006736673,9.0447409562731,8.76284354155449,8.95082681945545,8.14181492784617
"FCF1P2",7.27590283438528,7.2286626536223,6.92958651312438,7.34530362566354,7.39872123984883,7.29502642405222
"PROB1",5.22411723473243,5.09718127405855,5.41912560421338,5.47521948736164,5.23931319139556,5.47749470033185
"ARL17B",6.82598312485697,6.87743702785821,6.62882379950556,6.7279384444836,6.74718918806888,6.65516992011782
"TNKS2-AS1",5.36825224778896,5.58358169504195,5.81044805857035,6.20627032032873,6.26245350803355,6.26699080821412
"DHFR",9.13388832793336,9.05676456344544,9.27540159928229,10.3854856977531,9.53221042460333,11.0708957986222
"SAPCD1",4.93817568778476,4.84495094307666,4.7660846074949,4.71402308857299,4.74232802187034,4.94087121374919
"RPL7L1P8",4.33057497578978,4.58878259651035,4.33057497578978,4.33057497578978,4.66714835127326,4.58127373257168
"WEE2-AS1",7.21276396249247,7.3498397812423,7.38491811861045,7.63873556371324,7.45940299913427,8.23560635357831
"MRPL45P2",7.3493827656466,7.62797515941513,7.28429996695587,6.98458762895756,7.02951969692029,7.01904347123356
"HCG22",5.57553933579376,5.75702651981449,6.09823090651264,5.15028716110163,6.24005731496927,5.03357482878391
"LINC01128",9.70708039894514,9.64329700375298,9.11381304264582,9.20339925941116,9.68664863544286,8.51414176231219
"BACH1-IT2",5.97189916146181,6.26653250017841,6.05488661074004,5.71571562153576,5.55563637036578,5.61588662529712
"MIR4500HG",7.26902704649298,7.32643096545362,6.89544820275353,7.0338224137936,7.43637318374401,6.80939009577328
"NEGR1-IT1",5.72424503540458,5.87100821421757,5.63329680407505,5.20526093226038,5.37441071259404,5.03357482878391
"UBAC2-AS1",6.06122660456922,5.94108086001497,5.98677983682015,6.23608662521658,6.24005731496927,6.51143928016197
"RASA4CP",6.58725916525107,6.34220771365591,5.69565584988958,5.35063533644267,6.2844576999073,4.98896808752624
"AKT3-IT1",5.9531937412958,5.85279833732561,5.86366298223323,5.45558649408591,5.37441071259404,5.81198514857821
"RPL30P13",5.22411723473243,5.51016048524524,5.29031095099465,5.3280834021818,5.03903521958369,5.03357482878391
"LINC01165",4.87482195210638,5.2124335202594,5.19204933581343,5.3280834021818,4.86095996838829,5.07532107295397
"CALM2P2",4.87482195210638,5.05426032044833,4.33057497578978,4.82464481268825,4.95674843757777,4.76371589021208
"RPL41",11.4500623979076,11.339496100136,11.6322354177123,11.9843993087559,11.6125232564221,12.1885927470685
"AGBL5-IT1",5.29925920898593,5.24729833481842,5.13786241172375,5.05921631031587,5.11210946503177,5.15195654074678
"VIM-AS1",5.91485715615986,5.7368316223205,5.88936033417274,6.07923636656541,5.84266003333913,6.00920807852439
"ANKRD10-IT1",7.73411488001588,7.79827577472242,7.41691240853898,7.50349580743111,7.60674326500401,7.21301798050329
"EPHA1-AS1",5.3344412562722,5.17594971784969,4.86296472820736,4.33057497578978,4.91093888395682,4.58127373257168
"TRAC",5.0958257135656,5.34383018699978,4.63910910251109,5.3049269085433,5.63503194179442,5.3153992589889
"ADAM1A",8.85750953167143,8.86179988105892,8.77294969540263,8.36720331224614,8.60163747250555,8.1511653914015
"LINC00242",5.14109345202186,5.2124335202594,5.07933519419276,5.25661469107151,5.32290848716218,4.98896808752624
"KRT18P4",5.43226952355336,5.79633174395148,5.45827589049947,5.17826991240815,5.26812364332126,5.40006335275449
"TTTY10",6.39147731265288,6.49227442759739,6.399200953035,6.15492760336544,6.15834206985003,6.75149995617342
"REV3L-IT1",5.72424503540458,5.90657782030436,5.98677983682015,5.39408088420441,5.14598214718274,5.54910236469605
"ORM1",5.40082433975998,5.87100821421757,5.29031095099465,5.61949520913034,5.82678316373963,5.37273133131448
"KRT8P12",6.56432869610102,6.5245731111976,7.0271704621372,6.76116760824153,6.79973756323268,7.17012707082204
"ACAP2-IT1",7.50330448909053,7.76408449124898,7.07853172863903,6.91019562899309,7.18247781860919,6.38389343266527
"HYI-AS1",5.18373077138573,4.95891832408665,5.2426758087291,4.95373220111794,4.56883750728876,5.07532107295397
"LRRC3-AS1",5.5207400332063,5.31286008562374,4.7660846074949,4.87127988604197,5.34903754503733,4.58127373257168
"DPY19L1P1",7.61536167932807,7.81506738043907,7.81400512101009,7.49965437493521,7.63928417600274,7.73155801716285
"HMGB1P16",4.60390596466056,4.95891832408665,4.63910910251109,5.15028716110163,4.33057497578978,6.09663944422455
"LINC00858",5.22411723473243,5.51016048524524,5.45827589049947,6.23608662521658,6.45757155210179,6.48070743372353
"RALGAPA1P",8.46248153882753,8.68240505884543,8.67177440372227,8.15102796989229,8.23750160145687,8.37234968959896
"ANKRD26P4",5.46268370782665,5.55970553524277,5.7255112363932,5.49445599134623,5.14598214718274,5.73777627602365
"PATL2",6.02629639048941,6.02312871455732,5.69565584988958,5.25661469107151,5.32290848716218,5.11466593771837
"LINC00404",5.18373077138573,4.95891832408665,5.07933519419276,5.25661469107151,5.07654591073903,5.77550668699715
"MYCBP2-AS2",5.67698376420325,5.95795537545197,5.78285907365734,5.39408088420441,5.59610890044655,5.54910236469605
"NKX1-2",4.99520527768772,4.69525161239808,4.33057497578978,5.53181738139766,6.09646749403237,4.98896808752624
"RPL21P44",5.5207400332063,5.71625300812078,5.53204272811162,5.02596345433389,5.03903521958369,5.25394328805817
"ACVR2B-AS1",6.14437114006863,6.32990443424444,6.0767532850492,6.09034204967627,6.47648978420022,5.99399275429218
"MBNL1-AS1",6.20704769793219,6.19979772223188,6.03261425473495,6.69386575843543,6.3482640446452,7.40966184429143
"METTL21AP1",5.22411723473243,5.55970553524277,5.69565584988958,4.87127988604197,5.26812364332126,5.571858798105
"RPL4P4",5.81299943796065,5.94108086001497,6.03261425473495,6.45226469243349,6.0837061780769,6.21702304029175
"LINC00341",5.67698376420325,5.31286008562374,5.49586482724437,5.12120644125242,5.34903754503733,5.84730736939238
"MAST4-AS1",4.7165496130104,5.00838899562681,4.86296472820736,4.95373220111794,4.56883750728876,5.5258120673756
"ZNF492",4.33057497578978,4.33057497578978,4.33057497578978,6.52481329577584,6.03126530424217,6.44923337026561
"SOS1-IT1",7.09290167116183,7.15722908848611,7.37680414175874,6.74797431349417,6.84320759903549,6.85711112771071
"EEF1DP3",6.19167384472197,6.37842206372085,6.78756865288512,5.81805978469791,5.76091096778062,5.65810362455486
"LINC01159",5.43226952355336,5.24729833481842,5.93909051704448,5.68460767469218,5.7264309006772,5.71840792780094
"XIST",5.0958257135656,4.95891832408665,5.2426758087291,4.64396487703681,4.95674843757777,4.94087121374919
"ZNF688",7.037008143838,6.82751949701701,7.22207310011052,6.97900650440671,7.29478283853804,6.80127051198349
"DDX50P1",6.28119912210877,6.72179300651678,6.3126379774091,6.01035734573399,5.69081184736494,6.13809210754304
"PET100",5.67698376420325,5.71625300812078,5.96317797384801,5.98648331822425,6.20569266903883,6.03906618111504
"STEAP3-AS1",5.36825224778896,5.53524434648493,5.29031095099465,5.43553531135657,5.07654591073903,4.76371589021208
"HNRNPA1P6",5.40082433975998,5.48441204341114,5.53204272811162,4.91404266993799,4.95674843757777,4.76371589021208
"RPL7P46",5.18373077138573,5.51016048524524,5.7255112363932,5.0909007841773,5.17836802896297,5.28523604052962
"RPS4XP5",4.93817568778476,5.24729833481842,4.63910910251109,5.02596345433389,4.86095996838829,4.88837907797739
"YWHAZP3",5.14109345202186,5.37374005388151,5.33538540566403,5.17826991240815,5.07654591073903,5.18746296578136
"TFAP2A-AS1",5.83411797820783,5.69527237656877,4.7660846074949,5.20526093226038,5.29596108369109,4.33057497578978
"ZRANB2-AS2",6.39147731265288,6.85270764240235,6.399200953035,6.366589959339,6.12159469522682,6.48070743372353
"TOB1-AS1",6.51723368027146,6.47028950760066,6.6004284650849,6.22622682849031,6.60177306867266,5.75680447202851
"MIR181A1HG",8.12933374133874,8.14176170676316,8.46796826016975,7.21015328943332,7.48654974865175,7.93343430385265
"HMGB3P9",5.29925920898593,5.77685464919912,5.98677983682015,5.61949520913034,5.26812364332126,6.59003562630551
"RPL5P4",5.54851785949931,6.0388771203416,6.11933501176659,5.43553531135657,5.63503194179442,6.00920807852439
"ALMS1-IT1",5.67698376420325,6.08491777140764,6.38235023120535,5.85918570565528,5.37441071259404,5.97857887220761
"ANKRD36BP2",8.11424816097241,7.89222397711092,7.22207310011052,5.83193623690723,6.99805561656189,4.98896808752624
"AK3P3",6.73756065626201,6.92558771782441,6.71054607635312,6.74132882678262,6.61028206685648,6.82548453408029
"CISD3",6.56432869610102,5.90657782030436,5.96317797384801,6.03376044615837,5.99036612397887,5.77550668699715
"ANKRD66",4.33057497578978,4.33057497578978,4.63910910251109,6.06802763232559,4.74232802187034,7.28360218235551
"CDC42-IT1",5.72424503540458,6.31748106638303,6.0767532850492,5.3049269085433,5.59610890044655,5.69868419475818
"LRRC37A15P",7.32972286304845,7.22231829608507,6.86043252493434,6.97900650440671,7.45940299913427,6.12443048056718
"RPL4P6",5.9903111609895,6.32990443424444,6.25772181162451,5.81805978469791,5.90403138225395,5.881557447727
"MTAPP2",4.80259831140558,4.58878259651035,4.33057497578978,4.64396487703681,4.33057497578978,5.11466593771837
"PRRT3-AS1",5.36825224778896,5.24729833481842,5.29031095099465,5.05921631031587,5.23931319139556,5.11466593771837
"TMEM254-AS1",6.78739762772996,6.59698438339265,6.58599920034065,6.78071837564872,6.67646014042819,6.97674618414927
"CNOT6LP1",5.62750733317344,5.67386991742712,5.56693702969189,5.91179944389842,5.77775078358577,5.40006335275449
"C9orf147",6.04388889103782,6.27946357496297,6.29459653090917,6.24586930570413,6.30608491752984,6.42781852490384
"ATXN8OS",5.9903111609895,6.19979772223188,5.69565584988958,5.66870520190303,5.90403138225395,5.25394328805817
"PHBP4",6.111792441977,6.08491777140764,5.81044805857035,5.28112095084593,5.69081184736494,5.07532107295397
"HERC2P4",4.87482195210638,5.05426032044833,4.86296472820736,5.28112095084593,5.03903521958369,4.98896808752624
"HCG24",5.67698376420325,5.99099191043792,5.13786241172375,4.82464481268825,5.39908280147121,4.76371589021208
"ELOVL2-AS1",5.57553933579376,5.71625300812078,5.96317797384801,5.63615875497389,5.84266003333913,5.37273133131448
"HMGN2P3",5.3344412562722,5.7368316223205,5.33538540566403,5.53181738139766,5.34903754503733,5.94713050764567
"TPI1P2",5.46268370782665,5.67386991742712,5.78285907365734,5.43553531135657,5.53476861827663,5.34453517938545
"DSCR9",5.9531937412958,6.24026434647469,5.66493901424027,5.47521948736164,5.65395698090973,5.77550668699715
"GOLGA6L5P",6.2372372059446,6.35439345161833,6.11933501176659,6.06802763232559,6.21725309445207,6.20421240927874
"RPSAP23",5.0958257135656,5.62971160557788,5.13786241172375,4.99090412180236,4.99924798284876,5.03357482878391
"SPTLC1P1",5.36825224778896,5.53524434648493,5.91449335713677,5.60255728389094,5.53476861827663,6.17818765351574
"TCEA1P2",5.74711795931809,5.83429039028268,5.98677983682015,6.12306193840807,6.01778816310778,6.15160304901779
"LINC00856",5.36825224778896,5.6520241287847,5.19204933581343,5.39408088420441,5.55563637036578,5.84730736939238
"TFAMP1",4.7165496130104,5.37374005388151,4.94418431550225,4.55239249687834,4.33057497578978,4.33057497578978
"LRRC37A6P",5.72424503540458,5.7368316223205,4.33057497578978,5.97436269294477,5.63503194179442,7.70204950767822
"ANKRD18B",4.60390596466056,4.33057497578978,6.00991838444328,4.55239249687834,4.33057497578978,4.68467332000649
"PROX1-AS1",5.6018543074561,5.55970553524277,5.75456202992873,6.03376044615837,5.23931319139556,5.81198514857821
"PSMG3-AS1",7.58266920398658,7.63272951889504,7.94507471577092,6.91019562899309,6.97235471318137,6.72590736183652
"PPP5D1",6.2520628250378,6.56643692587744,6.3126379774091,6.20627032032873,6.45757155210179,6.70857049326097
"THAP7-AS1",6.12819034179057,6.32990443424444,6.34796986470843,6.15492760336544,6.17035088062347,6.00920807852439
"LIMD1-AS1",6.73756065626201,6.55609522107361,6.4803071669202,6.21628853422501,6.5226185101805,5.3153992589889
"FAM133DP",4.99520527768772,5.13762512309315,5.07933519419276,5.39408088420441,5.07654591073903,5.65810362455486
"GTF2IRD1P1",5.5207400332063,5.7368316223205,5.2426758087291,5.3049269085433,5.34903754503733,5.28523604052962
"FTX",9.89010903516273,10.2662513291417,10.0111348106684,9.17866734681172,9.30372735856032,9.54702929749518
"RPS23P8",5.18373077138573,5.43072800972915,5.56693702969189,5.60255728389094,5.46935070319513,5.37273133131448
"DNM3OS",4.33057497578978,4.33057497578978,4.33057497578978,4.77291247508709,4.33057497578978,5.25394328805817
"KLHL7-AS1",5.70087603390657,5.69527237656877,5.98677983682015,5.3280834021818,5.11210946503177,5.25394328805817
"FAM224B",4.80259831140558,4.69525161239808,4.33057497578978,4.33057497578978,4.33057497578978,4.33057497578978
"PABPC1P3",5.26254826080776,5.88893120691801,5.49586482724437,5.58533341826546,5.67254547946021,5.73777627602365
"FBXW4P1",5.72424503540458,5.79633174395148,6.18054720532947,5.87256822454692,5.91887334582027,5.86456156907527
"LINC01001",5.76951971169128,5.83429039028268,5.60065691610817,5.05921631031587,5.17836802896297,5.34453517938545
"VN1R108P",7.30978258738388,7.4011209497998,7.4247982507733,7.14725081659193,7.29478283853804,6.49103195422233
"SMARCE1P5",5.74711795931809,5.53524434648493,5.53204272811162,5.28112095084593,5.26812364332126,5.18746296578136
"YY2",5.74711795931809,5.48441204341114,5.53204272811162,5.35063533644267,5.4465120496375,5.571858798105
"RPEP3",5.22411723473243,5.2124335202594,5.07933519419276,5.20526093226038,4.80549449477315,5.54910236469605
"ZNF674-AS1",7.44981580957809,7.46670362353506,7.16642702427941,7.34530362566354,7.49102369857769,7.3231847078883
"FBXW11P1",5.22411723473243,5.24729833481842,5.07933519419276,5.15028716110163,4.86095996838829,5.34453517938545
"STMND1",5.0958257135656,4.90491546544878,5.2426758087291,5.23135019106063,4.86095996838829,5.47749470033185
"LINC00486",5.70087603390657,5.75702651981449,5.33538540566403,5.6525587184268,5.29596108369109,5.69868419475818
"HSBP1",12.6422547995848,12.5653433480799,12.4170418101086,12.6941223601604,12.6777025474359,12.5017668069024
"FAM201B",7.09290167116183,7.06064047442664,7.12804990920464,7.35812631090714,7.73264244605026,5.93108273336772
"CDC20P1",4.33057497578978,4.77662214806139,5.13786241172375,5.20526093226038,5.07654591073903,5.42659714675519
"LINC00326",4.60390596466056,4.33057497578978,4.94418431550225,5.05921631031587,4.80549449477315,5.28523604052962
"LINC00271",5.97189916146181,5.95795537545197,5.75456202992873,6.37541862210786,6.03126530424217,7.37785530753697
"NPM1P9",4.60390596466056,4.77662214806139,4.7660846074949,4.77291247508709,4.91093888395682,4.68467332000649
"HCG18",10.6609910933408,10.8877390245429,10.8083638938789,10.4586583706914,10.3834838217947,10.6464781622081
"TSSK1A",5.04742567774093,4.84495094307666,5.13786241172375,4.77291247508709,5.07654591073903,4.68467332000649
"TCF7L1-IT1",4.99520527768772,5.53524434648493,5.7255112363932,4.95373220111794,4.91093888395682,5.65810362455486
"MORF4L2-AS1",5.22411723473243,5.7368316223205,5.49586482724437,5.37262261357025,5.39908280147121,5.47749470033185
"TRBV26OR9-2",6.54099217405613,6.65604391987176,6.4803071669202,6.26520864888704,6.53165229568474,5.71840792780094
"YBX1P2",5.04742567774093,5.34383018699978,4.7660846074949,5.0909007841773,5.17836802896297,4.98896808752624
"LINC00852",5.49214979402744,5.75702651981449,5.49586482724437,5.3049269085433,5.46935070319513,5.37273133131448
"ZNF826P",5.62750733317344,5.79633174395148,5.13786241172375,5.3280834021818,5.8583162996779,5.571858798105
"GLUD1P6",4.80259831140558,5.00838899562681,5.07933519419276,4.99090412180236,5.23931319139556,4.83010453277739
"PLSCR5",5.83411797820783,6.02312871455732,5.19204933581343,5.28112095084593,5.32290848716218,4.94087121374919
"SKP1P1",5.14109345202186,5.17594971784969,5.07933519419276,5.3049269085433,5.14598214718274,5.15195654074678
"ITPR1-AS1",4.7165496130104,4.95891832408665,5.41912560421338,5.12120644125242,5.26812364332126,5.5258120673756
"C17orf105",5.46268370782665,5.53524434648493,5.45827589049947,5.0909007841773,5.51344929562775,4.83010453277739
"APCDD1L-AS1",5.14109345202186,5.53524434648493,5.19204933581343,5.3280834021818,5.39908280147121,5.47749470033185
"RPS3P2",5.5207400332063,5.88893120691801,5.78285907365734,5.37262261357025,5.63503194179442,5.5258120673756
"RPL34P6",5.40082433975998,5.79633174395148,5.3782345210694,5.17826991240815,5.14598214718274,5.22140032273235
"HLA-DPA1",5.74711795931809,5.62971160557788,5.53204272811162,5.02596345433389,4.99924798284876,5.11466593771837
"FAR2P4",5.40082433975998,5.77685464919912,5.41912560421338,5.56781120866857,4.33057497578978,6.41697671329194
"LINC00032",5.04742567774093,4.84495094307666,5.45827589049947,5.23135019106063,5.03903521958369,5.69868419475818
"LINC00441",5.26254826080776,5.13762512309315,5.49586482724437,5.47521948736164,5.63503194179442,5.89830401412361
"RPS18",12.0591982673499,11.9295025976854,12.5113629027286,12.5932533798651,12.3687930778163,12.5588057277104
"PTMAP4",4.99520527768772,5.05426032044833,5.13786241172375,5.15028716110163,4.91093888395682,4.33057497578978
"FBXO36-IT1",5.0958257135656,5.45795213323723,5.07933519419276,5.35063533644267,5.26812364332126,5.34453517938545
"RSL24D1P11",4.80259831140558,4.69525161239808,4.94418431550225,4.33057497578978,4.56883750728876,4.33057497578978
"CEACAMP5",5.3344412562722,5.34383018699978,5.19204933581343,5.20526093226038,5.42310223496893,4.98896808752624
"FAHD2CP",7.1390734122226,7.15722908848611,7.21295211595265,7.00668785647124,7.16566744120956,7.6455606716121
"SNORD62B",5.0958257135656,5.40267998277688,5.2426758087291,4.91404266993799,4.86095996838829,5.11466593771837
"DLEU2",6.19167384472197,6.48132831963925,7.49384682798959,7.69343228097788,6.73179084413284,8.21792710473948
"OGFOD1P1",4.93817568778476,5.37374005388151,5.33538540566403,4.91404266993799,5.11210946503177,4.83010453277739
"DIRC3",7.09290167116183,7.15054908264214,7.36864289908543,7.11722758116921,7.29478283853804,6.09663944422455
"LINC00574",5.46268370782665,5.60690679268508,5.2426758087291,5.6525587184268,5.77775078358577,5.47749470033185
"NANOGP5",5.40082433975998,6.06976574579927,5.83737023149546,4.87127988604197,5.14598214718274,5.42659714675519
"LINC00899",4.60390596466056,4.69525161239808,4.7660846074949,4.82464481268825,4.91093888395682,5.50195500208462
"LINC-PINT",6.92676259669851,7.10286449688796,7.01666422632071,6.67299782293208,6.5226185101805,7.46112122694523
"VN1R110P",5.87520277529963,5.62971160557788,5.53204272811162,5.02596345433389,5.61575483702208,4.58127373257168
"ARHGEF9-IT1",5.40082433975998,5.48441204341114,5.49586482724437,5.4150421589993,5.17836802896297,5.571858798105
"TSPAN19",5.79147317606317,5.79633174395148,5.69565584988958,6.5404029187479,5.55563637036578,7.08014625782913
"EMBP1",6.32368052195683,6.26653250017841,6.3126379774091,5.83193623690723,6.07080875752555,5.28523604052962
"MIR4426",5.26254826080776,4.95891832408665,5.0153475618871,5.3049269085433,4.86095996838829,5.47749470033185
"TMEM44-AS1",6.17610689899361,6.2134331229608,6.05488661074004,6.20627032032873,6.18224393265002,6.34993536391042
"DBIL5P",5.81299943796065,6.0388771203416,5.86366298223323,5.96211569431352,6.2287072513673,5.25394328805817
"DOC2GP",4.80259831140558,4.58878259651035,4.33057497578978,4.64396487703681,4.66714835127326,4.58127373257168
"ITCH-IT1",5.3344412562722,5.37374005388151,5.13786241172375,5.15028716110163,4.99924798284876,5.25394328805817
"PCAT7",7.14662114384871,7.16387706458242,6.86043252493434,4.64396487703681,4.74232802187034,4.33057497578978
"CYP21A2",4.87482195210638,4.58878259651035,4.33057497578978,4.64396487703681,4.91093888395682,4.76371589021208
"SIK3-IT1",6.29551855050175,7.05347576660264,6.54174004934149,5.66870520190303,5.55563637036578,6.02423069666386
"IPO9-AS1",4.87482195210638,5.2124335202594,5.0153475618871,5.12120644125242,5.29596108369109,5.28523604052962
"MTND5P15",5.43226952355336,5.55970553524277,5.0153475618871,4.82464481268825,5.17836802896297,5.28523604052962
"TRAF3IP2-AS1",8.80930824446235,8.95695754193457,8.98013558505696,8.49316819996182,8.71008638910114,8.3908602425552
"NEBL-AS1",5.18373077138573,4.95891832408665,5.0153475618871,5.25661469107151,5.23931319139556,5.45239055899795
"TAPBP",8.41718915815296,8.22864613726104,8.68156823853044,8.91330442248721,8.20004216916311,9.58530814745917
"RPS7P3",5.14109345202186,5.55970553524277,4.94418431550225,4.82464481268825,4.86095996838829,4.76371589021208
"HS1BP3-IT1",4.7165496130104,5.17594971784969,5.45827589049947,4.77291247508709,4.80549449477315,4.76371589021208
"DPY19L1P2",7.14662114384871,7.20954211151148,7.35217632584177,7.1571156741233,7.17689695338959,6.95509811538612
"PPP1R2P3",4.7165496130104,4.58878259651035,4.86296472820736,4.91404266993799,4.86095996838829,4.76371589021208
"ANXA2P2",4.80259831140558,4.77662214806139,4.7660846074949,5.35063533644267,4.56883750728876,6.02423069666386
"SCAND3",9.87682617921952,9.88738381852671,8.63528097193548,9.44076147936983,9.81823219158703,8.84433284264935
"LINC01105",7.28274489527678,7.46670362353506,8.76989350743494,8.44647776460547,8.73456573843145,6.94047352051505
"TMEM253",5.22411723473243,5.17594971784969,5.63329680407505,5.02596345433389,4.91093888395682,5.28523604052962
"LARGE-IT1",4.99520527768772,5.51016048524524,4.86296472820736,4.77291247508709,4.66714835127326,5.25394328805817
"RPS6KA2-IT1",5.46268370782665,5.58358169504195,5.91449335713677,5.4150421589993,5.51344929562775,5.97857887220761
"TMA7",9.97150532115837,9.96315684248687,10.0278325807221,10.3416400909649,10.2516736502632,10.5536322756376
"LINC00384",4.87482195210638,5.55970553524277,5.41912560421338,5.17826991240815,4.80549449477315,5.25394328805817
"MCTS1",9.21887090889578,9.21749826545531,9.0673063941228,9.16554090968686,9.29869101221186,8.6993421716549
"RAP2C-AS1",6.44325127059483,6.54567163620786,6.67031052339294,6.33973246271108,6.3991018748316,6.5414660432608
"LINC00202-1",5.46268370782665,5.88893120691801,6.00991838444328,4.82464481268825,4.95674843757777,4.88837907797739
"LINC00865",6.14437114006863,6.15796744435664,5.19204933581343,4.64396487703681,5.59610890044655,4.33057497578978
"GNG12-AS1",5.40082433975998,5.34383018699978,5.33538540566403,5.25661469107151,5.20943279770974,5.22140032273235
"FAM215B",5.36825224778896,5.17594971784969,5.07933519419276,4.77291247508709,4.74232802187034,4.76371589021208
"PSMC1P13",5.74711795931809,5.90657782030436,5.53204272811162,5.37262261357025,5.11210946503177,4.83010453277739
"LINC00493",8.45054284500622,8.31349705932105,8.45278483601261,8.65585210283206,8.43686196165172,8.75340322740948
"RANP2",5.54851785949931,5.81547244195914,5.13786241172375,5.02596345433389,5.34903754503733,4.68467332000649
"C9orf172",5.14109345202186,5.09718127405855,5.41912560421338,4.99090412180236,5.14598214718274,4.76371589021208
"EEF1B2P3",5.18373077138573,5.17594971784969,5.3782345210694,5.3280834021818,5.14598214718274,5.47749470033185
"NCKAP5-IT1",5.54851785949931,5.62971160557788,5.96317797384801,5.92458453824114,5.03903521958369,6.05371984338478
"MFAP1P1",5.18373077138573,5.79633174395148,5.19204933581343,5.20526093226038,4.74232802187034,5.3153992589889
"CYCSP8",5.22411723473243,5.69527237656877,5.07933519419276,4.95373220111794,5.32290848716218,4.58127373257168
"C21orf37",4.7165496130104,4.33057497578978,5.0153475618871,5.39408088420441,4.66714835127326,4.83010453277739
"GTF2IP1",6.49303627369584,6.29226341962715,6.77503369616368,7.58907586411754,7.6552779251961,7.62771562040674
"RPL3P4",5.57553933579376,5.55970553524277,5.7255112363932,5.92458453824114,5.69081184736494,5.86456156907527
"EEF1A1P3",5.97189916146181,6.41364234346673,6.49593802186075,5.85918570565528,5.53476861827663,6.33841262084272
"LINC01155",7.74398555506371,8.08075623765708,7.78992305097672,7.34530362566354,7.45023632431756,7.15762512229537
"GOLGA8N",5.18373077138573,4.90491546544878,4.94418431550225,5.20526093226038,5.20943279770974,5.71840792780094
"IDI2-AS1",4.33057497578978,4.95891832408665,5.2426758087291,4.55239249687834,4.91093888395682,4.94087121374919
"LINC00665",8.3955525598657,8.80027001543557,8.57699109984022,8.34614950452169,8.48875588694496,8.41172633116895
"ARID4B-IT1",5.18373077138573,5.53524434648493,5.29031095099465,5.3049269085433,5.17836802896297,5.65810362455486
"RHOQP2",4.33057497578978,4.58878259651035,4.33057497578978,4.55239249687834,4.74232802187034,4.58127373257168
"ANKRD20A14P",4.60390596466056,4.33057497578978,4.63910910251109,7.15219202138481,7.53066194562847,6.65516992011782
"SCAND3P1",6.54099217405613,6.49227442759739,6.27629400697231,5.87256822454692,5.88899535302041,6.03906618111504
"LINC00537",4.33057497578978,4.77662214806139,4.33057497578978,4.77291247508709,4.56883750728876,4.33057497578978
"RPS2P32",5.26254826080776,5.13762512309315,4.94418431550225,4.99090412180236,5.07654591073903,4.94087121374919
"FAM27E3",6.59857684600822,6.55609522107361,6.6427968877454,6.96212547747526,6.93287609499554,6.74302312567997
"PET117",5.70087603390657,5.45795213323723,5.2426758087291,5.37262261357025,5.37441071259404,5.5258120673756
"LYRM9",7.9152037029292,7.7727098763533,7.55966503163793,7.52632687188067,7.54363062364894,7.72318954874732
"SMG7-AS1",4.80259831140558,4.77662214806139,5.0153475618871,4.82464481268825,4.86095996838829,5.11466593771837
"CTAGE3P",6.111792441977,6.24026434647469,6.44847108684433,5.71571562153576,5.90403138225395,5.81198514857821
"PHKA1P1",5.0958257135656,5.53524434648493,4.86296472820736,5.37262261357025,5.07654591073903,5.11466593771837
"MRPS31P2",5.0958257135656,5.05426032044833,5.33538540566403,5.3280834021818,5.32290848716218,5.07532107295397
"LINC01166",5.74711795931809,5.75702651981449,5.0153475618871,4.87127988604197,5.53476861827663,4.33057497578978
"LINC00342",8.91503119280458,9.2713533931228,8.29989991996498,8.03457943030103,8.37584318476493,7.6366663069708
"HCG25",5.26254826080776,5.17594971784969,5.45827589049947,5.20526093226038,5.51344929562775,5.59411117987997
"HSPA8P18",5.57553933579376,5.62971160557788,5.86366298223323,5.35063533644267,5.61575483702208,5.71840792780094
"SNHG15",8.33836663722997,8.05278242919946,8.39038934388409,7.70345665799784,8.15878673236071,7.45605930274817
"CYP1B1-AS1",4.7165496130104,4.95891832408665,5.13786241172375,5.60255728389094,5.51344929562775,6.00920807852439
"LINC00327",5.67698376420325,5.75702651981449,5.88936033417274,5.43553531135657,5.67254547946021,5.34453517938545
"NALCN-AS1",4.80259831140558,4.69525161239808,4.33057497578978,5.37262261357025,4.74232802187034,5.11466593771837
"RPEP4",5.18373077138573,5.48441204341114,4.86296472820736,5.05921631031587,5.17836802896297,5.59411117987997
"HDAC1P2",7.10846414954516,7.32643096545362,7.0271704621372,6.05671361986226,6.36884173554423,6.15160304901779
"SNHG7",8.41104054542838,8.13177344649862,8.90693922358983,8.9802892024838,8.91997989764563,8.84433284264935
"LINC00884",7.037008143838,6.79318972059234,6.41583398350578,6.1653683000969,6.57591271561808,5.5258120673756
"TTLL7-IT1",7.0612404615827,7.34402419881522,6.95188035432216,6.22622682849031,6.60177306867266,6.62764561149741
"SAR1AP4",5.40082433975998,5.51016048524524,5.56693702969189,5.05921631031587,5.29596108369109,5.25394328805817
"RPS15AP6",5.5207400332063,5.77685464919912,5.69565584988958,5.23135019106063,5.20943279770974,5.45239055899795
"LINC00702",4.7165496130104,4.33057497578978,4.33057497578978,4.77291247508709,4.56883750728876,5.18746296578136
"VN1R20P",5.22411723473243,5.24729833481842,4.94418431550225,5.05921631031587,5.20943279770974,4.58127373257168
"MAPRE1P3",5.89520136979655,5.94108086001497,5.75456202992873,5.05921631031587,5.14598214718274,4.33057497578978
"SNX18P16",4.80259831140558,4.95891832408665,6.8122948523233,5.58533341826546,4.95674843757777,5.5258120673756
"LINC00167",5.43226952355336,5.45795213323723,5.78285907365734,5.15028716110163,5.67254547946021,5.50195500208462
"HIST1H2AM",4.93817568778476,4.69525161239808,5.29031095099465,5.12120644125242,4.80549449477315,4.94087121374919
"NPIPB7",4.93817568778476,4.90491546544878,5.0153475618871,5.12120644125242,4.86095996838829,4.33057497578978
"LINC00472",7.93683654726281,8.21924907137084,7.77772701745442,9.83729527645384,7.79523611205512,11.4800462905971
"HMGB1P31",5.93418371095413,5.83429039028268,5.66493901424027,5.53181738139766,5.59610890044655,5.40006335275449
"SNRPEP4",4.7165496130104,5.09718127405855,4.86296472820736,4.99090412180236,4.91093888395682,4.98896808752624
"AMMECR1LP1",5.91485715615986,6.15796744435664,5.41912560421338,5.12120644125242,5.11210946503177,4.76371589021208
"GPX1",7.69392978229176,7.20310972633089,8.50155413570858,8.59832069251482,7.96159997772213,8.75340322740948
"RASA4DP",4.80259831140558,4.77662214806139,4.7660846074949,4.71402308857299,4.86095996838829,4.88837907797739
"H2BFXP",4.33057497578978,4.69525161239808,4.33057497578978,5.28112095084593,5.59610890044655,5.45239055899795
"EEF1A1P34",5.14109345202186,5.05426032044833,4.86296472820736,5.0909007841773,5.26812364332126,4.83010453277739
"MIPEPP3",6.56432869610102,6.34220771365591,6.43225541936395,6.07923636656541,6.40903241569879,6.53153329507253
"NKAPP1",6.55271216369173,6.83596763058775,6.94077887024594,6.61569797312695,6.60177306867266,7.17012707082204
"EIF3FP3",5.49214979402744,5.24729833481842,5.13786241172375,5.43553531135657,5.26812364332126,5.3153992589889
"HOTAIRM1",4.87482195210638,4.58878259651035,6.27629400697231,5.74594758405598,6.31676160488645,6.39501592218696
"AGGF1P2",5.29925920898593,5.31286008562374,5.81044805857035,5.28112095084593,5.51344929562775,5.54910236469605
"STXBP5-AS1",9.95052687084278,9.77476752114462,9.02438124038737,7.82770536343745,8.56848622357422,6.51143928016197
"ST6GALNAC4P1",5.67698376420325,5.40267998277688,5.19204933581343,5.23135019106063,5.32290848716218,5.5258120673756
"RAD1P2",5.29925920898593,5.37374005388151,5.0153475618871,4.87127988604197,5.07654591073903,4.88837907797739
"EEF1A1P6",6.50519094232758,6.5245731111976,6.6427968877454,6.93351947928908,6.49513717052095,7.18251737320531
"TMEM238",4.93817568778476,4.90491546544878,4.63910910251109,4.82464481268825,4.56883750728876,4.98896808752624
"ZNF197-AS1",5.36825224778896,5.85279833732561,5.81044805857035,5.43553531135657,5.46935070319513,5.22140032273235
"DNM3-IT1",5.6525384434395,5.77685464919912,5.63329680407505,4.77291247508709,5.11210946503177,4.88837907797739
"NFU1P2",4.93817568778476,5.13762512309315,4.86296472820736,4.95373220111794,4.74232802187034,5.15195654074678
"KRT8P39",5.72424503540458,5.24729833481842,5.66493901424027,5.45558649408591,5.34903754503733,5.77550668699715
"KRT8P15",6.00844026539826,6.05442078166421,5.60065691610817,5.47521948736164,5.32290848716218,5.75680447202851
"ERI3-IT1",6.111792441977,5.85279833732561,6.18054720532947,5.54997731954909,5.90403138225395,5.89830401412361
"LINC00462",4.87482195210638,5.40267998277688,4.63910910251109,4.87127988604197,4.66714835127326,4.58127373257168
"LINC01158",7.86642075436646,7.73347562606748,9.19345950387976,8.67621380842172,8.23220997116397,8.64096075609041
"GPR158-AS1",4.7165496130104,5.09718127405855,4.86296472820736,4.55239249687834,4.91093888395682,4.33057497578978
"ARHGEF7-IT1",6.02629639048941,5.75702651981449,6.55665892062138,5.63615875497389,5.82678316373963,5.50195500208462
"EBAG9P1",5.18373077138573,5.24729833481842,5.07933519419276,4.91404266993799,4.66714835127326,4.83010453277739
"MYCNOS",5.14109345202186,5.09718127405855,5.75456202992873,5.15028716110163,5.32290848716218,4.94087121374919
"LINC01122",8.89976961734573,9.15828584114802,8.63863716092216,8.41043380959953,8.96997355521466,7.11295807452319
"DSCAM-IT1",5.18373077138573,5.85279833732561,5.07933519419276,5.63615875497389,4.95674843757777,5.47749470033185
"UFL1-AS1",5.18373077138573,5.05426032044833,5.69565584988958,5.05921631031587,5.03903521958369,5.15195654074678
"HIST1H2BN",8.19172708519929,7.59910803920834,8.66191329916477,8.84753871941577,8.51727709289929,8.24727223557794
"EIF4HP1",4.99520527768772,4.95891832408665,5.19204933581343,5.05921631031587,5.23931319139556,5.18746296578136
"POU6F2-AS2",4.93817568778476,4.84495094307666,4.7660846074949,4.91404266993799,4.80549449477315,5.47749470033185
"TTTY15",10.6329622275031,10.731989373157,10.2300584467213,10.1382053443795,10.5345291653862,9.65567690395344
"DLG5-AS1",6.20704769793219,6.29226341962715,6.16047993900056,6.57103832417983,6.37900788898933,6.91823902392529
"YEATS2-AS1",5.22411723473243,5.17594971784969,5.63329680407505,4.87127988604197,5.11210946503177,4.98896808752624
"PAIP1P1",4.87482195210638,5.37374005388151,5.45827589049947,5.28112095084593,4.99924798284876,5.47749470033185
"RPS28",9.81549031266684,9.31449883241142,10.424938268663,10.4557233069593,10.3988502397898,10.1616152825839
"KRTAP5-AS1",8.53492683408696,8.31349705932105,8.31678371072775,8.01332033248237,8.81798148867854,6.73449250527301
"CTXN2",6.4305009759227,6.53516475243763,6.03261425473495,6.04529202176455,6.24005731496927,5.59411117987997
"UBE2SP1",5.18373077138573,4.84495094307666,4.94418431550225,5.37262261357025,5.03903521958369,4.98896808752624
"RPL5P34",5.0958257135656,5.17594971784969,4.94418431550225,4.87127988604197,4.91093888395682,4.98896808752624
"RPS3AP44",5.26254826080776,5.24729833481842,5.29031095099465,4.99090412180236,5.03903521958369,5.03357482878391
"TRIM26",9.28576809095162,9.27437081116807,9.07969147656313,9.47113476364875,9.38081060782844,9.58759571164396
"COX6CP13",4.80259831140558,4.58878259651035,4.86296472820736,4.71402308857299,4.74232802187034,4.33057497578978
"PABPC5-AS1",6.17610689899361,6.25346714605822,6.0767532850492,6.14439749474012,6.10909595759182,5.61588662529712
"RNASEH1-AS1",7.53786656908706,7.30262350826576,7.47879312224272,7.49580242922288,7.55648106711701,7.4960534462844
"LINC01114",6.64290506183329,6.81901835644222,7.46357654594288,8.02132969297746,7.77345828366695,7.98671204508769
"C16orf82",4.33057497578978,4.77662214806139,4.33057497578978,4.77291247508709,4.91093888395682,4.33057497578978
"AIMP1P1",5.6525384434395,5.95795537545197,5.63329680407505,5.3049269085433,5.29596108369109,5.18746296578136
"TMEM229A",6.12819034179057,6.44792678694728,6.399200953035,6.12306193840807,6.58458917618073,5.28523604052962
"KCNH1-IT1",5.49214979402744,5.40267998277688,5.3782345210694,5.0909007841773,5.49165273270531,4.76371589021208
"SOD2P1",4.93817568778476,5.13762512309315,5.45827589049947,4.99090412180236,4.91093888395682,5.63720988468804
"ZNF879",8.68249195481236,8.63852083669891,8.67177440372227,8.42455884077224,8.8073719263142,8.1165768313139
"CDK2AP2P1",4.87482195210638,4.90491546544878,4.94418431550225,4.82464481268825,4.66714835127326,4.58127373257168
"JAZF1-AS1",5.0958257135656,5.13762512309315,5.29031095099465,4.87127988604197,5.14598214718274,5.15195654074678
"RNF219-AS1",5.9531937412958,5.79633174395148,6.51138402021999,6.14439749474012,6.01778816310778,5.84730736939238
"CTBP2P8",5.97189916146181,6.2134331229608,6.11933501176659,7.03918568086747,5.65395698090973,8.67799524464094
"USP27X-AS1",5.9531937412958,5.58358169504195,5.88936033417274,5.84564325546448,5.96229157958667,6.00920807852439
"ZNF37BP",10.4803599726439,10.4934679302505,10.1940966399133,9.82672920228231,10.0671784729731,9.7958046135381
"ZNF736",9.80032607698729,9.89131768550979,9.52029243842483,9.69930185693037,10.1561277598787,9.83290924263406
"MAGI2-AS3",9.58576932572485,9.57031917524013,9.21606999188072,9.60880113993444,9.26164089249891,10.3818147703982
"PINLYP",6.07831789081791,5.7368316223205,5.81044805857035,5.45558649408591,5.96229157958667,5.65810362455486
"ZNF101P2",5.87520277529963,6.08491777140764,5.81044805857035,5.3280834021818,5.34903754503733,5.03357482878391
"RPL34-AS1",5.36825224778896,5.58358169504195,5.81044805857035,5.47521948736164,5.49165273270531,5.3153992589889
"FYTTD1P1",5.70087603390657,5.6520241287847,5.60065691610817,5.17826991240815,4.86095996838829,4.83010453277739
"PTGES3P1",4.87482195210638,4.84495094307666,4.86296472820736,4.91404266993799,5.03903521958369,4.98896808752624
"NDUFB1P2",5.36825224778896,5.2124335202594,5.07933519419276,4.95373220111794,4.66714835127326,5.5258120673756
"FAM133B",8.601192303016,8.69147535733056,8.76068573776764,8.86389480727961,8.68131251477216,9.20796761643656
"CCT6P3",7.70408345195101,7.51395740488749,7.67618662531909,7.22427350818905,7.35511793614766,6.9032122694239
"MAPKAPK5-AS1",7.26902704649298,7.26613346708606,7.29296706676106,7.06043229251081,7.43172155984136,7.30070367541957
"JRK",9.72201498000354,9.64562824645252,9.71374442056726,9.92411068874947,10.1037079336365,9.74854987901097
"SNRK-AS1",6.14437114006863,6.06976574579927,6.05488661074004,5.53181738139766,5.53476861827663,5.7938961322474
"RPSAP9",4.99520527768772,5.24729833481842,5.0153475618871,5.4150421589993,5.11210946503177,5.22140032273235
"MED14-AS1",5.0958257135656,4.77662214806139,4.94418431550225,4.87127988604197,4.86095996838829,4.98896808752624
"HMGN2P5",5.6525384434395,6.00716920758814,5.86366298223323,6.67999007974596,6.25130538879973,6.70857049326097
"SDCBP2-AS1",7.2895535690056,7.4011209497998,7.3271073717309,7.7200078598636,7.13142268535155,8.33459491819434
"NUS1P2",5.81299943796065,5.99099191043792,6.29459653090917,6.32150807584472,6.2287072513673,6.08250174298976
"HDAC1P1",5.46268370782665,5.53524434648493,5.3782345210694,5.15028716110163,5.11210946503177,5.28523604052962
"GAS5",10.3526812351337,10.345079354895,10.7994172554968,10.5591622621873,10.5557755223215,10.5548013099995
"HLA-B",7.673401304741,7.19664743352791,6.65662472716031,6.11225279239186,5.93352705716022,6.27917803362026
"WASH4P",6.63196100526831,6.29226341962715,6.62882379950556,6.74132882678262,6.89222287773343,6.91823902392529
"C11orf94",5.04742567774093,4.90491546544878,5.2426758087291,5.28112095084593,5.14598214718274,5.25394328805817
"HSPA8P3",5.70087603390657,5.48441204341114,5.45827589049947,5.05921631031587,5.11210946503177,5.40006335275449
"RPS3AP6",6.09517066737624,6.29226341962715,6.4803071669202,6.69386575843543,6.27350364256348,6.5513242749642
"LINC01135",4.93817568778476,4.84495094307666,5.13786241172375,5.45558649408591,4.80549449477315,5.65810362455486
"PHBP13",6.07831789081791,6.22692081198388,6.72369361431858,5.84564325546448,5.84266003333913,5.93108273336772
"LINC01032",5.3344412562722,5.53524434648493,4.86296472820736,4.55239249687834,4.56883750728876,4.33057497578978
"EIF3EP1",6.9872241670526,7.13709168804272,5.63329680407505,5.35063533644267,6.58458917618073,6.12443048056718
"MTND5P26",5.26254826080776,5.69527237656877,5.29031095099465,4.91404266993799,4.91093888395682,5.34453517938545
"SOX9-AS1",6.07831789081791,6.17206882112393,6.76238112537073,6.63025606291703,6.24005731496927,7.69778336659097
"TEX21P",6.00844026539826,5.77685464919912,5.66493901424027,5.74594758405598,5.46935070319513,5.61588662529712
"LINC00338",7.58817079353714,7.52424624116357,7.69578817842309,7.61057272001959,7.72130380530875,7.74814814760953
"FABP5P7",4.99520527768772,4.58878259651035,4.7660846074949,4.91404266993799,5.03903521958369,4.83010453277739
"TBC1D3C",5.76951971169128,6.08491777140764,6.09823090651264,4.33057497578978,4.33057497578978,4.33057497578978
"FTH1P2",4.80259831140558,5.13762512309315,5.29031095099465,4.82464481268825,4.86095996838829,4.98896808752624
"DPP10-AS1",6.80682798154666,6.35439345161833,6.79998829512151,6.10134683232378,6.40903241569879,5.97857887220761
"TECRP1",4.33057497578978,4.58878259651035,4.63910910251109,4.77291247508709,5.07654591073903,4.76371589021208
"LINC00940",4.87482195210638,4.84495094307666,4.7660846074949,4.64396487703681,4.33057497578978,4.33057497578978
"ANKRD65",4.60390596466056,5.00838899562681,4.86296472820736,4.91404266993799,5.03903521958369,4.88837907797739
"LINC00094",9.35129673907481,9.18579436923497,9.11140244211204,9.7198427910529,9.51059917096941,10.06727062528
"ZSCAN31",7.73411488001588,7.78555040601595,7.62936499745985,8.04770717304165,7.85518527529004,8.388230479572
"C12orf75",8.48898549385237,8.57865534434949,7.86674150542615,9.03250666152457,8.23485823418197,9.8280812861685
"FAM203A",5.83411797820783,5.79633174395148,6.16047993900056,6.01035734573399,6.26245350803355,5.881557447727
"RPL39P3",5.54851785949931,5.7368316223205,6.25772181162451,6.19617072220197,6.14621490998224,6.21702304029175
"PPP1R3E",8.38931017155583,8.54400644205889,8.30836671377887,7.93064825240026,8.50418391819732,7.83994996356416
"TSPY26P",8.14054424378127,7.95410068733368,7.86097764282631,8.27438946005318,8.51944771280452,8.78568773315671
"SUMO2P1",5.04742567774093,4.90491546544878,5.0153475618871,5.02596345433389,4.91093888395682,5.03357482878391
"MCF2L-AS1",6.04388889103782,5.94108086001497,5.83737023149546,5.02596345433389,5.59610890044655,4.83010453277739
"HM13-IT1",5.9531937412958,5.97458977678836,5.78285907365734,5.6525587184268,5.88899535302041,5.71840792780094
"LINC00957",6.39147731265288,6.17206882112393,5.56693702969189,5.12120644125242,5.91887334582027,4.88837907797739
"DUSP8P5",6.02629639048941,6.02312871455732,5.91449335713677,5.89887096339096,5.93352705716022,5.75680447202851
"SNRPGP10",5.5207400332063,5.2124335202594,5.81044805857035,6.12306193840807,5.46935070319513,5.9629602809734
"RPL36AP15",5.67698376420325,6.00716920758814,5.83737023149546,5.12120644125242,5.03903521958369,5.28523604052962
"DNM1P51",7.3493827656466,7.32643096545362,7.14737131843771,6.44394842076515,7.01702036134237,5.571858798105
"SSR4P1",5.43226952355336,5.37374005388151,5.19204933581343,5.25661469107151,5.61575483702208,5.3153992589889
"LINC00623",5.57553933579376,5.69527237656877,5.2426758087291,5.20526093226038,5.81067810207035,5.3153992589889
"SNORA71B",5.97189916146181,5.83429039028268,6.6004284650849,5.77536139914715,5.99036612397887,5.8297852851543
"DPY19L2P4",8.33836663722997,8.36833642053032,6.57141063641404,7.40827444694496,8.1076539584255,7.38320676776276
"TOPORS-AS1",6.20704769793219,5.83429039028268,6.55665892062138,6.32150807584472,6.20569266903883,6.36135507851925
"AGAP1-IT1",5.6018543074561,6.34220771365591,5.63329680407505,5.17826991240815,5.51344929562775,5.75680447202851
"RPL6P27",6.2372372059446,6.35439345161833,6.69726825935597,6.85621029266722,6.44800815064414,6.99099058435697
"NFAM1",5.14109345202186,5.09718127405855,5.49586482724437,4.87127988604197,5.14598214718274,4.94087121374919
"GNAS-AS1",5.22411723473243,5.51016048524524,4.33057497578978,4.55239249687834,4.80549449477315,4.68467332000649
"LINC01102",7.43152415055498,7.30262350826576,7.93414485834228,7.7200078598636,8.06359804403511,7.26628849061589
"NSRP1P1",5.79147317606317,6.12926986364968,5.7255112363932,5.47521948736164,5.4465120496375,5.5258120673756
"NUS1P1",5.72424503540458,5.60690679268508,5.29031095099465,5.28112095084593,5.4465120496375,5.11466593771837
"H3F3AP4",9.73065587299107,9.83524183748198,10.1133600160693,10.4900777915493,10.3546775499619,10.5006269007453
"MIR670HG",5.9903111609895,6.05442078166421,5.3782345210694,4.82464481268825,5.11210946503177,4.68467332000649
"SAPCD1-AS1",4.87482195210638,4.84495094307666,5.07933519419276,4.91404266993799,4.99924798284876,4.33057497578978
"PCBP2P1",5.49214979402744,5.62971160557788,5.13786241172375,5.37262261357025,5.14598214718274,5.11466593771837
"LINC00894",7.26211718638985,7.09591621670021,7.15693190923556,7.22894857757171,7.05418286515398,7.73155801716285
"DICER1-AS1",7.47978252488682,7.77700297935607,7.45590604430278,7.44073724444138,7.72509344315077,6.87265238011493
"KIAA0040",4.60390596466056,4.33057497578978,4.7660846074949,5.05921631031587,4.86095996838829,5.25394328805817
"MAGI2-IT1",5.14109345202186,5.37374005388151,5.29031095099465,5.12120644125242,5.23931319139556,5.77550668699715
"LINC00607",5.49214979402744,5.51016048524524,4.86296472820736,6.78717281962596,6.42866709038505,6.12443048056718
"ZNRF3-IT1",5.29925920898593,5.48441204341114,5.2426758087291,5.66870520190303,5.20943279770974,6.50127544507696
"LINC00263",6.70674692185684,6.81046349923715,6.89544820275353,7.0338224137936,6.97882523108938,7.01208376966761
"BHLHE40-AS1",4.87482195210638,4.84495094307666,4.7660846074949,5.43553531135657,5.17836802896297,6.13809210754304
"RMDN2-AS1",5.14109345202186,4.95891832408665,4.33057497578978,7.25667404173319,5.57607598002124,6.3150496424646
"B3GALT4",6.72736783383392,6.57669813123392,6.09823090651264,6.39289578642982,6.55838671547071,6.3267847648848
"ARHGEF7-AS2",6.48076738158518,6.51389521262857,6.49593802186075,6.49306630528759,6.8573932640096,6.21702304029175
"LINC00941",4.60390596466056,4.33057497578978,5.13786241172375,4.55239249687834,4.33057497578978,5.03357482878391
"TSPEAR-AS1",5.6525384434395,5.51016048524524,4.33057497578978,5.05921631031587,5.39908280147121,5.03357482878391
"TM4SF19-AS1",5.40082433975998,5.45795213323723,5.13786241172375,5.3280834021818,4.86095996838829,5.69868419475818
"CPB2-AS1",7.70913311376738,7.84806640040306,7.46357654594288,7.61766623238105,8.03649629061221,6.79310186108496
"RHOA-IT1",5.14109345202186,5.43072800972915,5.0153475618871,5.12120644125242,4.74232802187034,5.03357482878391
"ASH1L-AS1",6.4305009759227,6.42517175702489,6.11933501176659,6.15492760336544,6.29531752794964,5.99399275429218
"ZNF815P",8.59307457615746,8.37398866355746,8.00373387735555,7.87273942247192,8.43686196165172,7.65879818227602
"TTC28-AS1",8.66453227349511,8.64320391441081,8.75760331881909,8.76601245500825,8.81445366466997,8.84815871692276
"PNMA6C",6.48076738158518,6.02312871455732,5.2426758087291,5.54997731954909,6.05777184720114,4.88837907797739
"MORC2-AS1",5.76951971169128,6.0388771203416,5.3782345210694,5.23135019106063,5.51344929562775,4.94087121374919
"ASMTL-AS1",5.57553933579376,5.87100821421757,5.75456202992873,5.25661469107151,5.34903754503733,5.18746296578136
"COX10-AS1",7.87092537703759,8.12842844023932,8.02961915669745,7.70345665799784,7.83781430859603,7.44076318907934
"ZBTB22",9.07301571445666,8.94374315041009,8.49415830819509,9.12665969185088,9.1967872408092,8.7796893942694
"TCEA1P4",5.43226952355336,5.97458977678836,5.78285907365734,5.3280834021818,5.29596108369109,5.50195500208462
"GJA6P",5.18373077138573,4.95891832408665,5.41912560421338,5.0909007841773,4.86095996838829,5.5258120673756
"KDM4A-AS1",4.80259831140558,4.95891832408665,5.0153475618871,4.95373220111794,5.07654591073903,5.45239055899795
"MTND4P14",5.04742567774093,5.75702651981449,4.63910910251109,4.77291247508709,4.80549449477315,4.76371589021208
"RPL26P30",5.22411723473243,4.84495094307666,4.7660846074949,4.91404266993799,4.99924798284876,5.03357482878391
"ENO1-IT1",5.49214979402744,5.40267998277688,5.29031095099465,5.58533341826546,5.37441071259404,6.06819675099262
"CLEC2L",6.80682798154666,6.68461897403412,6.29459653090917,6.33065288233021,6.82887204270028,5.11466593771837
"ZBED5",10.7727448506606,10.8488338778912,10.7484188632343,10.9094829617619,10.9480553275718,10.8386921513669
"EEF1GP7",5.26254826080776,5.43072800972915,5.19204933581343,5.17826991240815,4.99924798284876,5.03357482878391
"GUSBP5",5.3344412562722,5.31286008562374,4.86296472820736,4.87127988604197,5.23931319139556,4.76371589021208
"TRHDE-AS1",6.52916670743809,6.76685754580122,6.399200953035,5.99848057344674,7.03572703226692,5.03357482878391
"FMR1-IT1",5.3344412562722,5.34383018699978,5.33538540566403,5.25661469107151,5.26812364332126,5.22140032273235
"POU5F1P5",5.43226952355336,5.6520241287847,5.33538540566403,5.0909007841773,5.20943279770974,5.77550668699715
"DDX11L2",5.93418371095413,5.97458977678836,6.36527543281753,6.63025606291703,6.8503189605295,6.36135507851925
"NDUFAF4P3",5.29925920898593,5.48441204341114,5.13786241172375,5.15028716110163,5.29596108369109,5.25394328805817
"LINC01134",4.93817568778476,4.58878259651035,5.13786241172375,4.87127988604197,4.91093888395682,4.76371589021208
"FAM157A",5.57553933579376,5.62971160557788,5.7255112363932,5.23135019106063,5.26812364332126,4.83010453277739
"GCNT1P1",5.46268370782665,5.7368316223205,5.66493901424027,5.4150421589993,5.39908280147121,5.42659714675519
"RC3H1-IT1",5.91485715615986,5.87100821421757,5.78285907365734,5.47521948736164,5.51344929562775,5.571858798105
"RPL13AP5",6.2372372059446,6.30493497245368,6.36527543281753,7.16691083790693,6.68450597902808,6.88801804929274
"HNRNPA3P5",4.33057497578978,4.69525161239808,4.63910910251109,4.71402308857299,4.66714835127326,4.68467332000649
"SNRPGP14",5.04742567774093,5.2124335202594,5.66493901424027,4.87127988604197,5.20943279770974,5.11466593771837
"RANP1",4.80259831140558,4.95891832408665,5.07933519419276,5.25661469107151,5.11210946503177,4.94087121374919
"ZNF853",9.42314318413121,9.068984537956,9.11621961141978,9.10556864769091,9.51059917096941,9.0139737471853
"PITPNA-AS1",6.69631622744201,6.70333499340347,7.08857834537339,6.86839349283165,6.91945913830706,6.91823902392529
"CCDC163P",5.40082433975998,5.05426032044833,5.60065691610817,6.25557621208894,6.24005731496927,6.38389343266527
"KRT18P5",5.72424503540458,5.97458977678836,5.86366298223323,5.15028716110163,5.34903754503733,5.94713050764567
"HNRNPA1P47",5.22411723473243,5.51016048524524,4.94418431550225,4.33057497578978,4.66714835127326,4.33057497578978
"EIF1AXP1",5.04742567774093,5.00838899562681,4.86296472820736,5.05921631031587,4.91093888395682,4.88837907797739
"DAPK1-IT1",5.81299943796065,5.90657782030436,5.91449335713677,5.35063533644267,5.23931319139556,5.54910236469605
"MKLN1-AS",6.07831789081791,5.92395793531019,5.78285907365734,5.91179944389842,6.07080875752555,6.02423069666386
"INTS6-AS1",6.41762377436216,6.56643692587744,6.54174004934149,6.35770001541804,6.87839785072055,6.69981722026509
"BCRP8",5.3344412562722,5.31286008562374,5.13786241172375,5.3049269085433,5.74380775294986,4.94087121374919
"RPL24P8",4.80259831140558,4.77662214806139,4.63910910251109,5.0909007841773,4.80549449477315,5.45239055899795
"ANKRD20A7P",5.9531937412958,5.90657782030436,6.18054720532947,4.87127988604197,4.56883750728876,4.68467332000649
"BCYRN1",7.3751736125526,7.43429514159085,7.67618662531909,7.75575392497685,8.00886940284763,8.06472115701416
"CBR3-AS1",6.12819034179057,6.12926986364968,5.69565584988958,5.0909007841773,5.4465120496375,5.37273133131448
"BMS1P20",5.9531937412958,6.24026434647469,6.0767532850492,6.06802763232559,5.77775078358577,6.02423069666386
"NIFK-AS1",6.9787484957864,7.06776813917055,7.26680255576584,7.16202190379093,7.22633559280886,7.36709066927881
"RPL39P29",5.62750733317344,5.94108086001497,5.66493901424027,5.3280834021818,5.23931319139556,5.18746296578136
"LINC00106",5.29925920898593,5.71625300812078,5.19204933581343,4.91404266993799,5.17836802896297,5.07532107295397
"MIR600HG",10.6827741553543,10.5436831820546,10.6137041276443,10.202655058276,10.5881009870793,9.98291744748678
"C8orf56",5.18373077138573,5.37374005388151,4.94418431550225,5.66870520190303,5.11210946503177,5.69868419475818
"NF1P8",5.18373077138573,5.71625300812078,5.41912560421338,4.33057497578978,4.56883750728876,4.33057497578978
"ANKRD44-IT1",6.73756065626201,6.91767973622659,6.14008014374634,5.45558649408591,5.88899535302041,5.11466593771837
"GAPDHP21",6.90898517037246,7.06776813917055,6.65662472716031,6.78717281962596,7.45482713624656,5.571858798105
"ZNRF2P1",4.7165496130104,5.00838899562681,4.86296472820736,5.23135019106063,4.86095996838829,4.88837907797739
"ZEB1-AS1",6.90898517037246,6.82751949701701,7.25797082264261,7.2793645171567,7.43172155984136,7.44588042081582
"NDUFA6-AS1",8.02426783561473,7.86428286000716,7.59494511401459,7.83075245367106,8.06955135614592,7.45605930274817
"PRMT5-AS1",4.87482195210638,5.05426032044833,5.98677983682015,5.3280834021818,5.11210946503177,5.03357482878391
"NANOGP4",5.70087603390657,6.02312871455732,5.75456202992873,5.3049269085433,5.57607598002124,5.45239055899795
"COX5BP6",5.46268370782665,5.62971160557788,5.56693702969189,5.74594758405598,5.8583162996779,5.571858798105
"ZNF503-AS2",5.46268370782665,5.60690679268508,6.11933501176659,6.31229699252743,6.47648978420022,6.59003562630551
"B3GNT9",4.80259831140558,4.77662214806139,5.19204933581343,6.366589959339,5.74380775294986,7.75226551809383
"NR2F1-AS1",10.0105423839345,10.0650539926493,9.70897263927468,9.95631648642949,10.0957504903323,9.82517673036714
"CDKN2AIPNL",8.79523417180489,8.91501090550026,8.92901816256516,8.916158654783,9.01214382024341,8.36166381032946
"SNAI1P1",5.0958257135656,5.40267998277688,5.2426758087291,4.87127988604197,5.29596108369109,4.76371589021208
"FAM27E1",4.60390596466056,4.58878259651035,4.7660846074949,5.0909007841773,4.74232802187034,4.33057497578978
"ZBTB40-IT1",4.93817568778476,4.90491546544878,5.13786241172375,5.35063533644267,5.07654591073903,4.94087121374919
"ZNF295-AS1",5.26254826080776,5.00838899562681,5.7255112363932,5.05921631031587,5.03903521958369,4.88837907797739
"BMS1P10",8.01210136645858,8.00976515806518,8.10942933195419,7.04452813531072,7.0723947844243,6.75149995617342
"LINC00987",5.36825224778896,5.75702651981449,5.29031095099465,5.0909007841773,5.23931319139556,5.18746296578136
"ANO7P1",4.87482195210638,5.2124335202594,5.0153475618871,5.05921631031587,4.80549449477315,5.03357482878391
"CKMT1B",8.15166742943762,8.05278242919946,7.40100650295854,7.11215977246549,7.63121893218586,6.21702304029175
"SMG1P1",7.0771618631557,7.57459293577644,7.55966503163793,7.17178260254888,7.21005064912976,7.69350433219138
"TTN-AS1",11.0971824679804,11.2516008055422,11.5421534808714,10.7754612372336,10.7970059801325,10.8520667036293
"CDC42P6",5.18373077138573,5.24729833481842,5.13786241172375,5.39408088420441,5.17836802896297,5.34453517938545
"BRWD1-IT1",5.29925920898593,5.79633174395148,5.3782345210694,5.23135019106063,4.86095996838829,5.42659714675519
"PITRM1-AS1",5.57553933579376,5.83429039028268,5.13786241172375,5.05921631031587,5.20943279770974,5.11466593771837
"NDUFA9P1",6.35123217836489,6.92558771782441,6.46448655819503,5.81805978469791,5.55563637036578,5.7938961322474
"CECR7",5.43226952355336,5.43072800972915,5.13786241172375,5.12120644125242,5.79433681434327,4.33057497578978
"ZNF737",9.74899942614964,9.84033825970339,9.3570039283551,10.3154339848115,10.537736141726,9.51733757553998
"RGL2",9.69325305135858,9.42857996329731,9.40304613797014,10.2826823660997,10.1747891059413,10.2458269859412
"CDK2AP2P2",4.7165496130104,4.77662214806139,4.7660846074949,4.55239249687834,4.66714835127326,4.33057497578978
"LINC00959",5.62750733317344,5.71625300812078,5.41912560421338,5.61949520913034,5.07654591073903,5.71840792780094
"RPSAP15",4.99520527768772,4.77662214806139,4.86296472820736,4.95373220111794,5.20943279770974,4.98896808752624
"SHISA9",7.30307208814694,7.19664743352791,5.33538540566403,4.77291247508709,5.97641267591333,4.68467332000649
"DGCR5",9.61139727481227,9.65143990482054,9.66201200638002,9.20689795180563,9.86665635726582,8.36166381032946
"NONOP2",5.36825224778896,5.24729833481842,5.53204272811162,4.99090412180236,5.11210946503177,5.40006335275449
"TTLL11-IT1",5.29925920898593,5.53524434648493,5.56693702969189,4.91404266993799,5.20943279770974,5.42659714675519
"PYY2",5.0958257135656,5.13762512309315,4.86296472820736,4.91404266993799,5.03903521958369,4.76371589021208
"FRY-AS1",5.6018543074561,5.48441204341114,5.69565584988958,5.35063533644267,5.84266003333913,4.76371589021208
"HLCS-IT1",5.29925920898593,5.37374005388151,5.49586482724437,5.05921631031587,4.86095996838829,5.45239055899795
"KIFC1",6.84487119178406,6.91767973622659,7.61569752442371,8.59297437018921,7.199087088906,8.73077909581354
"LINC01115",5.18373077138573,5.17594971784969,4.63910910251109,4.64396487703681,4.56883750728876,4.33057497578978
"HCG4P3",4.93817568778476,4.69525161239808,5.3782345210694,5.20526093226038,5.26812364332126,5.571858798105
"LINC00312",5.14109345202186,4.77662214806139,4.7660846074949,4.55239249687834,4.33057497578978,4.76371589021208
"RNGTTP1",4.99520527768772,5.2124335202594,5.13786241172375,5.45558649408591,4.91093888395682,6.02423069666386
"DCTN1-AS1",6.36478816236259,6.5245731111976,6.55665892062138,5.81805978469791,6.59320902990356,5.03357482878391
"RNF216-IT1",5.29925920898593,5.48441204341114,5.0153475618871,4.87127988604197,4.99924798284876,4.94087121374919
"EEF1A1P30",5.46268370782665,5.87100821421757,5.56693702969189,5.28112095084593,5.39908280147121,5.881557447727
"FAM200B",10.3088537007688,10.412997284819,10.3349221683094,10.4205303988304,10.5808647608112,10.3518623762072
"GGTA2P",5.81299943796065,5.67386991742712,5.49586482724437,5.54997731954909,5.74380775294986,5.25394328805817
"GFOD1-AS1",4.99520527768772,4.33057497578978,4.33057497578978,4.64396487703681,4.80549449477315,4.33057497578978
"RPS3AP29",5.72424503540458,6.0388771203416,5.63329680407505,5.35063533644267,5.51344929562775,5.3153992589889
"FAM21FP",5.57553933579376,5.69527237656877,5.53204272811162,5.43553531135657,5.42310223496893,5.25394328805817
"LINC00674",7.70913311376738,7.86830822747009,7.72786621708424,7.5187575698143,7.59434452332097,7.6366663069708
"RPL23AP32",6.37820212442732,6.65604391987176,6.58599920034065,5.97436269294477,5.97641267591333,6.13809210754304
"KLF7-IT1",7.02883500481642,7.08191392230372,7.21295211595265,6.65179842733786,6.49513717052095,6.30320502760512
"MUPP",5.26254826080776,5.31286008562374,5.41912560421338,4.99090412180236,5.34903754503733,4.58127373257168
"PRKCQ-AS1",5.22411723473243,5.17594971784969,5.2426758087291,4.77291247508709,5.17836802896297,4.76371589021208
"LINC00649",5.74711795931809,6.186010907159,5.69565584988958,5.789777878405,5.63503194179442,5.59411117987997
"FLG-AS1",6.19167384472197,5.88893120691801,4.33057497578978,4.33057497578978,4.99924798284876,4.33057497578978
"EIF4HP2",5.67698376420325,5.85279833732561,5.63329680407505,5.51331587387945,5.7264309006772,5.3153992589889
"PTENP1",7.3751736125526,7.33818434225533,7.1945286559471,6.97340256901771,7.46851027478775,6.63688382412144
"ARMC4P1",5.3344412562722,5.67386991742712,5.3782345210694,5.56781120866857,5.90403138225395,5.54910236469605
"ZEB2-AS1",4.99520527768772,5.00838899562681,5.2426758087291,5.54997731954909,5.23931319139556,5.45239055899795
"LRRC37A2",8.08359012627474,8.22864613726104,8.16648831832517,8.21520161482096,8.38540153508515,7.88932800041491
"ABCA17P",5.29925920898593,5.37374005388151,5.13786241172375,5.17826991240815,5.26812364332126,5.15195654074678
"RPL9P7",5.3344412562722,5.40267998277688,5.33538540566403,5.23135019106063,5.32290848716218,5.15195654074678
"GOLGA2P5",5.79147317606317,6.0388771203416,6.18054720532947,6.54812888578483,5.46935070319513,7.26628849061589
"BRWD1-AS1",5.57553933579376,5.6520241287847,5.29031095099465,5.3049269085433,5.53476861827663,5.91480976668293
"MLLT10P1",5.3344412562722,5.45795213323723,5.29031095099465,5.25661469107151,5.20943279770974,4.88837907797739
"CD81-AS1",5.85484684019812,5.83429039028268,5.86366298223323,5.7607533951804,5.57607598002124,5.94713050764567
"PAXBP1-AS1",8.41411815025139,8.81278855898003,8.56997514870699,8.31180583622759,8.56428793460431,8.00747740065121
"C9orf69",8.12181087574416,7.74667471801027,8.13348157800378,8.49889901448186,8.30204624176601,8.34819333498937
"OR7E7P",6.58725916525107,6.85270764240235,6.58599920034065,5.99848057344674,6.20569266903883,5.881557447727
"LINC00391",5.04742567774093,4.77662214806139,5.33538540566403,5.23135019106063,5.03903521958369,5.40006335275449
"OR2W3",5.85484684019812,5.58358169504195,4.63910910251109,5.3049269085433,5.76091096778062,4.98896808752624
"ST6GAL2-IT1",5.91485715615986,6.11466471136286,5.98677983682015,4.99090412180236,5.63503194179442,4.58127373257168
"SLC35E1P1",6.12819034179057,6.14370258404416,6.18054720532947,6.06802763232559,5.69081184736494,6.62764561149741
"SNORD11",5.18373077138573,5.28072429172865,5.3782345210694,5.15028716110163,4.99924798284876,5.28523604052962
"RN7SKP198",4.87482195210638,4.90491546544878,5.0153475618871,5.02596345433389,4.66714835127326,4.68467332000649
"SNORA13",5.57553933579376,5.28072429172865,5.2426758087291,5.3049269085433,5.37441071259404,5.42659714675519
"RNU7-57P",5.04742567774093,5.17594971784969,5.29031095099465,5.0909007841773,4.99924798284876,5.3153992589889
"RNU7-48P",5.14109345202186,4.90491546544878,4.86296472820736,4.99090412180236,4.95674843757777,5.59411117987997
"RNU7-87P",5.57553933579376,5.67386991742712,5.63329680407505,5.3280834021818,5.03903521958369,5.61588662529712
"SNORD4A",5.36825224778896,5.53524434648493,5.53204272811162,5.789777878405,5.51344929562775,5.47749470033185
"TRNAI6",6.09517066737624,5.90657782030436,5.93909051704448,5.63615875497389,6.40903241569879,5.22140032273235
"RNU6-625P",5.14109345202186,5.51016048524524,4.86296472820736,4.91404266993799,5.49165273270531,5.15195654074678
"RNU7-194P",5.43226952355336,5.6520241287847,5.45827589049947,5.53181738139766,5.11210946503177,5.73777627602365
"SCARNA7",11.9083178424813,11.481903750584,12.2809362189077,11.7747334123133,12.0566159567666,11.1433950045214
"SNORD124",4.33057497578978,4.84495094307666,4.63910910251109,4.77291247508709,4.80549449477315,4.68467332000649
"SCARNA18",5.36825224778896,5.05426032044833,5.41912560421338,5.37262261357025,5.34903754503733,5.37273133131448
"RNU7-163P",5.26254826080776,5.45795213323723,5.2426758087291,5.0909007841773,5.23931319139556,5.03357482878391
"SNORA47",7.16902082071916,6.61696431031565,7.66959197425824,6.87444438951238,7.30502131614998,6.9032122694239
"RNU7-187P",5.6018543074561,5.67386991742712,5.49586482724437,5.05921631031587,5.14598214718274,5.11466593771837
"SCARNA10",11.8384076930964,11.4919736369253,12.5596224610406,12.3954832107617,12.4835327150501,12.1290225839179
"SNORD108",8.73506129772391,9.14515643051904,8.25241517405332,8.21984252896038,8.73456573843145,8.38031209582063
"SNORD13",7.91083738640365,7.88826584910203,8.62854495853205,8.0581230460648,8.1163042636743,8.09735108405167
"MIR1299",5.76951971169128,5.83429039028268,5.93909051704448,5.3049269085433,5.11210946503177,5.25394328805817
"RNU7-119P",4.87482195210638,5.13762512309315,4.86296472820736,4.87127988604197,4.66714835127326,4.98896808752624
"RNU2-11P",4.87482195210638,4.95891832408665,5.07933519419276,4.55239249687834,4.74232802187034,4.68467332000649
"SNORD125",5.3344412562722,5.13762512309315,5.13786241172375,5.0909007841773,5.17836802896297,4.94087121374919
"SNORA59A",5.0958257135656,5.40267998277688,5.45827589049947,5.28112095084593,5.11210946503177,5.37273133131448
"SNORD109B",5.40082433975998,5.62971160557788,4.7660846074949,4.91404266993799,5.39908280147121,4.33057497578978
"SNORA84",5.26254826080776,5.31286008562374,5.56693702969189,5.39408088420441,5.49165273270531,5.34453517938545
"RPS20P22",6.02629639048941,6.81046349923715,6.4803071669202,6.62299697790865,6.10909595759182,7.3724833288726
"RBM43P1",5.36825224778896,5.92395793531019,5.83737023149546,5.28112095084593,5.11210946503177,4.98896808752624
"TXNDC5",5.67698376420325,5.51016048524524,5.45827589049947,5.51331587387945,5.53476861827663,5.59411117987997
"RPL21P10",4.87482195210638,5.37374005388151,5.07933519419276,5.3049269085433,4.95674843757777,5.50195500208462
"GATSL3",5.49214979402744,4.90491546544878,5.07933519419276,5.02596345433389,5.42310223496893,4.98896808752624
"RNF103",9.56382858057774,9.60427673538432,9.56851241665407,9.36660077091821,9.5354243298868,9.47100047926738
"RBM14",9.39700695066868,9.29085450369472,9.73893044946363,9.44471679213341,9.76173653546123,9.42823835938712
"LINC01119",4.7165496130104,4.84495094307666,4.7660846074949,4.71402308857299,4.95674843757777,5.22140032273235
"NPM1P29",5.04742567774093,5.2124335202594,4.94418431550225,5.25661469107151,4.74232802187034,5.15195654074678
"RN7SL425P",5.72424503540458,5.55970553524277,5.3782345210694,4.95373220111794,5.61575483702208,5.69868419475818
"ALKBH6",6.111792441977,6.0388771203416,5.98677983682015,5.84564325546448,6.12159469522682,5.77550668699715
"ASB14",4.80259831140558,4.77662214806139,4.33057497578978,5.0909007841773,4.74232802187034,5.77550668699715
"PCDHA13",6.97022010436025,7.17049332813552,7.29296706676106,6.72119283924033,6.60177306867266,6.3267847648848
"CYP4F62P",4.33057497578978,4.69525161239808,4.63910910251109,5.3049269085433,4.33057497578978,6.20421240927874
"RN7SL535P",5.43226952355336,5.62971160557788,5.66493901424027,5.35063533644267,5.53476861827663,5.89830401412361
"ST3GAL6-AS1",4.80259831140558,4.58878259651035,4.33057497578978,4.95373220111794,4.80549449477315,4.58127373257168
"RN7SL569P",5.18373077138573,5.09718127405855,5.13786241172375,5.12120644125242,5.23931319139556,5.45239055899795
"KLHL41",6.52916670743809,6.61696431031565,6.0767532850492,6.45226469243349,6.61028206685648,6.59003562630551
"MYLK-AS1",6.32368052195683,6.48132831963925,6.62882379950556,6.91019562899309,6.513522034208,7.11295807452319
"RN7SL399P",4.80259831140558,4.69525161239808,4.63910910251109,4.64396487703681,4.56883750728876,4.33057497578978
"RPL37P2",4.33057497578978,4.33057497578978,4.33057497578978,4.64396487703681,4.74232802187034,4.33057497578978
"KMT2E-AS1",6.00844026539826,5.83429039028268,6.05488661074004,6.12306193840807,6.40903241569879,6.3150496424646
"SETP11",5.3344412562722,5.53524434648493,5.2426758087291,5.20526093226038,4.91093888395682,5.67858866699434
"RN7SL388P",5.3344412562722,5.53524434648493,5.29031095099465,5.02596345433389,5.20943279770974,4.83010453277739
"MIR18B",4.33057497578978,4.69525161239808,4.33057497578978,4.55239249687834,4.56883750728876,4.58127373257168
"C2orf61",5.54851785949931,5.48441204341114,5.13786241172375,5.25661469107151,5.37441071259404,5.15195654074678
"RN7SL573P",5.62750733317344,5.09718127405855,6.14008014374634,5.54997731954909,5.59610890044655,5.11466593771837
"GUSBP4",6.45587737080958,6.12926986364968,5.69565584988958,6.32150807584472,6.27350364256348,6.22970329815221
"PSMD6-AS2",6.99564779673892,7.18363196230543,6.9628925018021,6.59355663474754,6.29531752794964,6.96956810339794
"NME1",9.23284917116764,9.32908175945099,9.39316142984602,9.23229843074168,9.09003412554618,9.19901427417006
"PDZRN3-AS1",5.0958257135656,4.84495094307666,5.19204933581343,5.15028716110163,5.14598214718274,5.03357482878391
"TNFSF12",4.87482195210638,5.00838899562681,4.7660846074949,4.71402308857299,4.56883750728876,4.83010453277739
"CDRT4",6.00844026539826,6.57669813123392,5.86366298223323,5.35063533644267,5.69081184736494,6.05371984338478
"RN7SL692P",4.87482195210638,4.33057497578978,5.56693702969189,5.4150421589993,5.57607598002124,4.33057497578978
"APOBEC3G",4.33057497578978,4.69525161239808,4.63910910251109,4.55239249687834,4.56883750728876,4.33057497578978
"WBP1",7.17640770575393,6.79318972059234,6.86043252493434,7.04984994513719,7.29478283853804,7.17633604835938
"MRPS17",8.04431735647471,7.87232222785439,7.80802279742507,7.89327677938522,7.76979592090996,7.68921232485547
"SUGT1P3",6.00844026539826,6.39026961629101,5.96317797384801,5.80400878913798,5.74380775294986,5.75680447202851
"GET4",5.46268370782665,5.67386991742712,6.05488661074004,5.47521948736164,5.46935070319513,5.5258120673756
"RPS27P25",5.18373077138573,5.51016048524524,6.00991838444328,5.68460767469218,5.20943279770974,5.9629602809734
"RN7SL608P",5.46268370782665,5.51016048524524,5.63329680407505,5.25661469107151,5.55563637036578,5.54910236469605
"C1orf226",7.48569998499647,7.56466638683442,7.92864829383441,9.32857256058965,7.94872528274519,10.5211067624483
"RN7SL674P",5.6018543074561,5.60690679268508,6.27629400697231,5.7607533951804,6.04459192115025,5.69868419475818
"ADSL",10.3897724120046,10.3678407133487,10.278085586861,10.3642513689931,10.1589076909101,10.4804673263104
"RN7SL75P",4.99520527768772,5.09718127405855,5.3782345210694,5.12120644125242,5.03903521958369,5.47749470033185
"PRKAG2-AS1",5.04742567774093,4.90491546544878,5.19204933581343,4.87127988604197,4.74232802187034,4.88837907797739
"RPL39P36",5.36825224778896,5.34383018699978,5.07933519419276,5.49445599134623,5.20943279770974,5.50195500208462
"RPL7P24",5.36825224778896,5.55970553524277,5.69565584988958,5.05921631031587,5.39908280147121,5.47749470033185
"LINC00888",8.72271821537243,8.77276642812238,8.88733802173831,8.62824595144245,8.89013307157339,8.05810465205392
"OR9A3P",5.18373077138573,5.31286008562374,5.41912560421338,4.82464481268825,4.86095996838829,5.571858798105
"AMY2B",9.71953660687733,9.86755180730395,9.23612014068533,9.53559825351926,10.1435513108355,8.30700429615734
"LY6G5B",6.04388889103782,6.25346714605822,6.09823090651264,6.02211641227821,5.97641267591333,5.25394328805817
"PCDHGC3",8.48606469245659,8.56637658396346,9.02949824907701,8.35671510430623,8.1191760897541,7.94425053129944
"SMKR1",6.44325127059483,6.29226341962715,6.34796986470843,6.27476788446092,6.55838671547071,6.09663944422455
"ZNF542",9.97150532115837,10.0027854010448,9.58075482190222,9.64705986628676,9.95808363604874,9.65349499773249
"COX19",8.85750953167143,8.65252448181681,8.42192671374476,8.5494710814336,8.91669401918567,8.49227875959925
"GAPDHP33",5.91485715615986,5.81547244195914,5.3782345210694,4.99090412180236,5.29596108369109,4.88837907797739
"GHRLOS",5.87520277529963,5.71625300812078,6.05488661074004,5.81805978469791,5.67254547946021,6.02423069666386
"ACAD11",6.37820212442732,6.36646410882688,6.8122948523233,6.72119283924033,6.5226185101805,6.99099058435697
"RN7SL481P",5.6018543074561,5.48441204341114,5.88936033417274,5.20526093226038,5.39908280147121,5.40006335275449
"RPS2P5",5.70087603390657,5.53524434648493,5.75456202992873,5.73093733123111,6.00415649635366,6.00920807852439
"PPIL3",8.49480930567828,8.46681400830921,8.70095774384844,9.13770163197349,8.99822400252426,8.89329206113673
"RPL23AP7",7.94966016818804,7.86024605995143,7.95592129618506,7.82159149973688,7.96480054455903,7.57744660476791
"RPL13P5",5.6525384434395,5.6520241287847,5.81044805857035,5.87256822454692,5.90403138225395,5.84730736939238
"LRRFIP1P1",6.14437114006863,6.00716920758814,5.96317797384801,6.02211641227821,6.00415649635366,6.37267378303614
"FOXO3B",7.58266920398658,7.47734248484103,7.68928444166657,7.67316801531201,7.9291922595515,7.43047244718852
"RN7SL671P",5.18373077138573,5.13762512309315,4.86296472820736,4.91404266993799,5.20943279770974,4.83010453277739
"RPS19P3",5.26254826080776,5.34383018699978,5.69565584988958,5.23135019106063,5.29596108369109,5.50195500208462
"SETP14",5.6018543074561,5.69527237656877,5.63329680407505,5.84564325546448,5.70876948923922,5.86456156907527
"CDKN2B-AS1",7.02883500481642,7.039033598319,5.96317797384801,5.0909007841773,5.49165273270531,5.45239055899795
"UOX",4.87482195210638,4.77662214806139,4.63910910251109,4.95373220111794,4.56883750728876,4.33057497578978
"L1TD1",4.60390596466056,4.69525161239808,4.33057497578978,4.33057497578978,4.33057497578978,4.33057497578978
"AQP1",5.43226952355336,5.31286008562374,5.07933519419276,5.92458453824114,5.37441071259404,6.44923337026561
"KRT8P36",4.60390596466056,4.84495094307666,5.07933519419276,4.82464481268825,4.74232802187034,5.42659714675519
"ISY1",7.50912406189651,7.58445013314384,7.4247982507733,7.86384605958538,7.69061605082664,7.87808435944297
"RN7SL538P",5.79147317606317,5.62971160557788,5.91449335713677,5.43553531135657,5.81067810207035,6.12443048056718
"PNMA2",12.5717377390586,12.4902012735115,12.0300282919921,11.9855866398703,12.4641428652343,11.5011185857411
"LRRD1",6.51723368027146,6.62684248559454,6.27629400697231,5.66870520190303,5.59610890044655,5.77550668699715
"PCDHGC5",6.70674692185684,6.60701201275565,6.83657729618024,6.40154607385148,5.87375914045291,7.09336464344323
"ARHGEF25",9.15239474412405,8.94942133757454,8.89296569000798,9.2391487450897,9.24733414421341,9.17181514202344
"RN7SL695P",4.87482195210638,5.05426032044833,4.86296472820736,5.0909007841773,5.34903754503733,5.42659714675519
"TMEM189",8.49480930567828,8.53898756336514,8.21686291476407,8.41650445406491,8.43915772375497,8.23560635357831
"RN7SL328P",5.14109345202186,5.62971160557788,5.3782345210694,5.23135019106063,5.14598214718274,5.07532107295397
"RDH14",8.13308036283113,8.09454011614963,8.09480102749024,7.93631157952285,7.9806963720321,8.44499865133699
"RN7SL128P",5.85484684019812,5.71625300812078,6.38235023120535,5.789777878405,6.01778816310778,5.73777627602365
"LINC00886",4.99520527768772,4.77662214806139,5.29031095099465,5.20526093226038,4.86095996838829,5.93108273336772
"NDUFB2-AS1",4.93817568778476,5.17594971784969,5.0153475618871,4.99090412180236,5.23931319139556,4.76371589021208
"PLCXD2",9.03959815089769,9.1484500301391,9.04978617623314,8.86979662850769,9.44488909097348,8.57317971819658
"PLGLA",5.83411797820783,5.71625300812078,6.11933501176659,5.28112095084593,5.20943279770974,5.03357482878391
"RN7SL751P",5.67698376420325,6.25346714605822,6.43225541936395,5.99848057344674,5.79433681434327,5.86456156907527
"MIF",6.55271216369173,6.32990443424444,6.74960856768488,6.89243729035956,7.00440633308007,6.45980961472376
"TPM3P9",6.56432869610102,6.78446930270084,7.04794528740955,6.68694592364447,6.8853279124242,6.87265238011493
"GVQW1",5.6018543074561,5.67386991742712,5.45827589049947,5.56781120866857,5.20943279770974,5.54910236469605
"NSUN6",8.42331149666572,8.5084997679839,8.3334706512509,8.40433733198799,8.48875588694496,8.21198510259766
"RPL29P14",5.72424503540458,5.97458977678836,5.93909051704448,5.87256822454692,5.88899535302041,6.12443048056718
"HMGN1P8",5.5207400332063,5.58358169504195,5.56693702969189,5.25661469107151,5.37441071259404,5.22140032273235
"YAE1D1",8.38931017155583,8.46151701385177,8.67831104441804,8.4144837626517,8.39726046490169,8.502036828472
"ARHGAP31-AS1",5.0958257135656,5.2124335202594,5.63329680407505,4.91404266993799,5.11210946503177,5.11466593771837
"LINC00877",5.04742567774093,5.34383018699978,5.0153475618871,4.82464481268825,4.99924798284876,5.34453517938545
"RN7SL809P",5.54851785949931,5.28072429172865,5.0153475618871,5.28112095084593,5.17836802896297,5.28523604052962
"CRCP",9.91306350742389,10.0027854010448,9.64379119588997,9.87807081807972,10.1166352062772,9.48579491314048
"RPL17P19",7.72417497187913,8.33104276038431,7.87248208979373,6.93928874200785,7.05418286515398,7.65439943255611
"ENPP7P4",5.29925920898593,5.43072800972915,5.13786241172375,5.81805978469791,5.20943279770974,6.52152479638696
"RN7SL791P",5.22411723473243,5.58358169504195,5.0153475618871,4.91404266993799,4.56883750728876,5.15195654074678
"WWTR1-AS1",4.80259831140558,5.00838899562681,5.07933519419276,5.35063533644267,4.99924798284876,5.61588662529712
"RPL36A",6.71709701753066,7.01708219172018,7.07853172863903,6.86231554612004,6.99805561656189,7.09336464344323
"PDXP",5.29925920898593,5.40267998277688,5.19204933581343,4.95373220111794,5.29596108369109,4.88837907797739
"RPL36AP43",5.22411723473243,5.2124335202594,5.13786241172375,4.99090412180236,5.07654591073903,5.40006335275449
"RPP21",5.54851785949931,5.34383018699978,5.45827589049947,5.43553531135657,5.34903754503733,5.54910236469605
"CD302",4.80259831140558,5.40267998277688,4.33057497578978,5.85918570565528,5.42310223496893,7.62321892806516
"EGFL8",5.04742567774093,5.05426032044833,4.7660846074949,5.15028716110163,5.14598214718274,5.28523604052962
"ATP5J2",9.71332196166359,9.60427673538432,9.41090534445228,9.94519589538864,9.78711950943548,9.99502822296661
"LINC00635",4.60390596466056,4.84495094307666,4.33057497578978,4.64396487703681,4.33057497578978,4.68467332000649
"PTPRG-AS1",6.74767673763211,6.70333499340347,6.38235023120535,7.07615506021504,6.81438320244227,7.18251737320531
"ARHGAP8",5.9903111609895,6.17206882112393,5.49586482724437,5.02596345433389,5.4465120496375,4.88837907797739
"PSMC1P1",5.62750733317344,5.7368316223205,5.7255112363932,5.63615875497389,5.59610890044655,5.7938961322474
"CA15P1",5.54851785949931,5.45795213323723,5.19204933581343,5.60255728389094,5.17836802896297,5.07532107295397
"AGGF1P3",5.85484684019812,6.05442078166421,5.56693702969189,5.02596345433389,5.07654591073903,4.88837907797739
"CBX5P1",4.87482195210638,5.13762512309315,5.2426758087291,4.87127988604197,4.74232802187034,5.54910236469605
"GUSBP2",6.97022010436025,7.09591621670021,6.9628925018021,6.96777562639213,7.02951969692029,6.63688382412144
"ARPC4",9.46073721983359,9.22219418962858,9.23390608819336,9.58749646641924,9.57656544038975,9.3209364449861
"CORT",5.04742567774093,5.40267998277688,4.86296472820736,5.28112095084593,4.95674843757777,5.75680447202851
"ADAMTS9-AS2",5.18373077138573,5.24729833481842,5.41912560421338,5.15028716110163,5.03903521958369,5.86456156907527
"ARPC1A",10.4515385461804,10.4177770183974,10.3965420666048,10.5655291501092,10.6106098844131,10.369908365274
"TMEFF1",5.0958257135656,4.95891832408665,5.07933519419276,5.28112095084593,5.39908280147121,4.68467332000649
"RN7SL129P",5.40082433975998,5.48441204341114,5.53204272811162,5.12120644125242,5.51344929562775,5.28523604052962
"LINC00893",6.68580357978683,6.97209839855342,6.82449048673678,6.79359655144538,6.9395354864449,6.89563633808235
"RN7SL390P",5.0958257135656,5.45795213323723,5.07933519419276,4.99090412180236,4.86095996838829,5.54910236469605
"RPL21P54",5.3344412562722,5.34383018699978,5.53204272811162,5.789777878405,5.29596108369109,6.02423069666386
"ATP5O",9.89670484138313,10.0369216400313,9.6783787840274,10.0649719403836,10.1266102227456,10.106868864268
"PLEKHO2",6.28119912210877,6.2134331229608,6.94077887024594,7.26124177581943,6.7624132232569,7.17633604835938
"VDAC1P8",5.67698376420325,5.71625300812078,5.41912560421338,5.6525587184268,5.59610890044655,5.18746296578136
"C8orf58",7.39420983209523,7.52936261263497,7.31014150476043,7.88451135220615,7.52631239207789,8.25884372384724
"KALP",8.79994086351907,8.79396960417558,8.59783542490088,8.01866490352035,8.44830416991838,7.84765914901282
"PISD",9.15423236315607,8.96258388846603,8.98277629335664,9.05727523268453,9.32493744190816,8.94778626948371
"HOGA1",4.87482195210638,4.33057497578978,4.63910910251109,5.6525587184268,5.14598214718274,6.75992371440338
"PWP2",8.78102087150105,8.47472297771754,8.65198398976558,8.85350794601829,8.66963954531538,8.79958722914079
"C2orf15",6.45587737080958,6.47028950760066,6.20029399103025,6.14439749474012,6.3991018748316,5.84730736939238
"PI4KA",11.1733746008614,11.0017151115481,10.9074490705482,10.7612685967097,11.0855059014463,10.2623810952519
"TCEB1P19",5.91485715615986,6.15796744435664,5.78285907365734,5.6525587184268,5.53476861827663,5.81198514857821
"AKAP2",5.22411723473243,5.45795213323723,5.2426758087291,5.3280834021818,4.66714835127326,5.42659714675519
"RN7SL566P",4.99520527768772,5.09718127405855,5.3782345210694,5.05921631031587,4.56883750728876,5.22140032273235
"WWTR1-IT1",4.93817568778476,4.90491546544878,5.0153475618871,5.28112095084593,4.80549449477315,5.77550668699715
"USP27X",8.37358412581227,8.4535346358434,8.13824378640928,8.17034468079859,8.5579673737721,7.85914506417443
"RN7SL68P",5.29925920898593,5.53524434648493,5.41912560421338,5.15028716110163,4.99924798284876,5.07532107295397
"HYPK",7.30307208814694,7.27840315363716,7.22207310011052,6.71441314140921,7.01072782128493,7.05332344381605
"RPL7AP6",5.81299943796065,5.69527237656877,5.91449335713677,6.31229699252743,6.04459192115025,6.47030047129559
"RPL7AP31",5.0958257135656,4.95891832408665,4.86296472820736,5.02596345433389,4.99924798284876,4.94087121374919
"RPS20P33",5.49214979402744,5.60690679268508,5.66493901424027,5.23135019106063,5.4465120496375,5.77550668699715
"LINC00969",9.50890488358432,9.63979305225456,9.43229960109338,9.42382915397643,9.51386160043162,9.36695411060571
"FOXP1-IT1",6.02629639048941,6.14370258404416,5.88936033417274,6.10134683232378,5.61575483702208,6.02423069666386
"AMACR",6.54099217405613,6.87743702785821,6.46448655819503,6.63747569525174,6.5226185101805,6.43857020096946
"SNHG3",10.1449545486698,9.77050183368071,10.9988608685847,10.4275381596973,10.3197054753606,10.9867848824822
"ARHGDIG",8.67225680584524,8.05278242919946,8.37435639784723,7.79686933256452,8.74015605497258,6.17818765351574
"TCP10L",6.09517066737624,6.25346714605822,5.86366298223323,5.47521948736164,5.51344929562775,5.99399275429218
"PVRL3-AS1",5.9903111609895,5.99099191043792,6.14008014374634,6.03376044615837,6.27350364256348,6.09663944422455
"ARFGAP3",10.0739899035233,9.95190046290363,9.97184693722878,10.186220512846,10.0478109462072,10.4182404687373
"BGLAP",4.7165496130104,4.95891832408665,5.19204933581343,4.91404266993799,4.80549449477315,5.03357482878391
"C22orf39",9.36246381064603,9.22687484379499,9.23168862503101,9.5910691949124,9.71526704719357,9.28613623446367
"PEG10",15.711819466427,15.7188664543749,15.340566490251,15.200255497455,15.1789527080479,14.2822589762402
"STAG3L5P",7.36877029660064,7.35563129640412,6.74960856768488,7.2748558624593,7.6231073976722,7.09992669845435
"TFP1",5.83411797820783,5.99099191043792,6.05488661074004,6.01035734573399,5.91887334582027,6.13809210754304
"BMS1P4",5.72424503540458,6.12926986364968,5.78285907365734,5.94973919615279,5.55563637036578,6.33841262084272
"NPPA-AS1",5.43226952355336,5.40267998277688,4.86296472820736,5.28112095084593,5.03903521958369,5.25394328805817
"EIF6",9.5624461256505,9.29680208820784,9.45718069784818,9.71330149378765,9.56507999829949,9.67731615248355
"RPL6P9",5.04742567774093,4.58878259651035,4.7660846074949,4.64396487703681,4.86095996838829,4.83010453277739
"RN7SL800P",5.18373077138573,5.81547244195914,5.45827589049947,5.02596345433389,5.26812364332126,5.18746296578136
"DBIL5P2",5.22411723473243,5.71625300812078,5.29031095099465,5.25661469107151,4.91093888395682,5.50195500208462
"PCDHGC4",7.19833542104688,7.47203311609823,6.88387612917015,6.72119283924033,7.09630934344129,7.4811886036557
"MRPL20",9.18691447817032,9.09993885359379,8.95076317415032,9.42783117672129,9.2062328735611,9.45730411647042
"RN7SL37P",5.0958257135656,5.53524434648493,5.45827589049947,4.99090412180236,5.11210946503177,5.40006335275449
"C15orf38",7.73905881029305,7.80249233411158,7.74049678459003,8.73238497806447,8.31461296790953,9.08537126519685
"LINC00960",6.04388889103782,6.05442078166421,5.78285907365734,5.35063533644267,5.37441071259404,6.00920807852439
"POU5F1P6",5.29925920898593,5.40267998277688,5.29031095099465,5.12120644125242,5.23931319139556,4.88837907797739
"MBL1P",6.56432869610102,6.64638115531134,6.33042650449943,6.3841869298852,6.8573932640096,6.05371984338478
"RPS3AP34",5.67698376420325,5.79633174395148,5.41912560421338,5.28112095084593,5.14598214718274,5.61588662529712
"DECR2",7.16902082071916,6.56643692587744,6.79998829512151,6.66596874216255,6.75482273122502,6.17818765351574
"RN7SL164P",5.67698376420325,5.67386991742712,4.33057497578978,4.82464481268825,4.80549449477315,4.33057497578978
"CNTF",5.81299943796065,6.05442078166421,5.98677983682015,6.23608662521658,5.91887334582027,6.75992371440338
"CCDC169",4.87482195210638,5.09718127405855,5.63329680407505,5.25661469107151,5.11210946503177,5.47749470033185
"RGAG4",8.89317901711718,8.90140345591132,9.57377190540356,8.4124602172064,8.88845660449804,8.46009837150516
"RPL23AP81",4.93817568778476,4.77662214806139,4.94418431550225,4.91404266993799,4.80549449477315,4.58127373257168
"LINC00882",7.32972286304845,7.25375484327826,7.03759706541257,6.8252651653982,7.06635083100479,6.62764561149741
"ZNF702P",5.81299943796065,6.06976574579927,5.0153475618871,6.42715403265457,6.95275775737551,6.72590736183652
"GLYCTK-AS1",7.59911006013672,7.4122663862888,7.84354444978498,7.36237456870527,7.95517718205707,6.69981722026509
"AP5Z1",7.3493827656466,6.86100086831046,7.61569752442371,7.66292601026178,7.72887297181842,7.14500941893176
"RPL26P31",4.87482195210638,5.2124335202594,4.63910910251109,4.91404266993799,4.56883750728876,5.45239055899795
"SOX2-OT",8.91936205063466,8.97377096881457,9.85865308047351,8.73723737279856,8.8476233901428,9.21390571951481
"RN7SL846P",5.22411723473243,5.6520241287847,5.13786241172375,4.77291247508709,5.34903754503733,4.98896808752624
"ZNF709",6.14437114006863,6.08491777140764,5.93909051704448,6.23608662521658,6.10909595759182,6.20421240927874
"STRC",5.04742567774093,5.09718127405855,5.29031095099465,4.71402308857299,4.80549449477315,4.94087121374919
"RN7SL812P",5.18373077138573,5.55970553524277,5.41912560421338,4.99090412180236,5.23931319139556,5.47749470033185
"RN7SL449P",5.5207400332063,5.24729833481842,5.7255112363932,5.35063533644267,5.39908280147121,5.61588662529712
"RPL7P49",5.67698376420325,5.79633174395148,5.66493901424027,5.28112095084593,5.49165273270531,5.28523604052962
"RN7SL177P",5.0958257135656,5.43072800972915,5.7255112363932,5.23135019106063,4.99924798284876,5.67858866699434
"RN7SL239P",5.57553933579376,5.69527237656877,5.41912560421338,5.35063533644267,5.37441071259404,5.40006335275449
"RN7SL16P",5.6018543074561,5.31286008562374,5.75456202992873,5.4150421589993,5.26812364332126,5.25394328805817
"RN7SL737P",7.41299103728355,7.2286626536223,6.73671357377245,6.70759898081338,7.18247781860919,6.75992371440338
"RPS11P6",5.36825224778896,5.43072800972915,5.45827589049947,5.4150421589993,5.4465120496375,5.28523604052962
"RN7SL269P",5.67698376420325,5.58358169504195,5.69565584988958,5.05921631031587,5.34903754503733,5.63720988468804
"ARHGEF26-AS1",5.93418371095413,5.60690679268508,6.05488661074004,5.92458453824114,5.61575483702208,6.5513242749642
"MRPL33",8.67738350087334,8.62910859222468,8.93448532338502,8.60364716934095,8.51944771280452,8.6321061243264
"MICAL3",11.3277247126547,11.4378847111678,11.4725741881405,10.9134100689283,11.3693546703716,10.41502532472
"PCDHAC2",8.35448204461937,8.47997148520983,8.07506041228118,7.49965437493521,7.9060596315197,7.30070367541957
"STON1",7.20556841239305,7.4011209497998,8.05504282183853,8.55681386040482,7.42237181934048,9.84729682981121
"RN7SL558P",5.36825224778896,5.53524434648493,5.33538540566403,4.95373220111794,4.99924798284876,5.42659714675519
"PRAF2",6.97022010436025,7.15054908264214,6.90692282347899,6.65179842733786,7.15434627732596,6.64605828080328
"VSIG8",4.33057497578978,4.33057497578978,4.63910910251109,5.20526093226038,4.66714835127326,5.67858866699434
"RPL31P61",4.87482195210638,5.09718127405855,5.29031095099465,4.82464481268825,4.95674843757777,4.88837907797739
"C7orf73",9.45925214862886,9.67787569914652,9.46852090139005,9.94659067001193,9.75715643924928,9.87190007002565
"FGF14-IT1",7.51491967875223,7.76840374055197,7.62254778683394,6.5326312524326,6.50436191355333,6.40604308854489
"PTPRVP",4.60390596466056,5.13762512309315,4.94418431550225,4.95373220111794,4.99924798284876,5.15195654074678
"KCTD7",11.132060922614,11.0984384782175,10.6947469686321,10.5398911908258,11.0485161994518,10.1523765943166
"RN7SL8P",4.93817568778476,4.58878259651035,4.94418431550225,5.60255728389094,5.55563637036578,4.58127373257168
"EFNA4",5.5207400332063,5.79633174395148,5.98677983682015,6.61569797312695,6.10909595759182,7.09336464344323
"RN7SL775P",5.36825224778896,5.13762512309315,4.86296472820736,4.99090412180236,5.42310223496893,4.76371589021208
"RN7SL173P",4.93817568778476,5.53524434648493,5.0153475618871,4.91404266993799,4.80549449477315,4.83010453277739
"RN7SL141P",5.6018543074561,5.37374005388151,5.91449335713677,5.54997731954909,4.86095996838829,5.69868419475818
"MRPS31P5",6.85421751109717,6.59698438339265,6.87220484073834,6.68694592364447,6.78493148136335,6.78488350934427
"RPL5P30",5.97189916146181,6.19979772223188,5.81044805857035,5.49445599134623,6.0837061780769,5.61588662529712
"PALM2",10.1403307106686,10.194052109189,9.79704012657024,8.59654079746363,9.1415896217606,7.43562724486477
"RN7SL284P",5.04742567774093,5.48441204341114,4.94418431550225,5.17826991240815,4.91093888395682,5.40006335275449
"C4orf48",6.07831789081791,5.69527237656877,6.18054720532947,6.09034204967627,6.64378255741951,5.75680447202851
"NBPF15",9.06522230888423,9.23154032716347,8.77599939552662,9.13770163197349,9.1160427633312,9.3920434653333
"NAT6",6.9787484957864,6.68461897403412,6.6427968877454,6.5404029187479,7.20457967841515,6.78488350934427
"AMY2A",5.22411723473243,5.00838899562681,4.94418431550225,4.87127988604197,5.14598214718274,4.33057497578978
"UPK3B",4.87482195210638,4.90491546544878,4.86296472820736,4.99090412180236,4.66714835127326,4.76371589021208
"C6orf183",6.60979856227587,6.59698438339265,6.44847108684433,6.5326312524326,6.2844576999073,6.81746123354231
"RPS2P44",5.62750733317344,5.69527237656877,5.81044805857035,5.17826991240815,5.57607598002124,5.45239055899795
"LINC00880",4.7165496130104,4.95891832408665,4.33057497578978,6.1653683000969,5.23931319139556,7.36167716427533
"IL10RB",6.75771729922596,6.64638115531134,6.73671357377245,6.79359655144538,6.49513717052095,7.29502642405222
"ZNF487",7.44374501965757,7.50359283809551,7.275578697877,8.82188921388764,7.53932097779064,10.2084276686794
"WDR92",7.17640770575393,7.71120019734812,7.3355137098602,7.72657456869005,7.10222383794015,8.44752634496484
"NME1-NME2",5.91485715615986,5.77685464919912,5.91449335713677,5.23135019106063,5.42310223496893,5.54910236469605
"LINC00883",9.47550432035256,9.34638852546305,9.68162994925216,9.4643320496292,9.36041351770686,9.74957160191288
"PLA2G4B",5.46268370782665,5.67386991742712,4.86296472820736,5.61949520913034,5.42310223496893,5.42659714675519
"LEFTY1",5.0958257135656,5.2124335202594,5.56693702969189,4.95373220111794,5.14598214718274,4.83010453277739
"WDR65",6.87271940713298,6.65604391987176,6.55665892062138,8.29431994192983,6.74718918806888,9.34412910034339
"NPIPB5",6.36478816236259,7.21594487438752,6.27629400697231,5.49445599134623,5.7264309006772,6.25468438971641
"TTC4",6.00844026539826,5.95795537545197,5.93909051704448,6.05671361986226,6.2287072513673,6.09663944422455
"RN7SL181P",4.80259831140558,4.84495094307666,5.41912560421338,5.17826991240815,5.03903521958369,4.88837907797739
"RN7SL844P",5.14109345202186,5.60690679268508,5.3782345210694,5.3049269085433,5.03903521958369,5.18746296578136
"HLA-L",6.97022010436025,6.89367700381847,6.399200953035,6.55580973262763,6.73179084413284,6.38389343266527
"RN7SL65P",4.93817568778476,5.17594971784969,5.29031095099465,4.82464481268825,5.07654591073903,5.03357482878391
"JMJD7",5.62750733317344,5.88893120691801,5.81044805857035,5.56781120866857,5.7264309006772,5.61588662529712
"RN7SL832P",5.14109345202186,5.43072800972915,5.0153475618871,5.02596345433389,5.11210946503177,5.37273133131448
"RN7SL67P",5.6525384434395,6.05442078166421,5.53204272811162,5.77536139914715,5.67254547946021,6.6642196588643
"PRKRIRP2",6.59857684600822,6.83596763058775,6.90692282347899,5.96211569431352,5.87375914045291,5.91480976668293
"TIPARP-AS1",4.99520527768772,5.17594971784969,5.63329680407505,5.0909007841773,5.42310223496893,5.25394328805817
"MRPS6",9.0768966425727,9.05149548767832,9.14949567740877,8.91473224694562,9.04711647923565,9.01907161514508
"ZNF512",10.4342672941227,10.3999432915649,10.1975064197881,10.1606112678046,10.4508117863569,9.98638806357479
"PPIEL",6.30967770216152,6.34220771365591,6.18054720532947,5.47521948736164,5.7264309006772,5.69868419475818
"RGAG1",6.89097298392508,7.2844977606484,7.0271704621372,6.45226469243349,6.8853279124242,6.21702304029175
"ACY1",5.49214979402744,5.58358169504195,5.07933519419276,5.25661469107151,5.70876948923922,5.40006335275449
"NFS1",8.24460500817875,8.11834614368255,7.84937931103585,8.13144643048668,8.11342664886969,8.19400943751383
"RPL35P6",5.18373077138573,5.51016048524524,4.86296472820736,4.95373220111794,4.80549449477315,5.28523604052962
"FAM86DP",6.71709701753066,6.55609522107361,6.91830170473145,7.51114736667832,7.13718924578107,7.82830717021178
"DDOST",10.6603454078454,10.5530233286218,10.5124042922123,11.0490781095788,10.8344309962766,11.6364533731347
"IL12A-AS1",4.93817568778476,5.05426032044833,5.19204933581343,5.12120644125242,4.99924798284876,5.18746296578136
"LINC01011",6.86349994425119,6.92558771782441,6.77503369616368,6.49306630528759,7.38914819656489,6.87265238011493
"RN7SL735P",5.18373077138573,5.55970553524277,5.3782345210694,4.77291247508709,4.74232802187034,5.37273133131448
"TMEM199",9.19050043264043,9.20331786604865,9.06481653161499,9.14379962886681,9.21828688247022,8.83086150229897
"RN7SL508P",5.76951971169128,5.83429039028268,5.45827589049947,5.20526093226038,5.37441071259404,4.83010453277739
"PDCL3P4",6.20704769793219,6.34220771365591,6.16047993900056,5.61949520913034,5.4465120496375,5.86456156907527
"RPSAP51",5.0958257135656,5.58358169504195,5.13786241172375,4.95373220111794,4.95674843757777,4.94087121374919
"P2RY11",6.29551855050175,6.37842206372085,6.11933501176659,6.26520864888704,6.44800815064414,6.16496703674859
"TMEM141",7.16902082071916,6.82751949701701,7.0271704621372,7.32366780413866,7.04805835811577,7.55871379354643
"RN7SL81P",5.0958257135656,5.55970553524277,5.29031095099465,5.12120644125242,5.17836802896297,5.65810362455486
"IFITM10",6.00844026539826,5.6520241287847,5.41912560421338,5.53181738139766,5.59610890044655,5.18746296578136
"PKD1P1",4.99520527768772,5.00838899562681,4.7660846074949,4.77291247508709,4.33057497578978,4.58127373257168
"DBNDD2",5.54851785949931,5.40267998277688,5.29031095099465,5.3049269085433,5.39908280147121,5.40006335275449
"C7orf13",7.19833542104688,7.33232000194245,6.79998829512151,7.07093402566131,7.45940299913427,6.56110919235617
"RN7SL145P",5.46268370782665,5.48441204341114,5.2426758087291,4.99090412180236,4.99924798284876,5.11466593771837
"RPS2P45",5.46268370782665,5.69527237656877,5.33538540566403,5.12120644125242,5.07654591073903,5.18746296578136
"ETV5",8.63321165952193,8.57865534434949,7.60189652432882,8.30527363848017,7.8166848029933,8.64096075609041
"KRTAP5-7",5.04742567774093,5.05426032044833,4.7660846074949,4.55239249687834,4.56883750728876,4.76371589021208
"RBM12",11.4996297925354,11.5697913389109,11.5537261881267,11.6718569817215,11.6304054475497,11.567190332748
"SCARF2",5.85484684019812,5.71625300812078,6.11933501176659,6.09034204967627,5.93352705716022,6.13809210754304
"APOBEC3C",4.33057497578978,4.77662214806139,5.53204272811162,4.82464481268825,5.03903521958369,5.22140032273235
"CCDC13",6.70674692185684,6.76685754580122,6.46448655819503,7.5073267853116,6.73951207025976,8.35897983426372
"ASPRV1",6.90000882976452,6.74000049684547,7.068411441721,6.5090360851835,6.513522034208,6.57082196690698
"RN7SL863P",5.18373077138573,5.67386991742712,4.94418431550225,4.87127988604197,4.86095996838829,4.58127373257168
"RN7SL280P",5.04742567774093,5.28072429172865,5.3782345210694,5.0909007841773,5.32290848716218,5.03357482878391
"UBE2V1",7.53786656908706,7.75104724377962,7.71512204712023,7.04452813531072,7.26885316310694,7.51076291506911
"PTCHD4",9.65744551559191,9.64911805360417,10.1372308618398,9.55950325524051,9.0783220806655,10.4643831270366
"RN7SL47P",4.99520527768772,5.13762512309315,5.0153475618871,4.82464481268825,4.99924798284876,5.45239055899795
"ASLP1",5.04742567774093,5.51016048524524,5.2426758087291,5.12120644125242,4.86095996838829,5.18746296578136
"C4A",5.91485715615986,5.69527237656877,5.53204272811162,5.96211569431352,6.01778816310778,5.71840792780094
"N4BP2L2",11.5356306819166,11.7210618756258,11.8068037027334,11.4846771468891,11.5711329841649,11.5573100693192
"GABPB1-AS1",9.6100597403283,9.74463911025343,9.33857891940322,9.41478373446348,9.67114985691451,9.37624849007758
"LIFR-AS1",7.41919597398627,7.42882027812935,7.21295211595265,7.53385572028899,7.69061605082664,7.52048453789093
"LINC00847",6.57584372992704,6.47028950760066,6.54174004934149,5.74594758405598,6.57591271561808,5.9629602809734
"IGFBP7-AS1",4.80259831140558,4.90491546544878,4.94418431550225,5.61949520913034,5.23931319139556,6.00920807852439
"A2M-AS1",6.06122660456922,6.08491777140764,6.00991838444328,5.73093733123111,5.7264309006772,5.69868419475818
"SMARCA5-AS1",4.60390596466056,4.69525161239808,5.0153475618871,5.15028716110163,5.17836802896297,4.94087121374919
"LINC01024",4.99520527768772,5.24729833481842,5.2426758087291,4.82464481268825,4.91093888395682,4.94087121374919
"RNF139-AS1",7.64731463068176,7.72015244174919,7.45590604430278,6.7279384444836,7.32023968222131,6.85711112771071
"USP2-AS1",4.87482195210638,4.69525161239808,4.94418431550225,6.11225279239186,5.11210946503177,7.28360218235551
"SAP30L-AS1",5.29925920898593,5.13762512309315,5.41912560421338,5.68460767469218,5.11210946503177,6.20421240927874
"LINC00461",11.8452407406542,11.9387942768361,12.1024289657467,12.6772158030508,12.0077372504699,12.8399105331318
"NEAT1",10.8952387453596,11.1333081170056,10.7484188632343,10.6806098314139,10.0121261609304,11.8028571522265
"BDNF-AS",6.32368052195683,6.59698438339265,6.72369361431858,6.57858717013109,6.3991018748316,7.046535392754
"DACT3-AS1",6.111792441977,6.51389521262857,6.03261425473495,6.09034204967627,6.30608491752984,5.45239055899795
"DDX11-AS1",6.66452682316319,7.03175530872374,6.49593802186075,6.45226469243349,6.49513717052095,6.11061427847656
"ZNF585B",8.59035842953819,8.94942133757454,8.29564766292227,8.53094797761333,8.68131251477216,8.71409841552894
"CRNDE",11.0614397109192,11.1149280396612,10.9599136443976,10.7308397130377,10.8734498637228,10.5710690637967
"RAD51-AS1",7.13148432506259,7.32051701751159,6.67031052339294,7.29280372056405,7.55648106711701,7.18251737320531
"LINC00682",5.43226952355336,5.24729833481842,4.63910910251109,7.9780833169771,7.55648106711701,6.33841262084272
"SNHG6",9.49882123213004,9.2818868029748,9.4872250638378,9.60615522062485,9.76539016090692,9.26054876739282
"RAB30-AS1",8.3955525598657,8.37398866355746,8.41802230083098,8.36301724296441,8.53883685259872,8.77366590609715
"LINC01096",4.33057497578978,4.58878259651035,4.33057497578978,5.17826991240815,4.95674843757777,5.89830401412361
"LINC00900",5.36825224778896,4.95891832408665,5.53204272811162,4.91404266993799,5.03903521958369,5.3153992589889
"KCTD21-AS1",6.29551855050175,5.97458977678836,6.58599920034065,6.06802763232559,6.07080875752555,6.49103195422233
"C14orf64",4.7165496130104,5.2124335202594,4.33057497578978,5.35063533644267,4.80549449477315,6.09663944422455
"SBF2-AS1",5.74711795931809,5.75702651981449,5.69565584988958,5.23135019106063,5.26812364332126,5.40006335275449
"PRR7-AS1",5.22411723473243,5.45795213323723,5.45827589049947,5.0909007841773,5.11210946503177,5.28523604052962
"EXTL3-AS1",5.87520277529963,6.186010907159,5.93909051704448,5.56781120866857,6.20569266903883,5.81198514857821
"LINC00535",5.79147317606317,5.94108086001497,6.00991838444328,5.88579523582229,5.79433681434327,6.3267847648848
"RASSF8-AS1",7.81590385069063,7.92349862982285,7.7715894574761,8.031939315567,7.80957118629394,8.40653823339341
"H2AFJ",6.66452682316319,6.89367700381847,6.03261425473495,7.09684393445061,7.41295937702227,7.4811886036557
"RGMB-AS1",5.40082433975998,5.45795213323723,5.49586482724437,5.3280834021818,5.57607598002124,5.28523604052962
"STARD4-AS1",6.14437114006863,6.22692081198388,5.33538540566403,5.45558649408591,5.7264309006772,5.22140032273235
"DNM1P35",5.0958257135656,5.31286008562374,5.33538540566403,4.77291247508709,5.03903521958369,4.94087121374919
"LINC00920",6.16034128042322,5.95795537545197,5.56693702969189,6.93351947928908,6.44800815064414,7.42529865342838
"UBAP1L",8.83933725239579,8.98671351322656,8.90693922358983,8.12403356891573,8.6460049532461,7.92617754941335
"SOCS2-AS1",7.55483479848096,7.43974874141735,7.15693190923556,7.10196809322995,7.16001841268955,6.92569080701315
"PGAM5",9.20298137963098,8.99954062113869,9.02181589353066,9.02723743518759,9.03049647091855,9.04595924739587
"SNHG10",7.13148432506259,6.85270764240235,7.43264003745993,7.55989440366878,7.4639640124845,7.61418238061003
"MIR210HG",5.72424503540458,5.43072800972915,5.29031095099465,5.70027502758029,6.05777184720114,5.18746296578136
"CSTF3-AS1",5.5207400332063,5.13762512309315,5.96317797384801,5.4150421589993,5.63503194179442,6.00920807852439
"UBL7-AS1",6.00844026539826,5.92395793531019,6.16047993900056,6.45226469243349,6.15834206985003,6.24225613351204
"ZBED5-AS1",6.20704769793219,6.55609522107361,6.41583398350578,6.70759898081338,6.53165229568474,7.37785530753697
"DNAJC3-AS1",6.67520758794867,6.95676981986346,7.15693190923556,7.40004002884461,7.30502131614998,7.52532030003391
"MIR4458HG",8.08359012627474,8.18425478613742,7.70226217510557,7.11722758116921,8.44144981385615,5.81198514857821
"OIP5-AS1",12.0611560269918,12.1130673592506,11.9794403407302,11.8891842638658,12.1074936664228,11.8428793372555
"CKMT2-AS1",7.22704432932557,7.41780607457735,7.36043382064508,7.89618662345396,7.76612407715919,7.92617754941335
"SPTY2D1-AS1",5.46268370782665,5.69527237656877,5.91449335713677,6.04529202176455,5.61575483702208,6.42781852490384
"TWF2",6.30967770216152,5.97458977678836,6.29459653090917,6.41013865333125,6.72402496561255,6.21702304029175
"CPEB2-AS1",6.48076738158518,6.53516475243763,6.21973164683618,5.99848057344674,6.12159469522682,6.30320502760512
"MARS2",8.40795631508327,8.12171482632251,8.44513237632328,8.25191386050157,8.18642227683518,7.86295316522848
"MTND4P12",4.33057497578978,4.33057497578978,4.33057497578978,4.33057497578978,4.33057497578978,4.58127373257168
"LRP4-AS1",4.33057497578978,4.90491546544878,4.7660846074949,4.99090412180236,4.91093888395682,4.88837907797739
"STX18-AS1",8.06015644934267,8.17456027369429,7.99849992386532,7.97258404126916,8.06061204489979,7.66755485403753
"USP51",7.27590283438528,7.25995789712136,6.55665892062138,7.38759701988348,7.4639640124845,7.47619854413473
"NR2F2-AS1",8.76666554967739,9.00136376179609,8.69129571949293,9.15953453801556,9.08857532332467,9.08699023198093
"TMEM161B-AS1",10.2430986400923,10.2999298274311,10.3985184789614,9.98510631179256,9.89361397146773,9.85680937982031
"SEC24B-AS1",6.63196100526831,6.87743702785821,7.05821634900997,6.8252651653982,7.06635083100479,6.99099058435697
"LINC00926",5.49214979402744,6.00716920758814,5.83737023149546,5.60255728389094,5.57607598002124,5.93108273336772
"DYNLL1-AS1",8.08745859130208,8.25953102712355,8.23029881608044,8.97755959016727,8.3196089238137,9.94507087750159
"FAM13A-AS1",7.3751736125526,7.64219052751677,7.47879312224272,6.91019562899309,7.15434627732596,6.33841262084272
"UBA6-AS1",9.65615007069118,9.66414363677639,9.45528195302108,9.23000772899702,9.37603721939128,8.86525022738942
"DPH6-AS1",5.18373077138573,5.2124335202594,5.2426758087291,5.3280834021818,5.07654591073903,5.59411117987997
"NNT-AS1",8.98487399308142,9.00136376179609,9.08952334658304,9.15229364445896,9.22626717106345,9.11264897361207
"SMURF2P1",5.62750733317344,5.51016048524524,5.41912560421338,5.63615875497389,5.63503194179442,5.8297852851543
"RRN3P1",9.39545465336253,9.26529951733079,9.03204994338449,8.65414218569472,8.75311613028216,8.28736940950781
"HSPA8P11",5.04742567774093,5.09718127405855,5.13786241172375,5.37262261357025,5.4465120496375,5.18746296578136
"SLIT2-IT1",6.37820212442732,6.54567163620786,5.63329680407505,5.84564325546448,5.7264309006772,6.58046374046774
"KRT8P4",5.29925920898593,5.17594971784969,5.07933519419276,5.23135019106063,5.07654591073903,5.81198514857821
"TRIM52-AS1",7.69901571886135,7.66092470637922,7.29296706676106,7.82465172168349,8.01196563195928,7.74401878388883
"SUMO2P17",5.81299943796065,5.40267998277688,5.45827589049947,5.60255728389094,5.57607598002124,5.69868419475818
"MEF2C-AS1",5.62750733317344,5.77685464919912,5.07933519419276,5.05921631031587,5.20943279770974,4.88837907797739
"CYP4F27P",5.83411797820783,6.0388771203416,5.29031095099465,4.64396487703681,4.33057497578978,4.58127373257168
"LUCAT1",4.33057497578978,4.33057497578978,4.94418431550225,4.55239249687834,4.33057497578978,4.98896808752624
"CDK11B",7.12385340854776,7.14383672489722,7.39298538920024,7.60344340280255,7.75505115747602,7.66318329412718
"WHAMMP2",6.64290506183329,6.68461897403412,6.34796986470843,6.62299697790865,6.80708020734672,6.6089740508496
"LINC00504",5.6525384434395,5.48441204341114,4.94418431550225,5.63615875497389,5.87375914045291,4.98896808752624
"PCDHAC1",9.89560763419543,9.98356798637418,10.054403907013,9.96391242968979,10.2813151476791,9.11582438106304
"PRR5-ARHGAP8",4.93817568778476,4.95891832408665,4.33057497578978,4.71402308857299,4.56883750728876,4.33057497578978
"PCDHGB8P",7.19833542104688,7.59910803920834,7.80201515746545,6.75458712720843,7.05418286515398,6.96235222053922
"FGF10-AS1",4.80259831140558,5.13762512309315,4.86296472820736,4.91404266993799,5.11210946503177,4.94087121374919
"BACH1-IT1",6.50519094232758,6.80185420069733,6.68385737112564,6.32150807584472,6.57591271561808,5.67858866699434
"POU5F2",7.13148432506259,7.5191112184808,7.07853172863903,6.5090360851835,6.2844576999073,7.08677126760168
"PCP4L1",9.19764564929611,9.28338530420872,8.11427230764804,6.29367165290976,7.91601970225924,5.07532107295397
"ABHD14A",8.30226088705486,8.16153107573027,7.86097764282631,7.91639054272443,8.37584318476493,8.29300692357761
"SRP14-AS1",6.62092605244302,6.73092761276427,6.8122948523233,6.25557621208894,5.81067810207035,6.64605828080328
"MTATP6P1",7.08505419616435,7.18363196230543,7.05821634900997,6.7279384444836,7.02951969692029,7.24286392443478
"NPM1P41",5.18373077138573,5.53524434648493,5.2426758087291,4.91404266993799,4.66714835127326,4.88837907797739
"ANP32C",5.3344412562722,5.77685464919912,5.29031095099465,4.71402308857299,5.07654591073903,4.88837907797739
"KRT8P48",5.29925920898593,5.58358169504195,5.69565584988958,4.95373220111794,5.20943279770974,5.63720988468804
"GDNF-AS1",5.04742567774093,5.05426032044833,5.33538540566403,5.02596345433389,4.95674843757777,4.83010453277739
"DSTNP2",5.67698376420325,5.97458977678836,5.86366298223323,5.99848057344674,5.94799804642505,6.03906618111504
"HSPA8P4",5.87520277529963,5.69527237656877,5.56693702969189,5.66870520190303,5.4465120496375,5.07532107295397
"OXCT1-AS1",5.0958257135656,4.95891832408665,4.86296472820736,5.28112095084593,5.32290848716218,4.98896808752624
"HAS2-AS1",5.04742567774093,4.84495094307666,5.19204933581343,4.87127988604197,4.91093888395682,5.22140032273235
"LINC01085",4.33057497578978,4.69525161239808,4.63910910251109,4.87127988604197,4.86095996838829,5.28523604052962
"CCDC153",5.18373077138573,4.95891832408665,4.86296472820736,6.07923636656541,5.39908280147121,6.30320502760512
"NPHP3-AS1",5.14109345202186,5.48441204341114,5.07933519419276,4.87127988604197,4.91093888395682,5.07532107295397
"ZNF807",5.18373077138573,4.95891832408665,5.0153475618871,4.77291247508709,4.74232802187034,4.58127373257168
"USP46-AS1",6.58725916525107,6.76685754580122,6.51138402021999,6.5404029187479,6.72402496561255,6.52152479638696
"HHIP-AS1",5.6525384434395,5.71625300812078,5.98677983682015,5.99848057344674,5.7264309006772,6.83346059421358
"FMN1",6.12819034179057,5.90657782030436,5.7255112363932,5.12120644125242,5.03903521958369,5.07532107295397
"HMGB1P21",5.18373077138573,5.94108086001497,5.33538540566403,5.85918570565528,5.32290848716218,7.97972245629034
"MTND5P11",4.33057497578978,4.33057497578978,4.33057497578978,4.33057497578978,4.33057497578978,4.33057497578978
"KRT8P46",7.17640770575393,6.89367700381847,6.88387612917015,6.86839349283165,7.32527586400282,6.37267378303614
"SNORA58",5.49214979402744,5.53524434648493,5.56693702969189,5.20526093226038,5.17836802896297,5.67858866699434
"C1orf213",6.79714772954774,6.75796460995273,7.28429996695587,6.69386575843543,7.32023968222131,6.95509811538612
"HAUS5",7.33630691398512,7.15054908264214,7.57388309620775,7.92496229926872,7.8166848029933,7.53494230908478
"SUDS3P1",5.43226952355336,5.34383018699978,5.3782345210694,5.51331587387945,5.67254547946021,5.28523604052962
"PRDX2P3",5.62750733317344,5.87100821421757,5.49586482724437,5.54997731954909,5.29596108369109,5.94713050764567
"PCDHA11",7.90206434329552,7.9654089690686,8.51257683775418,7.87863757101133,7.21550017657449,7.40966184429143
"ENPP7P1",5.54851785949931,5.45795213323723,6.00991838444328,5.63615875497389,5.88899535302041,5.40006335275449
"ATP1B1P1",6.04388889103782,6.32990443424444,5.93909051704448,5.88579523582229,5.97641267591333,5.67858866699434
"TMEM150C",9.2047555698784,9.0845449416309,8.8617372504545,8.44053304872016,8.91504825945384,8.10378848219492
"PDLIM1P4",4.87482195210638,4.84495094307666,4.7660846074949,4.95373220111794,4.99924798284876,4.94087121374919
"LINC01088",5.40082433975998,5.2124335202594,5.53204272811162,6.34874784099573,5.14598214718274,7.6805890691043
"UGDH-AS1",7.10846414954516,7.49315139052759,7.24013763794434,7.23825186811295,7.31011254539078,7.491115928106
"NPM1P27",6.74767673763211,6.79318972059234,6.91830170473145,7.02843816393424,6.70835702131992,7.388537870084
"CASC9",5.62750733317344,5.85279833732561,5.2426758087291,6.60097829128469,6.09646749403237,7.33429105777317
"ADAMTS19-AS1",5.5207400332063,5.31286008562374,5.19204933581343,4.95373220111794,5.11210946503177,4.88837907797739
"NAIP",6.80682798154666,6.87743702785821,7.11828713660677,6.60097829128469,6.55838671547071,6.09663944422455
"ZNF286B",9.00945323917443,9.0444398969378,9.08707167074037,8.80965859338651,9.02440490211399,8.1165768313139
"LINC01091",7.18375548402539,7.40670473789636,7.53806547190816,6.88646604084261,7.36980368498061,6.84927332268354
"RBMXP4",5.26254826080776,5.34383018699978,5.45827589049947,4.33057497578978,4.66714835127326,4.33057497578978
"ZNF324B",8.17728956042556,7.83988823707131,7.93962027758522,8.18466272346384,8.46867271964073,7.96209693964475
"RBBP4P1",5.67698376420325,5.7368316223205,5.86366298223323,5.35063533644267,5.32290848716218,5.18746296578136
"PCDHA14",7.43152415055498,7.8316627210426,7.66959197425824,7.09170070117212,6.91945913830706,6.65516992011782
"TNRC18P1",6.36478816236259,6.22692081198388,6.27629400697231,5.789777878405,6.3991018748316,5.50195500208462
"MIR143HG",4.33057497578978,4.33057497578978,4.33057497578978,4.99090412180236,4.80549449477315,5.03357482878391
"NOP14-AS1",8.6951841343469,8.87975663685593,8.73583916653005,8.95553414058716,9.0665139084981,9.13159714940931
"SRD5A3-AS1",5.04742567774093,4.69525161239808,4.86296472820736,5.05921631031587,4.74232802187034,4.83010453277739
"ZNF564",6.26671530794524,6.186010907159,6.23887088147353,6.34874784099573,6.53165229568474,6.06819675099262
"FER1L5",6.14437114006863,6.47028950760066,5.3782345210694,5.37262261357025,5.55563637036578,5.89830401412361
"SCARNA22",5.91485715615986,5.92395793531019,6.49593802186075,6.35770001541804,5.7264309006772,6.20421240927874
"KRT18P31",6.39147731265288,6.57669813123392,6.87220484073834,6.13377621276322,6.3482640446452,6.82548453408029
"HS3ST5",7.673401304741,7.81506738043907,8.14299016679706,8.06071517241143,8.03040308440144,6.64605828080328
"EEF1A1P19",5.43226952355336,5.40267998277688,5.45827589049947,5.4150421589993,5.34903754503733,5.77550668699715
"PVT1",6.96163830026338,6.98725741936592,8.72325281888699,7.63524574948286,6.9593212858361,8.29300692357761
"ALG1L11P",6.71709701753066,6.78446930270084,6.91830170473145,5.83193623690723,6.05777184720114,5.22140032273235
"PDCD6",10.0642584436668,9.96782118185205,10.045601102163,10.2771507024355,10.0560366749413,10.5270753154642
"GOLGA8K",4.33057497578978,4.84495094307666,4.33057497578978,4.95373220111794,5.11210946503177,4.98896808752624
"RAC1P2",5.0958257135656,5.28072429172865,4.63910910251109,5.20526093226038,5.07654591073903,5.15195654074678
"TMEM158",7.44374501965757,7.11665715258327,6.92958651312438,7.51495760913922,7.56921545969329,6.78488350934427
"SLC7A11-AS1",5.04742567774093,5.13762512309315,5.2426758087291,5.25661469107151,5.23931319139556,4.83010453277739
"LINC01018",5.29925920898593,4.84495094307666,4.7660846074949,4.71402308857299,4.80549449477315,4.33057497578978
"YJEFN3",5.79147317606317,5.88893120691801,5.45827589049947,5.74594758405598,5.84266003333913,5.50195500208462
"DNAH10OS",9.33194936777295,9.46336234064054,9.16817070911359,8.94299494376949,9.50732933602228,8.1635382126702
"CACNA1G-AS1",4.99520527768772,5.24729833481842,4.86296472820736,4.99090412180236,5.34903754503733,4.33057497578978
"PCDHA10",6.49303627369584,6.49227442759739,6.51138402021999,7.18629611924666,7.20457967841515,6.75149995617342
"RASA2-IT1",5.54851785949931,5.45795213323723,5.66493901424027,4.99090412180236,4.99924798284876,5.45239055899795
"MYLK-AS2",5.14109345202186,5.37374005388151,5.13786241172375,4.64396487703681,4.86095996838829,4.68467332000649
"EEF1A1P13",5.54851785949931,5.37374005388151,5.33538540566403,5.23135019106063,5.39908280147121,5.22140032273235
"HMGN1P15",5.54851785949931,5.83429039028268,5.83737023149546,5.43553531135657,5.76091096778062,5.34453517938545
"PKD1P6",7.23412992501544,7.15054908264214,6.9628925018021,7.05515127625664,7.35511793614766,6.74302312567997
"LDHAL6DP",5.62750733317344,5.28072429172865,5.3782345210694,5.05921631031587,5.11210946503177,4.76371589021208
"KIAA1456",10.001391844126,9.89426105603241,9.77894156671365,9.65646789811103,9.71337673421076,9.07724899126205
"ZNF718",8.70274593815867,8.64320391441081,8.46796826016975,8.70126645851703,8.86136375746045,8.40133127865555
"SMIM20",7.16159439458307,7.32051701751159,7.58093875215175,8.00526570963986,7.39872123984883,8.31810444853817
"IGBP1P4",4.80259831140558,5.13762512309315,4.94418431550225,4.71402308857299,4.91093888395682,4.83010453277739
"KDELC1P1",5.43226952355336,5.81547244195914,6.03261425473495,5.43553531135657,5.59610890044655,5.9629602809734
"LINC00989",5.22411723473243,5.31286008562374,5.2426758087291,4.71402308857299,4.66714835127326,4.68467332000649
"LINC01021",6.55271216369173,6.61696431031565,8.39436969427517,8.47583701489437,7.46851027478775,8.4246149719629
"LINC00617",9.01553297461723,8.73598687261204,8.59092090787808,8.53653006985102,9.19814041799852,7.55871379354643
"KLHL2P1",6.14437114006863,6.05442078166421,5.93909051704448,5.54997731954909,5.57607598002124,5.34453517938545
"AACSP1",5.76951971169128,6.00716920758814,5.33538540566403,4.82464481268825,4.74232802187034,4.76371589021208
"FGD5P1",4.99520527768772,5.09718127405855,4.7660846074949,4.64396487703681,4.80549449477315,4.33057497578978
"LRRC37BP1",8.55178237037359,8.70721180545217,8.30836671377887,8.52721447592187,8.47763332468454,8.72246297328624
"TRIM36-IT1",5.26254826080776,5.53524434648493,5.69565584988958,4.87127988604197,5.26812364332126,4.33057497578978
"CHCHD10",5.9531937412958,5.77685464919912,5.98677983682015,6.01035734573399,5.91887334582027,6.05371984338478
"FAM218A",8.21311353050452,8.38242541971237,7.72786621708424,6.95075475096743,7.78438898045635,6.65516992011782
"CDK3",5.5207400332063,5.37374005388151,5.56693702969189,5.6525587184268,5.76091096778062,5.37273133131448
"GPR162",9.80734478633297,9.38178972471936,9.18660650985678,9.60968203433804,9.73310241997739,9.7536512651057
"KRT8P33",5.62750733317344,5.75702651981449,5.96317797384801,5.63615875497389,5.63503194179442,5.7938961322474
"ATP6V1E2",7.23412992501544,7.29056586476305,7.00607707526862,7.36237456870527,7.41295937702227,7.388537870084
"NTAN1P2",5.87520277529963,6.14370258404416,6.09823090651264,5.61949520913034,5.39908280147121,6.15160304901779
"GLI4",6.94431161196086,6.75796460995273,6.89544820275353,7.04452813531072,7.23172182181531,6.91823902392529
"IQCJ-SCHIP1",6.36478816236259,6.60701201275565,5.98677983682015,6.26520864888704,6.45757155210179,5.25394328805817
"SEPP1",7.01234157832621,7.36714293893297,6.11933501176659,9.74811691752495,7.02328422924964,10.6030642150994
"TPM3P6",5.40082433975998,5.28072429172865,4.94418431550225,5.23135019106063,5.03903521958369,5.07532107295397
"SNHG18",5.76951971169128,5.77685464919912,5.66493901424027,6.15492760336544,5.74380775294986,7.08677126760168
"ALG1L12P",5.57553933579376,5.13762512309315,5.33538540566403,4.91404266993799,5.29596108369109,4.76371589021208
"ZBED3-AS1",8.24460500817875,8.41294186554891,8.34585943003566,7.86384605958538,7.87575397768233,8.20900481354466
"RNF138P1",5.62750733317344,5.83429039028268,5.66493901424027,5.28112095084593,5.57607598002124,5.81198514857821
"METTL21EP",5.9903111609895,6.09988234759329,5.75456202992873,5.71571562153576,5.61575483702208,5.8297852851543
"GMDS-AS1",7.76836569039717,7.84806640040306,7.68275068519138,8.12897975024973,7.65129641608071,8.6321061243264
"GAPDHP66",5.49214979402744,5.81547244195914,6.03261425473495,5.0909007841773,5.49165273270531,5.45239055899795
"GLUD1P3",6.17610689899361,6.39026961629101,6.38235023120535,5.74594758405598,6.33784955861795,6.21702304029175
"THAP9-AS1",9.0554208037981,9.16805488445028,8.80912566916236,9.25838278884583,9.38200148678353,9.13473106210508
"HULC",5.14109345202186,5.51016048524524,5.3782345210694,5.12120644125242,4.91093888395682,5.22140032273235
"F11-AS1",4.60390596466056,4.69525161239808,5.13786241172375,4.33057497578978,4.33057497578978,4.33057497578978
"UCHL1-AS1",5.14109345202186,5.09718127405855,5.2426758087291,4.99090412180236,5.32290848716218,5.37273133131448
"ZNF674",7.95390916723045,8.12171482632251,7.95050833517773,7.69007498685752,7.82376295836512,7.54449906108898
"ZNF345",7.88880247875315,7.96164951102611,8.02447956926086,7.87569155547162,7.77345828366695,7.80868786012119
"PCAT4",4.33057497578978,4.33057497578978,4.86296472820736,4.87127988604197,4.56883750728876,5.61588662529712
"SHANK3",7.95390916723045,7.83578143291402,7.99324667467734,7.7811964148368,8.23485823418197,6.97674618414927
"RTN3P1",4.99520527768772,5.00838899562681,5.0153475618871,5.02596345433389,5.03903521958369,4.88837907797739
"HSPD1P11",6.17610689899361,6.29226341962715,6.36527543281753,6.13377621276322,6.0837061780769,6.16496703674859
"WWC2-AS2",4.80259831140558,4.90491546544878,5.19204933581343,4.91404266993799,4.86095996838829,5.45239055899795
"ZNF550",8.82786177418644,8.81486442039938,8.41410721881369,8.66606905430101,8.97945216551297,8.56622213080097
"LINC00958",5.22411723473243,5.00838899562681,5.2426758087291,5.05921631031587,4.91093888395682,5.59411117987997
"LINC01094",5.04742567774093,5.00838899562681,5.63329680407505,5.3280834021818,5.42310223496893,5.89830401412361
"MTND1P19",5.22411723473243,6.09988234759329,4.33057497578978,4.71402308857299,4.91093888395682,5.3153992589889
"RPL32P3",8.37041808834304,8.61725581686959,8.51623232253245,8.48356564182963,8.52161505215278,8.47998702889976
"MALAT1",16.5387722521435,16.6952225367101,17.1408254198127,15.9099584800853,16.1652494877914,16.8001636846497
"ABCA11P",6.78739762772996,6.97209839855342,6.61470214021762,6.63747569525174,6.44800815064414,6.84927332268354
"SETP12",4.99520527768772,4.84495094307666,5.0153475618871,4.91404266993799,4.99924798284876,5.11466593771837
"STPG2-AS1",4.60390596466056,4.33057497578978,4.63910910251109,5.58533341826546,4.33057497578978,5.93108273336772
"PCDHA12",7.2895535690056,7.5191112184808,7.48634011036382,7.04984994513719,7.4456304628159,8.02455368757363
"ZNF346-IT1",5.9903111609895,6.32990443424444,5.91449335713677,5.73093733123111,5.94799804642505,5.93108273336772
"FAM86EP",5.54851785949931,5.77685464919912,6.09823090651264,6.30301855394286,5.63503194179442,6.56110919235617
"RNU6-998P",5.3344412562722,5.34383018699978,5.29031095099465,5.17826991240815,5.07654591073903,5.50195500208462
"RNA5-8SP6",9.75506242136882,9.2818868029748,9.72166244312844,9.16194009568756,10.0274192707319,9.66653714899081
"RNU6-1053P",5.0958257135656,5.2124335202594,5.29031095099465,5.05921631031587,4.66714835127326,4.68467332000649
"RNU4ATAC11P",4.87482195210638,5.53524434648493,5.29031095099465,4.91404266993799,4.80549449477315,5.18746296578136
"RNU6-377P",5.54851785949931,5.2124335202594,5.13786241172375,4.95373220111794,4.74232802187034,5.28523604052962
"RNU7-47P",4.80259831140558,5.09718127405855,5.07933519419276,4.33057497578978,4.80549449477315,4.94087121374919
"SCARNA6",7.79233381817689,7.43429514159085,8.6081451264466,7.89327677938522,8.25847445877537,7.44588042081582
"RNU6-202P",5.5207400332063,5.7368316223205,5.53204272811162,5.0909007841773,5.07654591073903,4.88837907797739
"SNORD116-26",6.26671530794524,6.41364234346673,6.54174004934149,6.20627032032873,6.12159469522682,7.14500941893176
"RNU6-322P",5.29925920898593,5.31286008562374,5.56693702969189,5.28112095084593,5.07654591073903,4.94087121374919
"RNU6-583P",4.87482195210638,4.77662214806139,4.33057497578978,4.82464481268825,4.86095996838829,5.03357482878391
"RNU7-71P",5.89520136979655,5.97458977678836,5.96317797384801,5.43553531135657,5.46935070319513,5.22140032273235
"SNORD116-27",6.56432869610102,6.74901254157243,6.58599920034065,6.41013865333125,6.29531752794964,7.16389018268598
"SCARNA11",5.04742567774093,4.95891832408665,5.29031095099465,5.0909007841773,5.59610890044655,5.11466593771837
"RNU6-123P",5.18373077138573,5.51016048524524,5.07933519419276,4.99090412180236,5.17836802896297,5.37273133131448
"RNU4ATAC18P",4.99520527768772,5.05426032044833,5.07933519419276,4.91404266993799,5.20943279770974,5.45239055899795
"SCARNA17",7.42537359648511,7.18363196230543,7.96668587520299,7.76215746439214,7.98700536437452,8.11019697759067
"SCARNA5",10.2997601956221,9.70047560481704,11.2951397246811,10.6242170271675,10.8906906824771,10.0240233463816
"RNU6-1262P",4.60390596466056,4.58878259651035,4.94418431550225,4.55239249687834,4.56883750728876,4.58127373257168
"RNU6-1045P",5.22411723473243,5.24729833481842,5.81044805857035,4.77291247508709,4.86095996838829,5.07532107295397
"RNU2-58P",5.04742567774093,4.95891832408665,5.07933519419276,4.91404266993799,4.74232802187034,4.98896808752624
"RNA5SP61",4.7165496130104,5.28072429172865,4.7660846074949,4.71402308857299,4.56883750728876,5.571858798105
"SNORD116-30",6.06122660456922,5.92395793531019,5.56693702969189,5.43553531135657,5.67254547946021,5.45239055899795
"RNY5",5.6525384434395,5.83429039028268,7.05821634900997,6.05671361986226,6.12159469522682,6.34993536391042
"RNU1-103P",5.04742567774093,5.31286008562374,4.33057497578978,4.77291247508709,4.91093888395682,4.76371589021208
"RNY4",5.29925920898593,5.24729833481842,6.03261425473495,5.23135019106063,5.32290848716218,5.40006335275449
"SNORD116-25",6.07831789081791,6.30493497245368,6.16047993900056,5.70027502758029,6.03126530424217,5.73777627602365
"RNU2-34P",5.18373077138573,5.6520241287847,5.41912560421338,5.25661469107151,4.91093888395682,5.71840792780094
"RNU6-638P",5.40082433975998,5.48441204341114,5.33538540566403,5.20526093226038,5.42310223496893,5.37273133131448
"RNU6-100P",4.87482195210638,5.17594971784969,4.7660846074949,4.87127988604197,4.80549449477315,4.76371589021208
"RN7SKP70",5.46268370782665,5.2124335202594,5.45827589049947,5.23135019106063,5.57607598002124,5.50195500208462
"SCARNA13",9.94735360405823,9.61858849058096,10.2597187924064,10.5614393787973,10.5541928577062,10.2858055204496
"RNA5SP33",5.29925920898593,5.75702651981449,4.63910910251109,4.95373220111794,4.91093888395682,5.37273133131448
"RNU6-1016P",6.2520628250378,6.57669813123392,6.14008014374634,6.10134683232378,6.05777184720114,6.59003562630551
"RNU6-759P",5.5207400332063,5.51016048524524,5.3782345210694,5.28112095084593,5.37441071259404,5.47749470033185
"RNU6ATAC24P",5.62750733317344,5.62971160557788,5.3782345210694,5.12120644125242,5.14598214718274,5.571858798105
"RNA5SP268",5.3344412562722,5.53524434648493,5.2426758087291,4.99090412180236,4.80549449477315,5.34453517938545
"SCARNA15",7.18375548402539,7.47734248484103,7.47879312224272,6.71441314140921,7.52631239207789,7.27785479706656
"RNU6-143P",4.93817568778476,5.60690679268508,5.19204933581343,4.95373220111794,4.99924798284876,4.83010453277739
"RNU6-703P",5.04742567774093,5.28072429172865,5.2426758087291,5.20526093226038,5.53476861827663,5.15195654074678
"RN7SKP96",6.09517066737624,6.29226341962715,5.78285907365734,5.45558649408591,5.39908280147121,5.86456156907527
"RNU6-856P",5.29925920898593,5.31286008562374,5.49586482724437,5.37262261357025,5.39908280147121,5.37273133131448
"RNU6-341P",5.36825224778896,5.81547244195914,5.07933519419276,5.17826991240815,5.46935070319513,5.61588662529712
"RNA5SP196",6.07831789081791,6.186010907159,5.3782345210694,5.05921631031587,5.51344929562775,5.5258120673756
"SCARNA4",5.36825224778896,4.90491546544878,5.45827589049947,5.28112095084593,5.26812364332126,5.50195500208462
"RNU6-388P",5.0958257135656,4.90491546544878,4.63910910251109,4.77291247508709,4.80549449477315,4.33057497578978
"SCARNA21",10.8957874100951,10.1553237515669,11.3629956965998,10.7699584600992,11.1629989468505,9.53641064098224
"RN7SKP23",4.93817568778476,5.13762512309315,4.94418431550225,5.02596345433389,4.99924798284876,5.47749470033185
"RNU6-548P",5.57553933579376,5.81547244195914,5.91449335713677,5.51331587387945,5.69081184736494,6.13809210754304
"SCARNA3",5.54851785949931,5.67386991742712,5.83737023149546,5.37262261357025,5.37441071259404,5.3153992589889
"RNU6-1003P",5.5207400332063,6.02312871455732,5.93909051704448,5.39408088420441,5.63503194179442,5.47749470033185
"RNU6-365P",5.3344412562722,5.28072429172865,5.07933519419276,4.77291247508709,4.99924798284876,4.98896808752624
"SCARNA1",5.83411797820783,5.69527237656877,6.09823090651264,5.87256822454692,6.04459192115025,6.09663944422455
"RNU6-1028P",4.87482195210638,5.28072429172865,4.94418431550225,4.64396487703681,4.95674843757777,4.68467332000649
"RN7SKP234",6.30967770216152,6.60701201275565,5.69565584988958,5.51331587387945,5.53476861827663,6.03906618111504
"RNU6-667P",4.80259831140558,4.69525161239808,4.7660846074949,4.55239249687834,4.66714835127326,4.76371589021208
"RN7SKP105",5.3344412562722,5.69527237656877,5.33538540566403,5.23135019106063,4.80549449477315,4.33057497578978
"RN7SKP283",5.29925920898593,5.6520241287847,5.2426758087291,4.82464481268825,4.86095996838829,4.83010453277739
"MIR2355",6.07831789081791,5.97458977678836,6.57141063641404,5.66870520190303,5.49165273270531,5.5258120673756
"RN7SKP57",5.43226952355336,5.60690679268508,5.29031095099465,5.68460767469218,5.23931319139556,5.34453517938545
"PCDHGA12",6.81643943712401,7.21594487438752,7.4247982507733,6.50107558601883,6.44800815064414,6.51143928016197
"GUSBP3",8.48020517670868,8.72498766237102,8.48299253765297,8.2788425118065,8.39015689546509,7.68921232485547
"KLF3P1",5.43226952355336,5.79633174395148,5.63329680407505,5.39408088420441,5.23931319139556,5.40006335275449
"NRG1-IT2",6.35123217836489,6.66563710439642,5.3782345210694,4.87127988604197,5.39908280147121,4.83010453277739
"LINC00599",10.2405087230065,10.0448895087367,9.71056498936094,9.79997007401675,10.3473851622194,7.82440493355072
"C8orf88",6.02629639048941,5.87100821421757,5.56693702969189,6.22622682849031,5.59610890044655,7.09992669845435
"CCDC71L",10.001391844126,9.98448893398149,9.7420479767848,9.71412078161216,9.99744587741879,8.58010372668895
"TMEM200B",4.60390596466056,4.90491546544878,5.07933519419276,4.91404266993799,5.14598214718274,5.18746296578136
"PCDHGB6",8.11424816097241,7.95788010161699,7.04794528740955,9.1750992662576,8.95403569860274,8.22088886962682
"RAD21-AS1",5.26254826080776,5.2124335202594,5.13786241172375,4.95373220111794,5.11210946503177,5.3153992589889
"TUG1",12.1198609469744,12.3422084578692,12.1045488556974,12.0243952800419,12.1943763294764,11.9883915209326
"TRNP1",8.24114001093791,8.11834614368255,7.35217632584177,7.90776683256439,8.03953315681097,7.62771562040674
"PCAT1",5.04742567774093,5.31286008562374,4.94418431550225,5.58533341826546,5.63503194179442,6.21702304029175
"SMIM18",8.44754256766867,8.46945518303297,8.23029881608044,7.5854610146237,8.17267132180461,6.25468438971641
"PCDHGA5",5.74711795931809,5.67386991742712,5.88936033417274,5.37262261357025,5.55563637036578,5.45239055899795
"HMGB1P41",5.76951971169128,6.09988234759329,5.86366298223323,5.54997731954909,5.57607598002124,5.28523604052962
"PCDHGA7",6.9872241670526,7.35563129640412,8.24801918127465,5.71571562153576,7.38914819656489,6.3150496424646
"FAM86HP",6.00844026539826,5.6520241287847,5.81044805857035,5.83193623690723,5.61575483702208,6.3150496424646
"OSGEPL1-AS1",5.74711795931809,5.7368316223205,5.63329680407505,5.81805978469791,5.70876948923922,5.7938961322474
"SLC10A5",7.38154779352706,7.62797515941513,7.03759706541257,6.3841869298852,6.44800815064414,5.881557447727
"GRPEL2-AS1",5.14109345202186,5.53524434648493,5.29031095099465,4.91404266993799,5.11210946503177,4.68467332000649
"EIF5AL1",4.93817568778476,4.90491546544878,4.63910910251109,4.87127988604197,5.14598214718274,5.11466593771837
"ZFHX4-AS1",8.95776370220868,9.09482582816305,8.98277629335664,8.41852229954071,8.78411221189615,7.45097907944464
"KBTBD11-OT1",5.3344412562722,5.7368316223205,5.45827589049947,5.43553531135657,5.77775078358577,5.37273133131448
"ALG11",8.30226088705486,8.26258314695662,8.26552265982298,8.03984503925376,8.12775706975868,8.51414176231219
"ATXN7L3B",12.5537737042511,12.5293658421427,12.1811591416037,12.5294424205307,12.7509039103655,12.2643167550145
"PRKDC",12.7954934280154,12.8181101790637,13.2240725563418,13.305430167823,12.8847192918542,13.6520044144289
"PCDHGA6",7.67856140727407,7.83578143291402,6.55665892062138,6.15492760336544,7.73264244605026,7.35078694996982
"PCDHGA8",7.3751736125526,7.38988622471017,7.11828713660677,6.67999007974596,7.42237181934048,6.86490396630684
"TPTE2P1",7.58817079353714,7.87632492610492,7.28429996695587,6.13377621276322,7.17129355743574,5.03357482878391
"UTP14C",9.88458937990478,9.9272058464861,9.85721630267457,9.76006662186509,9.73589846212503,9.9958893975197
"PCDHGA10",9.34969435007194,9.26832963742222,10.6051725040492,9.19520241796811,8.91669401918567,9.66220286852171
"PCDHGA11",7.64731463068176,7.71120019734812,7.69578817842309,7.23360799486408,7.5479271328579,7.28360218235551
"FAM85B",5.46268370782665,5.45795213323723,5.33538540566403,5.20526093226038,4.95674843757777,5.50195500208462
"PCDHGB2",6.07831789081791,6.26653250017841,6.91830170473145,6.07923636656541,6.2844576999073,6.06819675099262
"PRKRIRP7",5.29925920898593,5.53524434648493,5.33538540566403,4.91404266993799,5.34903754503733,4.76371589021208
"PCDHGB4",9.50603103590383,9.51528553437334,8.5839729087344,8.87126830516361,9.79964529468777,9.18245374576098
"HMGN1P38",5.04742567774093,4.69525161239808,4.7660846074949,4.82464481268825,4.80549449477315,4.88837907797739
"NRG1-IT1",8.31878558396344,8.72939745994245,7.36043382064508,6.11225279239186,6.69250366550329,5.67858866699434
"ZNF260",10.4244129979212,10.5709112021367,10.8053878429584,10.6080060832282,10.5069780334322,10.6442833117944
"ALG1L10P",5.87520277529963,6.02312871455732,5.91449335713677,5.789777878405,5.93352705716022,5.75680447202851
"IGHEP2",5.29925920898593,5.37374005388151,5.93909051704448,5.05921631031587,4.99924798284876,5.15195654074678
"NRG1-IT3",5.6525384434395,5.92395793531019,5.3782345210694,5.12120644125242,5.11210946503177,4.33057497578978
"LYN",5.43226952355336,5.31286008562374,5.3782345210694,5.94973919615279,5.53476861827663,6.36135507851925
"PINX1",6.70674692185684,6.75796460995273,7.04794528740955,6.96212547747526,6.70835702131992,7.22503328181531
"RBPMS-AS1",4.33057497578978,4.69525161239808,4.33057497578978,4.33057497578978,4.33057497578978,4.76371589021208
"PCDHGB7",7.64203905041473,7.80249233411158,8.00894867808749,7.93348273280204,7.82376295836512,7.57744660476791
"TYW1B",6.96163830026338,7.06064047442664,7.1377443071229,6.88646604084261,6.83605876652294,6.89563633808235
"NPIPB11",5.85484684019812,5.99099191043792,5.81044805857035,5.3280834021818,5.20943279770974,5.25394328805817
"PCDHGB1",6.51723368027146,6.31748106638303,7.54530215955348,6.56344602671809,6.46706506058221,6.38389343266527
"PCDHGA3",6.78739762772996,7.09591621670021,6.65662472716031,6.84391681936885,6.80708020734672,7.50587681726166
"ERHP1",5.26254826080776,5.2124335202594,4.94418431550225,4.82464481268825,4.95674843757777,4.33057497578978
"MRPL9P1",7.14662114384871,7.3613989484648,7.23113467566778,6.27476788446092,6.63548630992359,5.28523604052962
"GOLGA6L21P",4.33057497578978,4.33057497578978,4.33057497578978,4.33057497578978,4.33057497578978,4.58127373257168
"LINC00966",12.2165713910995,12.1849091799696,12.148361765883,11.6792140215736,12.2256955297661,9.72899822839047
"RHPN1-AS1",5.26254826080776,4.84495094307666,4.94418431550225,5.70027502758029,5.17836802896297,6.13809210754304
"LRRC24",6.59857684600822,6.06976574579927,6.36527543281753,6.09034204967627,6.29531752794964,5.22140032273235
"ALG9-IT1",5.26254826080776,5.48441204341114,5.0153475618871,4.95373220111794,4.91093888395682,4.33057497578978
"RCC2P6",5.6525384434395,5.60690679268508,5.96317797384801,5.53181738139766,5.51344929562775,5.42659714675519
"AP5B1",6.78739762772996,6.54567163620786,6.34796986470843,6.84391681936885,6.9395354864449,7.17012707082204
"CHMP4A",6.30967770216152,6.57669813123392,6.20029399103025,6.15492760336544,6.41888706613282,6.34993536391042
"PABPC4L",5.74711795931809,5.62971160557788,5.07933519419276,6.7346503210604,5.74380775294986,8.09412146387491
"MAGEL2",4.7165496130104,4.33057497578978,4.94418431550225,4.82464481268825,4.86095996838829,4.33057497578978
"CSNK2A3",5.67698376420325,5.92395793531019,5.91449335713677,5.80400878913798,5.88899535302041,6.00920807852439
"WAC-AS1",9.68819184567839,9.87253545037411,9.20932406146196,9.65817186920612,9.79964529468777,9.23595794799869
"RTL1",6.30967770216152,6.29226341962715,7.38491811861045,5.93722994218226,6.513522034208,5.59411117987997
"STT3A-AS1",4.80259831140558,4.77662214806139,5.0153475618871,4.95373220111794,4.86095996838829,4.94087121374919
"PKD1P5",5.29925920898593,5.05426032044833,4.94418431550225,6.66596874216255,6.8503189605295,5.99399275429218
"FPGT",8.16270466126642,8.18103058476055,8.68156823853044,8.031939315567,7.99954014910263,8.40913463080184
"OR7E154P",5.29925920898593,4.95891832408665,5.13786241172375,4.33057497578978,4.33057497578978,4.33057497578978
"MEX3A",10.8387200536329,10.8852763377968,10.9877462263272,11.0594255290805,11.1654195652265,10.5336123187839
"PTP4A1P6",4.7165496130104,4.84495094307666,4.63910910251109,4.95373220111794,4.74232802187034,6.08250174298976
"FAR1-IT1",5.26254826080776,5.45795213323723,5.45827589049947,5.39408088420441,5.42310223496893,5.42659714675519
"GVINP1",6.77757659703764,7.27228180361364,6.36527543281753,5.93722994218226,6.53165229568474,5.63720988468804
"MPV17L2",6.75771729922596,6.89367700381847,6.69726825935597,7.26579459058132,7.24243215644684,7.22503328181531
"TMEM9B-AS1",6.49303627369584,6.81901835644222,6.67031052339294,5.83193623690723,6.25130538879973,6.29124861845814
"MEF2BNB",7.31646100731947,7.13709168804272,7.37680414175874,7.48418291916187,7.45023632431756,7.4201057192974
"SCARNA9",9.18870857221074,8.9531943768507,10.1560470015034,9.5576784261424,9.47756192885912,9.7536512651057
"ATP5F1P5",6.55271216369173,6.67516177549202,6.41583398350578,6.49306630528759,5.88899535302041,7.20697117667511
"HMGB1P24",5.3344412562722,5.53524434648493,5.7255112363932,5.0909007841773,5.23931319139556,5.11466593771837
"RSF1-IT2",5.70087603390657,6.00716920758814,5.78285907365734,5.4150421589993,5.49165273270531,5.81198514857821
"DPP3",9.40782643342965,9.06724516950701,9.52392016920357,9.56859288911004,9.58279184703499,9.0139737471853
"STX16-NPEPL1",7.09290167116183,6.77569217432756,6.6004284650849,6.59355663474754,7.32527586400282,6.00920807852439
"ANKHD1-EIF4EBP3",6.12819034179057,6.25346714605822,6.14008014374634,6.04529202176455,5.74380775294986,6.17818765351574
"BRK1",10.3638297815204,10.3328396479117,10.2311679275507,10.7034712395991,10.5875853161315,10.6997628468451
"FAM66D",6.78739762772996,6.57669813123392,7.10845497857026,6.43557845627955,6.45757155210179,6.37267378303614
"KIAA0754",8.96615989634526,9.15009400748187,9.66858104235656,9.24028730143564,9.03807483320352,9.77387812430708
"CHMP1B",9.81084136478538,9.78326120433854,9.80898078778316,10.1117208746245,9.94606227714205,9.8530118902555
"EID3",5.6018543074561,5.48441204341114,6.23887088147353,5.49445599134623,5.65395698090973,5.73777627602365
"TOLLIP-AS1",5.46268370782665,5.34383018699978,5.33538540566403,5.02596345433389,5.53476861827663,5.03357482878391
"KLHL22-IT1",5.18373077138573,5.13762512309315,4.86296472820736,5.02596345433389,4.99924798284876,5.03357482878391
"SNHG9",5.76951971169128,5.51016048524524,6.18054720532947,6.14439749474012,6.05777184720114,6.06819675099262
"SETP17",5.43226952355336,5.31286008562374,5.2426758087291,5.15028716110163,4.99924798284876,4.94087121374919
"NAV2-IT1",6.111792441977,6.25346714605822,6.34796986470843,6.22622682849031,5.53476861827663,7.30635793952625
"WTAPP1",4.33057497578978,4.69525161239808,4.33057497578978,4.82464481268825,4.33057497578978,4.58127373257168
"EID1",11.4255751882715,11.5135003787165,11.1700040747315,11.530024488714,11.4873763800579,11.3918831456838
"OPCML-IT2",5.57553933579376,5.94108086001497,5.2426758087291,4.55239249687834,5.11210946503177,4.94087121374919
"TAS2R43",5.62750733317344,5.77685464919912,5.75456202992873,5.56781120866857,5.57607598002124,5.50195500208462
"PCDHA3",6.8354600493058,6.70333499340347,5.33538540566403,6.45226469243349,6.73951207025976,6.12443048056718
"LINC01059",5.0958257135656,5.48441204341114,5.53204272811162,5.28112095084593,5.07654591073903,5.5258120673756
"EBLN2",6.86349994425119,6.97209839855342,6.90692282347899,7.36237456870527,6.70835702131992,6.98388687580245
"FAM85A",5.3344412562722,4.95891832408665,5.3782345210694,4.64396487703681,4.80549449477315,4.88837907797739
"MIR3654",4.60390596466056,4.84495094307666,4.63910910251109,4.55239249687834,4.91093888395682,4.83010453277739
"POLR2M",9.2047555698784,9.27738191812508,9.03459711917213,9.31998370126168,9.2770877877645,9.51973556479276
"RPA2P3",5.81299943796065,5.81547244195914,5.33538540566403,5.39408088420441,5.20943279770974,5.75680447202851
"ZNF252P-AS1",5.5207400332063,5.95795537545197,6.14008014374634,5.54997731954909,6.12159469522682,5.81198514857821
"FDXACB1",6.64290506183329,6.63664771748306,6.72369361431858,6.63747569525174,6.8853279124242,6.61834268185337
"LINC00925",9.15055477558203,9.07072180600046,9.841316490277,9.79067993760519,9.06057327763718,9.54113970951079
"SNHG1",9.92601807171921,9.75762848792092,10.0706107253292,10.3527271082407,10.407057138618,10.0433121394199
"RMST",13.9462110318228,14.0736911011216,14.5466273499806,14.6571361849498,14.7264335222261,15.102259679918
"MTRNR2L8",4.33057497578978,4.58878259651035,4.7660846074949,4.33057497578978,4.33057497578978,4.58127373257168
"TAS2R20",6.52916670743809,6.74000049684547,6.67031052339294,5.99848057344674,6.0837061780769,6.7682951030033
"PXN-AS1",7.14662114384871,7.06776813917055,7.05821634900997,7.22894857757171,7.13142268535155,7.1886712995919
"CCND2-AS2",4.33057497578978,5.05426032044833,4.7660846074949,4.64396487703681,4.74232802187034,4.94087121374919
"CCDC177",7.10846414954516,7.14383672489722,6.77503369616368,7.45669148388178,7.36492552916603,7.57744660476791
"HIST1H3G",7.80652274855105,7.27840315363716,9.1305751083305,10.0668969441092,8.35410074742384,9.23741615377881
"TAS2R63P",5.54851785949931,5.60690679268508,5.60065691610817,5.43553531135657,5.32290848716218,5.69868419475818
"CBX3P4",5.22411723473243,5.45795213323723,5.81044805857035,5.4150421589993,5.67254547946021,5.47749470033185
"PAPPA-AS1",6.12819034179057,6.45915625855364,5.45827589049947,4.91404266993799,5.29596108369109,4.68467332000649
"CTSO",6.63196100526831,6.58688018095247,6.71054607635312,6.54812888578483,6.04459192115025,7.17633604835938
"APOPT1",8.53774988172669,8.60530433401648,8.66191329916477,8.70126645851703,8.70437755580809,8.32637343054268
"TRAPPC2P1",7.16902082071916,7.19015494350677,7.09855240093192,6.99014613646108,7.25306074925114,6.95509811538612
"DYX1C1",6.40461685682177,6.54567163620786,5.88936033417274,6.48500758652161,6.13396671442646,7.44588042081582
"C21orf119",6.2520628250378,6.43659925234347,6.72369361431858,6.07923636656541,6.27350364256348,5.8297852851543
"ZNF432",9.82128048880316,9.98172432421675,10.1109510493067,10.1449030121918,9.89444832652024,10.3171467779955
"LINC01152",4.60390596466056,4.77662214806139,4.63910910251109,4.82464481268825,4.95674843757777,5.59411117987997
"CCND2-AS1",4.87482195210638,4.90491546544878,5.13786241172375,5.0909007841773,5.07654591073903,5.5258120673756
"TAS2R30",6.76768353188172,7.26613346708606,7.09855240093192,6.47689875896768,6.41888706613282,7.06007821984279
"ZNF10",9.97462592186617,10.0306938186831,9.91773987993683,9.50845847408615,9.78711950943548,8.99512543803271
"ZNF486",7.54920138532055,7.57953014147469,7.08857834537339,7.97533633310703,7.65129641608071,7.9406542465097
"HMBS",6.79714772954774,6.78446930270084,7.00607707526862,7.3792398886982,7.21550017657449,7.61870787941855
"TAS2R64P",6.37820212442732,6.42517175702489,6.71054607635312,5.96211569431352,5.82678316373963,6.34993536391042
"ZNF225",7.83448214704925,8.20026757039308,7.8318023376384,8.07103682959416,8.1191760897541,8.22088886962682
"HIST1H3F",7.91955666087489,7.24752405153874,9.63039346040393,9.9070176017095,8.40432898138186,8.98300116003085
"SDIM1",6.60979856227587,6.50312951392523,5.56693702969189,4.55239249687834,4.66714835127326,4.58127373257168
"OSBPL9P4",5.74711795931809,6.44792678694728,6.21973164683618,5.74594758405598,5.49165273270531,5.45239055899795
"TAS2R31",7.15412798548242,7.30861351157057,7.41691240853898,6.98458762895756,6.72402496561255,7.28932599176162
"DND1",5.57553933579376,5.58358169504195,5.66493901424027,5.7607533951804,5.76091096778062,5.7938961322474
"SALL3",5.0958257135656,5.31286008562374,5.83737023149546,5.02596345433389,5.69081184736494,4.88837907797739
"POLG2",7.56603455452022,7.69766482825907,7.58795930644445,7.61412392885074,7.67501907268824,8.03470212691223
"ENPP7P5",4.87482195210638,5.05426032044833,5.0153475618871,4.91404266993799,5.14598214718274,4.58127373257168
"CYP2B7P",5.43226952355336,5.13762512309315,5.19204933581343,5.3049269085433,5.23931319139556,5.34453517938545
"ZBTB11-AS1",6.91790282534075,6.53516475243763,6.54174004934149,6.59355663474754,6.84320759903549,6.82548453408029
"RERG-IT1",4.60390596466056,4.90491546544878,4.94418431550225,4.91404266993799,4.86095996838829,5.47749470033185
"KLRAP1",7.00402004987821,7.11665715258327,6.88387612917015,6.64465633337608,6.59320902990356,6.33841262084272
"ZNF350",8.66453227349511,8.71834747351839,8.37435639784723,8.50080420703922,8.52161505215278,8.34004979454148
"CACNA1C-IT3",5.89520136979655,6.24026434647469,6.21973164683618,5.3049269085433,5.29596108369109,5.67858866699434
"STH",5.83411797820783,5.85279833732561,5.83737023149546,5.28112095084593,5.65395698090973,4.88837907797739
"ZNF253",9.57894866854625,9.78431940367108,9.50935410664662,9.68098040722293,9.79875419704696,9.66437163844004
"GPR123-AS1",4.99520527768772,5.28072429172865,5.0153475618871,5.37262261357025,5.29596108369109,4.98896808752624
"TAS2R18",6.33753079965724,6.87743702785821,6.399200953035,5.96211569431352,6.17035088062347,6.59953871009217
"HP",6.4305009759227,6.51389521262857,5.86366298223323,6.51694844538658,6.66836552419538,6.11061427847656
"LINC01171",4.33057497578978,4.69525161239808,4.33057497578978,5.0909007841773,4.74232802187034,5.571858798105
"KIAA1147",9.99730621863906,10.1772363079201,10.2498996460247,10.38033535202,10.1266102227456,10.4816971738194
"LSM14A",10.2465446423308,10.3342850173801,10.2705511007839,10.5718680533347,10.4198600637183,11.1036126962541
"NHLRC4",4.60390596466056,4.33057497578978,4.86296472820736,5.12120644125242,4.66714835127326,5.571858798105
"RRN3P3",6.71709701753066,6.74901254157243,6.44847108684433,6.31229699252743,6.91945913830706,5.89830401412361
"PWAR6",12.3691599933069,12.5372296234551,12.180297980928,11.8470654068314,12.1788859271653,11.5209906861437
"TMPO-AS1",5.93418371095413,5.90657782030436,6.3126379774091,6.42715403265457,6.18224393265002,6.9032122694239
"GATC",9.15239474412405,9.2346422697425,8.92901816256516,9.38524478623647,9.23683919676452,9.37094476386717
"C12orf79",7.74398555506371,7.84398320320908,7.3355137098602,7.36237456870527,7.04190649928189,6.69981722026509
"ZNF271",10.427452267456,10.5696846533728,10.4622654488262,10.5043513643839,10.3277565519069,10.5606323095884
"ZBED6",8.78102087150105,8.9531943768507,9.23833079300592,9.29171070157577,9.24602645254342,9.75771941185143
"MGAM",6.00844026539826,6.29226341962715,6.68385737112564,6.32150807584472,6.33784955861795,6.26699080821412
"FNTB",7.54354537093579,7.56466638683442,7.38491811861045,7.70678240824869,7.72887297181842,7.75637096599122
"ZNF878",4.7165496130104,5.31286008562374,5.3782345210694,5.12120644125242,5.20943279770974,5.34453517938545
"ZNF625",6.02629639048941,6.06976574579927,5.88936033417274,6.19617072220197,6.01778816310778,5.94713050764567
"PRR24",6.32368052195683,6.00716920758814,5.91449335713677,6.04529202176455,6.10909595759182,5.69868419475818
"CNPY2",7.71917874513055,7.89222397711092,7.64290155373675,7.75575392497685,7.76979592090996,8.0313273339539
"FNBP1P1",7.54920138532055,7.57953014147469,7.64290155373675,6.60097829128469,7.06028027309134,6.08250174298976
"NOVA1-AS1",6.52916670743809,6.35439345161833,5.98677983682015,5.73093733123111,6.0837061780769,5.71840792780094
"CASC18",4.80259831140558,4.58878259651035,4.63910910251109,5.0909007841773,4.91093888395682,6.13809210754304
"CUX1",10.4221293347932,10.5517814652414,10.8871842377306,10.9836877341781,10.8709094417342,10.8587077584227
"P2RX5-TAX1BP3",4.93817568778476,5.00838899562681,5.0153475618871,4.71402308857299,5.14598214718274,4.58127373257168
"BCDIN3D-AS1",6.87271940713298,7.05347576660264,6.51138402021999,6.89838247972714,6.7624132232569,6.53153329507253
"CHURC1",10.0166106338959,10.1585911452419,9.99293363186966,9.83954939263372,9.57968200736109,10.253047788661
"C17orf49",5.46268370782665,5.05426032044833,5.60065691610817,5.6525587184268,5.76091096778062,5.50195500208462
"PCNPP1",5.26254826080776,5.43072800972915,5.49586482724437,5.25661469107151,5.32290848716218,5.63720988468804
"RTEL1",5.87520277529963,5.75702651981449,5.66493901424027,5.88579523582229,6.0837061780769,5.75680447202851
"MEG8",9.20120499973756,9.26378206223723,8.32931711803172,4.64396487703681,4.86095996838829,4.98896808752624
"ZNF578",8.41718915815296,8.68694737031617,8.56997514870699,8.29211910461904,8.50199005162555,7.65439943255611
"LINC00641",11.3142438331249,11.6058351227286,10.9246931149338,10.5306231877419,10.9155554014001,9.70286146751167
"CHMP4BP1",5.22411723473243,5.71625300812078,5.49586482724437,5.39408088420441,5.03903521958369,5.18746296578136
"RN7SL1",18.7700237706012,18.1812646553044,19.6852441517728,19.2629609693226,19.0832584057154,19.1230859357222
"DIO3OS",6.33753079965724,6.29226341962715,6.6427968877454,6.3841869298852,7.33029396821466,5.5258120673756
"LINC00645",6.71709701753066,6.57669813123392,5.63329680407505,6.10134683232378,6.54062432223393,4.88837907797739
"RHOQP1",4.87482195210638,4.77662214806139,5.45827589049947,5.15028716110163,5.49165273270531,5.42659714675519
"FAM181A-AS1",5.9903111609895,6.0388771203416,5.98677983682015,7.69678163213062,5.88899535302041,8.88772728677559
"NBEAP1",5.29925920898593,5.81547244195914,4.94418431550225,4.87127988604197,4.66714835127326,4.33057497578978
"COX7A2P1",5.14109345202186,5.48441204341114,5.0153475618871,5.05921631031587,4.95674843757777,5.40006335275449
"BCL2L2-PABPN1",5.04742567774093,5.43072800972915,5.13786241172375,4.99090412180236,5.34903754503733,4.98896808752624
"LINC00930",4.80259831140558,4.77662214806139,5.0153475618871,4.64396487703681,4.74232802187034,4.33057497578978
"ARHGAP5-AS1",6.28119912210877,6.24026434647469,6.44847108684433,6.59355663474754,6.31676160488645,7.16389018268598
"LINC00638",5.6018543074561,5.31286008562374,6.03261425473495,5.91179944389842,5.49165273270531,6.09663944422455
"SLC25A21-AS1",6.68580357978683,6.68461897403412,5.86366298223323,5.4150421589993,6.50436191355333,5.07532107295397
"PRC1-AS1",5.74711795931809,6.186010907159,6.03261425473495,5.73093733123111,5.79433681434327,5.47749470033185
"ENO1P2",7.21276396249247,7.57953014147469,7.69578817842309,6.62299697790865,6.80708020734672,6.47030047129559
"BMS1P15",5.40082433975998,5.34383018699978,5.49586482724437,4.55239249687834,4.66714835127326,4.33057497578978
"MC1R",6.71709701753066,6.5245731111976,6.74960856768488,6.62299697790865,6.96585350046218,5.8297852851543
"MIR381HG",6.16034128042322,6.35439345161833,5.29031095099465,4.33057497578978,4.56883750728876,4.33057497578978
"CEP95",10.1160447574274,10.1788462890315,9.998157460385,10.0475302522223,10.1073104850834,10.0598777522418
"HNRNPCP1",5.6018543074561,5.51016048524524,5.53204272811162,5.56781120866857,5.37441071259404,5.86456156907527
"FOXN3-AS1",5.29925920898593,5.28072429172865,5.45827589049947,5.43553531135657,5.29596108369109,5.93108273336772
"UBE2F-SCLY",5.29925920898593,5.43072800972915,4.63910910251109,5.23135019106063,5.37441071259404,5.11466593771837
"TMEM179",7.02061302111871,6.74901254157243,6.61470214021762,5.37262261357025,6.61028206685648,4.83010453277739
"RPPH1",15.6916030603755,14.8310749780846,16.6421193071556,16.1540823528561,16.2711538706424,15.3995055845429
"FPGT-TNNI3K",5.9903111609895,6.22692081198388,6.09823090651264,5.23135019106063,5.39908280147121,5.54910236469605
"LINC00639",4.93817568778476,4.90491546544878,5.0153475618871,5.789777878405,5.34903754503733,5.9629602809734
"LINC00648",6.2520628250378,6.47028950760066,5.81044805857035,8.65755998564566,8.20275064115967,8.9442168808762
"CAP2P1",5.6018543074561,6.00716920758814,6.0767532850492,5.61949520913034,5.32290848716218,5.881557447727
"ADAM20P1",6.02629639048941,6.2134331229608,5.3782345210694,5.15028716110163,5.23931319139556,5.73777627602365
"PRKXP1",5.74711795931809,5.88893120691801,5.88936033417274,5.53181738139766,5.37441071259404,5.59411117987997
"ITGB3",4.80259831140558,5.17594971784969,5.3782345210694,5.91179944389842,5.7264309006772,6.42781852490384
"GOLGA6L19",4.33057497578978,4.77662214806139,4.33057497578978,4.55239249687834,4.56883750728876,4.58127373257168
"USP3-AS1",6.2520628250378,6.17206882112393,6.18054720532947,5.89887096339096,5.96229157958667,5.77550668699715
"NDUFA3P4",4.80259831140558,5.00838899562681,5.13786241172375,4.77291247508709,4.66714835127326,4.33057497578978
"CSPG4P12",6.44325127059483,6.42517175702489,6.52664985962964,5.53181738139766,5.81067810207035,5.54910236469605
"LINC00984",7.36233757036877,7.45598363703094,7.49384682798959,7.43672021004202,7.33029396821466,7.28932599176162
"DCAF13P3",6.04388889103782,6.08491777140764,5.96317797384801,5.56781120866857,5.82678316373963,5.67858866699434
"EFTUD1P1",6.26671530794524,6.53516475243763,6.79998829512151,5.96211569431352,6.04459192115025,5.37273133131448
"HERC2P7",5.14109345202186,5.17594971784969,5.13786241172375,5.39408088420441,5.26812364332126,5.47749470033185
"THTPA",6.2520628250378,6.37842206372085,6.49593802186075,6.57103832417983,6.65202739144907,7.26046915862092
"NDUFAF4P1",5.18373077138573,5.28072429172865,5.45827589049947,5.02596345433389,5.37441071259404,5.59411117987997
"MRPL46",7.94112393594457,7.85213789711754,7.92864829383441,7.49965437493521,8.00886940284763,7.9549851965899
"UBE2Q2L",5.40082433975998,5.83429039028268,5.07933519419276,5.15028716110163,5.77775078358577,5.3153992589889
"HNRNPA1P5",5.43226952355336,5.37374005388151,5.3782345210694,4.95373220111794,4.95674843757777,5.50195500208462
"LINC00052",4.33057497578978,4.33057497578978,4.33057497578978,4.64396487703681,4.33057497578978,4.33057497578978
"UBE2Q2P11",4.80259831140558,4.69525161239808,4.63910910251109,5.0909007841773,5.55563637036578,4.76371589021208
"BLID",4.80259831140558,4.69525161239808,4.94418431550225,4.91404266993799,4.56883750728876,5.59411117987997
"TYRO3P",5.70087603390657,5.62971160557788,6.09823090651264,5.77536139914715,5.39908280147121,5.89830401412361
"DNM1P47",5.18373077138573,5.28072429172865,5.93909051704448,5.54997731954909,5.59610890044655,6.15160304901779
"IQCH-AS1",6.33753079965724,6.25346714605822,6.41583398350578,5.789777878405,5.76091096778062,6.59003562630551
"HSP90B2P",6.35123217836489,6.36646410882688,6.44847108684433,5.87256822454692,6.43837371911831,6.49103195422233
"LINC00594",6.73756065626201,6.99477456520651,6.62882379950556,6.1757212913575,6.63548630992359,5.22140032273235
"CSPG4P11",8.03633134806057,7.67941399406605,7.54530215955348,7.36660997602452,7.91601970225924,7.42529865342838
"CASC7",10.4985368158402,10.4882839678728,10.7530601101711,10.2637874803815,10.2214099969489,10.1753632565549
"SLC22A31",4.7165496130104,4.58878259651035,4.7660846074949,4.71402308857299,4.74232802187034,4.33057497578978
"HERC2P10",5.0958257135656,5.17594971784969,5.19204933581343,6.97900650440671,5.96229157958667,7.64112048431256
"SH3RF3-AS1",4.93817568778476,4.84495094307666,5.0153475618871,4.71402308857299,4.99924798284876,4.58127373257168
"PWRN1",7.74398555506371,7.6748142741682,7.16642702427941,6.07923636656541,6.19402372481779,5.37273133131448
"HNRNPLP2",5.43226952355336,5.2124335202594,5.45827589049947,5.0909007841773,5.42310223496893,5.18746296578136
"IL21R-AS1",5.14109345202186,5.37374005388151,5.2426758087291,4.91404266993799,4.66714835127326,4.68467332000649
"LINC00657",13.4674285105386,13.5134200308165,13.3584265661025,13.3084831659739,13.5116638097533,13.4968422142268
"NSFP1",5.36825224778896,5.24729833481842,4.86296472820736,6.55580973262763,6.71621387992826,6.06819675099262
"MIR4519",6.90898517037246,6.96445555233574,7.10845497857026,7.02843816393424,7.24243215644684,6.34993536391042
"ADAM3B",5.26254826080776,5.2124335202594,5.83737023149546,5.4150421589993,5.46935070319513,6.02423069666386
"FRRS1L",12.1144503644311,12.1980645403603,11.570474875092,11.0022441900879,11.6087167985106,10.3994920576618
"JHDM1D-AS1",5.62750733317344,5.6520241287847,5.45827589049947,5.74594758405598,6.05777184720114,5.7938961322474
"PWRN4",6.70674692185684,6.81901835644222,6.68385737112564,6.63747569525174,7.13142268535155,5.881557447727
"SSSCA1-AS1",5.14109345202186,5.05426032044833,5.0153475618871,5.3280834021818,5.53476861827663,5.15195654074678
"COX6CP1",5.3344412562722,5.43072800972915,5.78285907365734,5.05921631031587,4.99924798284876,5.28523604052962
"HEXA-AS1",5.40082433975998,5.2124335202594,5.81044805857035,5.37262261357025,5.76091096778062,5.881557447727
"LINC01043",4.33057497578978,4.33057497578978,4.33057497578978,4.95373220111794,4.56883750728876,6.02423069666386
"AQP4-AS1",6.26671530794524,6.14370258404416,5.91449335713677,5.93722994218226,5.84266003333913,5.77550668699715
"LINC00562",5.62750733317344,6.0388771203416,5.2426758087291,5.25661469107151,5.26812364332126,5.34453517938545
"C16orf95",5.9531937412958,6.25346714605822,5.69565584988958,5.66870520190303,5.88899535302041,5.3153992589889
"FAM157C",5.83411797820783,5.6520241287847,5.60065691610817,4.55239249687834,4.74232802187034,5.07532107295397
"ERVK13-1",9.78500058872643,9.75223046829007,9.7819738208955,9.58212070657547,9.60437477464621,9.63481417012042
"LINC00515",6.00844026539826,6.05442078166421,6.29459653090917,5.73093733123111,5.74380775294986,5.81198514857821
"SNAI3-AS1",8.15535599076309,7.9654089690686,7.81996234402189,7.65949546353462,8.08432684921098,7.01904347123356
"PWRN3",5.70087603390657,5.83429039028268,5.60065691610817,4.33057497578978,4.95674843757777,4.33057497578978
"MIR940",6.00844026539826,5.67386991742712,5.81044805857035,5.77536139914715,5.8583162996779,5.571858798105
"ARHGAP23P1",4.87482195210638,4.84495094307666,5.07933519419276,4.33057497578978,4.99924798284876,4.88837907797739
"KRT8P50",5.22411723473243,5.77685464919912,5.53204272811162,5.39408088420441,5.37441071259404,5.50195500208462
"LINC00890",5.29925920898593,5.09718127405855,4.86296472820736,5.70027502758029,5.03903521958369,5.34453517938545
"FBXL19-AS1",6.07831789081791,6.24026434647469,6.69726825935597,6.63747569525174,6.21725309445207,6.89563633808235
"XKR7",9.81896720899558,9.88639867193558,9.23390608819336,9.22080829341615,9.99589185212642,7.51563211554337
"LINC00565",6.00844026539826,6.24026434647469,6.05488661074004,5.81805978469791,5.39908280147121,5.8297852851543
"CCPG1",8.71526112394065,8.72939745994245,8.34996531350985,8.16313148945336,8.28681903199853,8.52135597552664
"FTO-IT1",6.36478816236259,6.5245731111976,6.71054607635312,6.01035734573399,5.97641267591333,5.881557447727
"LINC00622",6.62092605244302,6.62684248559454,6.20029399103025,5.70027502758029,5.96229157958667,5.28523604052962
"CAPN10-AS1",6.77757659703764,6.63664771748306,7.3355137098602,6.89243729035956,7.5734348367007,6.98388687580245
"DOCK9-AS2",4.87482195210638,5.09718127405855,5.13786241172375,4.77291247508709,4.95674843757777,4.94087121374919
"SULT1A3",4.80259831140558,5.17594971784969,4.86296472820736,4.71402308857299,4.66714835127326,4.58127373257168
"SNORD116-21",11.3495161480431,11.4209824889884,12.0587389261247,12.3807324122398,11.9115258077038,13.3854699897504
"TMEM178B",12.4455256790067,12.4625524073698,12.2549964435961,11.5220973945859,12.1903070701105,10.3410609089375
"RBFADN",7.23412992501544,6.99477456520651,7.37680414175874,6.67999007974596,6.66022149182736,6.71726694632154
"ZNF865",5.9903111609895,5.97458977678836,6.51138402021999,5.85918570565528,5.84266003333913,5.75680447202851
"LARP4P",6.02629639048941,6.2134331229608,6.25772181162451,5.56781120866857,5.51344929562775,5.67858866699434
"MANEA-AS1",6.41762377436216,6.31748106638303,6.09823090651264,5.96211569431352,6.36884173554423,6.40604308854489
"TEN1-CDK3",5.36825224778896,5.17594971784969,5.19204933581343,5.0909007841773,5.29596108369109,4.94087121374919
"LINC01003",7.25517290337706,7.06064047442664,7.00607707526862,7.11722758116921,7.44100945016814,6.3150496424646
"PAN3-AS1",6.49303627369584,6.12926986364968,6.20029399103025,6.24586930570413,6.79973756323268,6.68213699712675
"TPBGL",5.14109345202186,5.17594971784969,4.94418431550225,5.05921631031587,5.14598214718274,4.58127373257168
"GAN",11.3948550359226,11.4625420794308,11.4102812431708,11.0205649493198,11.4069554159522,10.6875579685784
"DISC1FP1",7.24117963765951,7.27840315363716,5.93909051704448,6.32150807584472,6.48584680311777,4.98896808752624
"C15orf65",6.35123217836489,6.56643692587744,6.41583398350578,6.85007747191337,6.53165229568474,7.38320676776276
"GOLGA8H",5.46268370782665,5.45795213323723,5.29031095099465,5.23135019106063,4.91093888395682,5.15195654074678
"LOXL1-AS1",5.3344412562722,5.34383018699978,5.91449335713677,5.02596345433389,5.29596108369109,5.25394328805817
"LINC00662",9.82012431301059,9.96595725679898,9.60150276911291,9.68181827357675,10.0545445746198,9.08050340540972
"PCDHGA9",6.96163830026338,7.35563129640412,6.95188035432216,6.15492760336544,6.91945913830706,6.77661481002274
"GFY",4.60390596466056,4.33057497578978,4.33057497578978,4.77291247508709,4.33057497578978,4.33057497578978
"DLGAP1-AS2",5.6018543074561,5.88893120691801,5.66493901424027,6.92190735690644,5.96229157958667,8.11975609815991
"SNORD3B-2",5.54851785949931,5.37374005388151,6.05488661074004,7.03918568086747,7.32527586400282,6.7682951030033
"PCDHB19P",6.69631622744201,6.85270764240235,7.0271704621372,6.43557845627955,6.42866709038505,6.12443048056718
"OCLM",5.6525384434395,5.69527237656877,5.45827589049947,5.05921631031587,5.37441071259404,5.59411117987997
"SNORD3D",6.9787484957864,6.81901835644222,7.76542522490381,7.3750425574174,7.60674326500401,7.20089795596581
"PCDHGB3",5.57553933579376,6.05442078166421,6.09823090651264,5.63615875497389,5.53476861827663,5.77550668699715
"CORO7",7.12385340854776,7.10286449688796,7.10845497857026,7.17663732237503,7.5479271328579,6.51143928016197
"HNRNPA1P16",5.9531937412958,6.0388771203416,5.19204933581343,5.73093733123111,6.20569266903883,5.9629602809734
"TVP23CP2",5.04742567774093,5.55970553524277,5.45827589049947,4.87127988604197,5.07654591073903,4.83010453277739
"CCER2",4.99520527768772,5.00838899562681,4.86296472820736,5.23135019106063,4.80549449477315,5.18746296578136
"PCDHGA4",5.81299943796065,6.2134331229608,6.6427968877454,5.99848057344674,5.93352705716022,6.00920807852439
"LINC00621",5.04742567774093,5.09718127405855,4.33057497578978,5.68460767469218,5.69081184736494,5.3153992589889
"MRPL12",4.87482195210638,4.95891832408665,5.07933519419276,4.91404266993799,5.11210946503177,4.88837907797739
"ZNF234",9.0475312317789,9.03557146324886,9.07227322870919,8.96933952878185,8.99666900720662,8.90985829334596
"ROCK1P1",6.56432869610102,6.78446930270084,6.71054607635312,6.64465633337608,6.2844576999073,6.26699080821412
"LRRC37A17P",6.30967770216152,6.25346714605822,6.51138402021999,6.81899045926147,6.97882523108938,6.88801804929274
"ZNF205-AS1",6.49303627369584,6.44792678694728,6.09823090651264,6.14439749474012,6.2844576999073,5.75680447202851
"ATP5A1P3",5.04742567774093,4.90491546544878,4.7660846074949,4.77291247508709,4.95674843757777,4.76371589021208
"TAPT1-AS1",7.54354537093579,7.86428286000716,7.75923408296481,7.92496229926872,7.98385436074853,8.17274800639151
"RN7SL471P",5.76951971169128,5.43072800972915,5.81044805857035,6.13377621276322,7.52194936736348,6.63688382412144
"RN7SL689P",4.80259831140558,4.77662214806139,4.63910910251109,4.55239249687834,4.91093888395682,5.07532107295397
"MIR4450",4.80259831140558,5.05426032044833,4.7660846074949,4.95373220111794,4.66714835127326,5.45239055899795
"AK4P1",5.18373077138573,5.34383018699978,5.19204933581343,4.87127988604197,4.95674843757777,5.07532107295397
"MIR3936",6.09517066737624,6.15796744435664,5.91449335713677,5.96211569431352,6.03126530424217,5.86456156907527
"RN7SL650P",5.26254826080776,5.37374005388151,6.61470214021762,6.13377621276322,6.2287072513673,5.37273133131448
"MIR5581",5.6525384434395,5.83429039028268,5.41912560421338,5.35063533644267,5.42310223496893,5.77550668699715
"RN7SL4P",8.66194816560455,8.02424894756152,9.30944079031773,8.85052643171638,8.78771523027141,9.77488205342716
"LINC00667",10.8392906401667,10.7873800561354,10.3856231119781,10.45327284905,10.7158108565915,10.0424788409537
"MIR4473",5.18373077138573,5.55970553524277,5.83737023149546,5.4150421589993,5.55563637036578,5.59411117987997
"LINC00908",4.60390596466056,4.58878259651035,4.7660846074949,5.0909007841773,4.66714835127326,5.75680447202851
"MIR3679",5.57553933579376,5.45795213323723,5.2426758087291,5.02596345433389,5.23931319139556,5.25394328805817
"LINC00672",5.9903111609895,6.25346714605822,5.41912560421338,6.07923636656541,5.94799804642505,5.54910236469605
"SNORD3A",7.58817079353714,7.45598363703094,8.41802230083098,7.92496229926872,7.90272405102928,7.69350433219138
"RN7SL381P",5.40082433975998,5.62971160557788,5.75456202992873,5.61949520913034,5.96229157958667,5.28523604052962
"RN7SL336P",4.99520527768772,5.28072429172865,4.7660846074949,4.95373220111794,5.03903521958369,5.15195654074678
"MIR4737",5.0958257135656,4.69525161239808,5.0153475618871,4.87127988604197,4.95674843757777,4.58127373257168
"MIR3687",5.18373077138573,5.13762512309315,5.83737023149546,5.05921631031587,5.39908280147121,5.03357482878391
"MIR3943",5.54851785949931,5.34383018699978,5.56693702969189,4.64396487703681,5.11210946503177,5.15195654074678
"DND1P1",5.36825224778896,5.28072429172865,5.3782345210694,5.43553531135657,5.59610890044655,5.18746296578136
"MIR4803",5.74711795931809,5.97458977678836,6.25772181162451,5.49445599134623,5.57607598002124,5.69868419475818
"MIR4712",6.65375981739783,6.74000049684547,6.52664985962964,6.59355663474754,6.7774670989655,6.3267847648848
"MIR4442",4.80259831140558,4.69525161239808,5.0153475618871,4.71402308857299,5.03903521958369,4.76371589021208
"RNU4ATAC",6.97022010436025,7.07485915820495,8.08002122851554,7.28385864772142,7.4456304628159,6.96235222053922
"LINC00909",8.81396913356261,8.90530445890846,8.70416402517429,8.73562172871382,8.91997989764563,8.66936680738772
"MIR4786",4.99520527768772,5.13762512309315,4.86296472820736,5.05921631031587,4.86095996838829,4.68467332000649
"SNRPGP2",5.18373077138573,5.09718127405855,5.33538540566403,5.80400878913798,5.4465120496375,5.67858866699434
"DYNLL2",11.7565034093303,11.6670377654094,11.5779052105977,11.4913797468765,11.8984898365823,10.9446004052914
"MIR3125",5.74711795931809,5.85279833732561,5.56693702969189,5.12120644125242,5.69081184736494,5.34453517938545
"RN7SL431P",5.6018543074561,5.55970553524277,5.2426758087291,5.17826991240815,5.14598214718274,5.15195654074678
"MIR3648",6.07831789081791,6.15796744435664,7.69578817842309,6.18598823092721,6.44800815064414,6.09663944422455
"MIR4705",5.46268370782665,5.6520241287847,5.53204272811162,4.82464481268825,4.74232802187034,4.76371589021208
"RN7SL473P",5.26254826080776,5.55970553524277,5.41912560421338,5.3049269085433,5.07654591073903,5.18746296578136
"LINC00526",6.64290506183329,6.69400971602305,6.61470214021762,6.98458762895756,7.43637318374401,6.52152479638696
"RN7SL600P",5.57553933579376,5.67386991742712,5.3782345210694,5.54997731954909,5.42310223496893,5.7938961322474
"MAPT-AS1",5.91485715615986,6.05442078166421,5.86366298223323,5.35063533644267,5.99036612397887,4.98896808752624
"MIR3117",5.83411797820783,6.12926986364968,4.33057497578978,4.99090412180236,5.55563637036578,4.76371589021208
"SNORA67",5.26254826080776,5.00838899562681,5.45827589049947,4.95373220111794,5.34903754503733,5.07532107295397
"MIR1273C",5.04742567774093,5.55970553524277,5.07933519419276,4.91404266993799,4.56883750728876,4.76371589021208
"MIR1273F",4.60390596466056,4.95891832408665,4.86296472820736,4.82464481268825,5.46935070319513,4.68467332000649
"MIR4697",6.57584372992704,6.49227442759739,6.65662472716031,5.98648331822425,6.07080875752555,6.21702304029175
"SNORD3C",5.6525384434395,5.2124335202594,6.03261425473495,5.3049269085433,5.29596108369109,5.34453517938545
"SH3GL1P2",5.70087603390657,5.58358169504195,5.7255112363932,5.68460767469218,5.55563637036578,6.09663944422455
"RN7SL321P",4.7165496130104,4.58878259651035,4.33057497578978,5.53181738139766,4.56883750728876,4.33057497578978
"MIR3153",4.93817568778476,4.95891832408665,5.49586482724437,5.3049269085433,4.91093888395682,5.25394328805817
"MIR5687",4.99520527768772,5.62971160557788,5.07933519419276,4.87127988604197,4.66714835127326,5.11466593771837
"BZRAP1-AS1",7.71917874513055,7.49838179734488,7.72150846225944,7.27033258636037,7.70604305136319,6.44923337026561
"RN7SL2",17.0982369483303,16.5399974836847,17.9620011083928,17.3799245975441,17.4746466871028,16.8196060038384
"SNORD3B-1",6.39147731265288,6.09988234759329,6.86043252493434,7.48028832437801,7.48206152541301,6.7682951030033
"MIR4486",5.40082433975998,5.37374005388151,4.86296472820736,5.20526093226038,4.66714835127326,5.67858866699434
"MIR3935",5.62750733317344,5.67386991742712,5.75456202992873,5.02596345433389,5.17836802896297,4.94087121374919
"MIR548AH",4.87482195210638,4.69525161239808,5.19204933581343,4.82464481268825,4.80549449477315,5.18746296578136
"MIR3136",4.93817568778476,5.09718127405855,5.13786241172375,4.95373220111794,4.86095996838829,5.47749470033185
"MIR4502",4.80259831140558,4.84495094307666,4.86296472820736,4.82464481268825,4.86095996838829,4.98896808752624
"MIR3682",4.93817568778476,4.95891832408665,5.13786241172375,4.87127988604197,4.86095996838829,4.76371589021208
"MIR3680-2",5.04742567774093,5.53524434648493,5.41912560421338,4.55239249687834,4.74232802187034,4.94087121374919
"MIR548AQ",5.0958257135656,5.51016048524524,5.29031095099465,4.71402308857299,4.99924798284876,5.03357482878391
"MIR548V",5.6018543074561,5.60690679268508,5.33538540566403,5.23135019106063,5.23931319139556,5.11466593771837
"MIR3143",4.33057497578978,4.58878259651035,5.3782345210694,5.0909007841773,5.11210946503177,4.68467332000649
"MIR5010",4.99520527768772,5.37374005388151,4.94418431550225,4.64396487703681,4.86095996838829,4.76371589021208
"RN7SL166P",5.43226952355336,5.6520241287847,5.60065691610817,5.3049269085433,5.34903754503733,5.25394328805817
"RPL17",7.1390734122226,6.95676981986346,7.1377443071229,7.23825186811295,7.16566744120956,7.60508765235972
"MAFG-AS1",7.02061302111871,6.26653250017841,6.65662472716031,6.88046848910133,6.91270089209392,6.69981722026509
"MIR4774",5.40082433975998,5.71625300812078,5.69565584988958,5.20526093226038,5.07654591073903,4.94087121374919
"RN7SL648P",7.26211718638985,7.69312413237732,7.28429996695587,6.5404029187479,6.32734927396785,6.75992371440338
"RN7SL5P",6.54099217405613,6.29226341962715,7.44819344488401,7.21958267750304,6.78493148136335,7.03285808344634
"RN7SL660P",5.5207400332063,5.92395793531019,5.69565584988958,5.15028716110163,5.14598214718274,5.47749470033185
"MIR4292",5.57553933579376,5.13762512309315,5.45827589049947,5.43553531135657,5.46935070319513,5.47749470033185
"FSBP",6.84487119178406,6.68461897403412,7.31014150476043,6.52481329577584,6.50436191355333,6.61834268185337
"MIR3939",5.49214979402744,5.17594971784969,5.91449335713677,5.05921631031587,5.14598214718274,5.18746296578136
"MIR3174",4.87482195210638,5.09718127405855,5.2426758087291,4.91404266993799,4.95674843757777,4.83010453277739
"MIR3685",5.89520136979655,5.99099191043792,5.86366298223323,5.88579523582229,6.14621490998224,5.47749470033185
"RN7SL577P",5.29925920898593,5.2124335202594,5.49586482724437,5.25661469107151,5.29596108369109,5.47749470033185
"RN7SL721P",5.72424503540458,5.88893120691801,5.75456202992873,5.54997731954909,5.88899535302041,5.47749470033185
"MIR3671",5.54851785949931,5.75702651981449,5.78285907365734,5.23135019106063,5.55563637036578,5.18746296578136
"MIR4477B",5.9531937412958,6.55609522107361,5.93909051704448,5.56781120866857,5.69081184736494,5.28523604052962
"MIR3609",8.68249195481236,8.49041120346895,9.3508884167659,8.37968859912342,8.72519991723393,8.11975609815991
"RN7SL3",9.96000497232785,9.09653218965331,11.6514199828021,11.8444501276958,10.8615560915484,11.1297329295267
"MIR4423",4.33057497578978,4.58878259651035,4.63910910251109,5.05921631031587,4.91093888395682,5.54910236469605
"MIR4654",5.26254826080776,5.34383018699978,5.29031095099465,5.25661469107151,4.74232802187034,6.09663944422455
"STRADA",7.3493827656466,7.72015244174919,7.56679197810507,7.3105237476609,6.8573932640096,7.90418256067583
"MIR3167",5.70087603390657,5.58358169504195,5.93909051704448,4.64396487703681,5.17836802896297,4.83010453277739
"NARF-IT1",5.46268370782665,5.53524434648493,5.3782345210694,5.54997731954909,5.46935070319513,5.59411117987997
"LINC00683",5.14109345202186,5.09718127405855,5.53204272811162,5.0909007841773,5.34903754503733,5.03357482878391
"RN7SL192P",5.70087603390657,5.58358169504195,5.45827589049947,5.6525587184268,5.59610890044655,5.3153992589889
"MIR5002",5.76951971169128,5.83429039028268,5.75456202992873,5.12120644125242,5.29596108369109,5.3153992589889
"SNORA76",5.49214979402744,5.53524434648493,6.23887088147353,5.83193623690723,5.91887334582027,5.881557447727
"CBX3P2",6.55271216369173,6.67516177549202,6.3126379774091,6.22622682849031,6.3482640446452,5.99399275429218
"MIR3145",4.7165496130104,5.00838899562681,5.13786241172375,4.87127988604197,4.99924798284876,5.54910236469605
"MIR5579",5.43226952355336,5.55970553524277,5.49586482724437,5.0909007841773,4.99924798284876,5.63720988468804
"MIR4512",5.18373077138573,5.17594971784969,5.0153475618871,4.77291247508709,5.23931319139556,5.15195654074678
"RFWD2P1",5.29925920898593,5.31286008562374,5.07933519419276,5.4150421589993,4.95674843757777,5.34453517938545
"MIR5692C2",4.93817568778476,5.55970553524277,5.29031095099465,4.91404266993799,5.23931319139556,5.22140032273235
"MYO15B",6.00844026539826,5.97458977678836,5.75456202992873,6.5404029187479,6.3482640446452,6.87265238011493
"RN7SL773P",4.93817568778476,4.69525161239808,4.94418431550225,4.77291247508709,4.56883750728876,4.76371589021208
"SH3GL1P1",6.76768353188172,6.61696431031565,6.46448655819503,6.06802763232559,6.31676160488645,5.99399275429218
"MIR4482-1",5.85484684019812,6.06976574579927,5.98677983682015,6.1757212913575,6.35859427178238,5.89830401412361
"LINC00663",6.56432869610102,6.57669813123392,6.4803071669202,6.32150807584472,6.3482640446452,6.98388687580245
"MRPL37P1",4.99520527768772,5.40267998277688,5.07933519419276,5.12120644125242,5.17836802896297,5.22140032273235
"AARSD1",6.2520628250378,6.02312871455732,6.0767532850492,5.73093733123111,6.04459192115025,5.89830401412361
"LRRC37A9P",5.18373077138573,5.34383018699978,5.2426758087291,5.0909007841773,5.17836802896297,5.37273133131448
"DHX40P1",4.99520527768772,4.95891832408665,5.0153475618871,5.05921631031587,5.17836802896297,5.5258120673756
"ZNF850",8.07971114500789,8.3908127693027,8.55583946488962,8.69629077530941,8.01505514946301,9.06580021591101
"PTGES3L",6.4305009759227,6.57669813123392,6.03261425473495,5.80400878913798,6.13396671442646,5.73777627602365
"UXT-AS1",5.18373077138573,5.13762512309315,5.29031095099465,5.0909007841773,5.42310223496893,5.34453517938545
"ASB16-AS1",6.87271940713298,7.10286449688796,6.89544820275353,6.77423290581552,7.06635083100479,6.91823902392529
"CTBP2P7",4.93817568778476,4.90491546544878,4.94418431550225,5.02596345433389,4.66714835127326,4.88837907797739
"ILF3-AS1",8.41104054542838,8.33104276038431,8.22135559310035,8.54762949855517,8.66180450307836,8.19400943751383
"C19orf82",7.59365102268043,7.63272951889504,7.84354444978498,7.75254127791786,7.71369398086317,8.12609347112724
"RNF157-AS1",5.22411723473243,5.09718127405855,5.63329680407505,5.70027502758029,5.26812364332126,6.24225613351204
"PHF5CP",4.93817568778476,5.6520241287847,4.7660846074949,4.77291247508709,4.80549449477315,5.15195654074678
"PTP4A2P1",5.04742567774093,4.69525161239808,4.63910910251109,4.64396487703681,4.80549449477315,4.68467332000649
"MAP3K14-AS1",4.80259831140558,5.00838899562681,4.86296472820736,5.05921631031587,4.56883750728876,5.67858866699434
"KCNJ2-AS1",5.67698376420325,5.97458977678836,5.3782345210694,5.73093733123111,6.14621490998224,6.09663944422455
"LINC00669",5.49214979402744,5.28072429172865,4.86296472820736,7.54134455499361,6.54062432223393,8.36166381032946
"ZNF582-AS1",6.72736783383392,6.85270764240235,6.11933501176659,6.44394842076515,7.1139774433399,6.21702304029175
"ZNF571-AS1",8.00393230488051,8.25340717882698,8.06508672927444,8.40025855214641,8.68324881614461,7.88184212728081
"CIRBP-AS1",4.60390596466056,4.84495094307666,4.63910910251109,4.87127988604197,5.14598214718274,5.03357482878391
"ZNF285",9.81665021032222,9.86555351524102,9.76214915872482,9.59463308566578,9.87174946401969,8.93345524101333
"MIR24-2",4.87482195210638,4.77662214806139,5.07933519419276,5.20526093226038,5.39908280147121,6.09663944422455
"RPSAP57",5.3344412562722,5.60690679268508,5.2426758087291,4.95373220111794,4.95674843757777,4.68467332000649
"MIR497HG",4.33057497578978,4.69525161239808,4.33057497578978,4.91404266993799,4.33057497578978,5.5258120673756
"S1PR2",6.06122660456922,5.55970553524277,5.91449335713677,5.91179944389842,6.19402372481779,5.93108273336772
"LINC00907",6.58725916525107,6.97209839855342,6.72369361431858,8.7548905384873,6.38909414439227,10.1368459957756
"CYP4F24P",4.87482195210638,5.17594971784969,5.2426758087291,5.49445599134623,5.26812364332126,5.99399275429218
"RPL7L1P5",4.60390596466056,4.77662214806139,4.33057497578978,4.55239249687834,4.80549449477315,4.33057497578978
"ZNF224",8.74241654982002,8.81693728728556,8.54156309644457,8.83401661496969,8.72143642010569,9.17942216068995
"TAF9P3",4.99520527768772,5.00838899562681,4.63910910251109,5.05921631031587,4.80549449477315,5.07532107295397
"SRSF10P1",5.18373077138573,5.34383018699978,4.86296472820736,5.23135019106063,4.91093888395682,5.3153992589889
"UBE2L4",4.80259831140558,5.09718127405855,4.63910910251109,4.71402308857299,4.56883750728876,4.58127373257168
"LIN37",6.8354600493058,6.68461897403412,6.78756865288512,6.70074998087008,7.15434627732596,6.58046374046774
"NDUFV2P1",5.81299943796065,5.90657782030436,5.60065691610817,5.63615875497389,5.51344929562775,5.61588662529712
"NDUFA7",5.62750733317344,5.90657782030436,5.3782345210694,5.63615875497389,5.55563637036578,5.69868419475818
"PTOV1-AS1",6.54099217405613,6.56643692587744,6.27629400697231,7.04984994513719,7.0723947844243,7.5867205581135
"NAPA-AS1",5.70087603390657,5.7368316223205,5.7255112363932,6.41013865333125,6.15834206985003,6.27917803362026
"FMR1-AS1",4.99520527768772,5.17594971784969,5.0153475618871,4.95373220111794,4.86095996838829,4.33057497578978
"SMIM17",6.79714772954774,7.05347576660264,6.62882379950556,6.86839349283165,6.97235471318137,6.3267847648848
"VN1R81P",6.63196100526831,6.85270764240235,6.27629400697231,7.01215778318072,6.65202739144907,7.47119071522143
"EPB41L4A-AS2",5.22411723473243,5.05426032044833,5.56693702969189,5.68460767469218,5.39908280147121,5.22140032273235
"SMC5-AS1",6.70674692185684,6.80185420069733,6.74960856768488,6.60097829128469,6.8573932640096,7.31198940754958
"MIR4453",8.63057049591439,8.78128528618915,8.49415830819509,8.4854913057512,9.16669085291503,7.93704885298599
"VN1R83P",6.78739762772996,7.02443831744491,6.55665892062138,6.66596874216255,6.7624132232569,6.9032122694239
"LINC00664",4.7165496130104,5.17594971784969,4.63910910251109,5.17826991240815,5.32290848716218,5.22140032273235
"SCGB1B2P",4.99520527768772,5.05426032044833,4.86296472820736,5.15028716110163,5.11210946503177,4.94087121374919
"EMR4P",4.7165496130104,4.33057497578978,5.19204933581343,4.55239249687834,4.33057497578978,4.33057497578978
"OR7A1P",5.49214979402744,5.45795213323723,4.33057497578978,4.55239249687834,5.03903521958369,4.33057497578978
"ESPNP",5.5207400332063,5.34383018699978,5.2426758087291,4.77291247508709,4.80549449477315,4.76371589021208
"A1BG-AS1",7.9749660378048,7.80249233411158,7.45590604430278,7.73311098382377,7.87575397768233,7.82830717021178
"VN1R82P",6.40461685682177,6.55609522107361,6.05488661074004,6.33065288233021,6.14621490998224,6.51143928016197
"ZNF818P",5.9903111609895,5.95795537545197,5.0153475618871,5.66870520190303,6.00415649635366,5.7938961322474
"MTRNR2L12",4.99520527768772,4.77662214806139,4.33057497578978,4.64396487703681,4.56883750728876,4.76371589021208
"ZNF728",6.28119912210877,6.186010907159,5.66493901424027,5.85918570565528,6.42866709038505,5.50195500208462
"TRABD2B",5.36825224778896,5.28072429172865,4.86296472820736,5.96211569431352,5.14598214718274,5.61588662529712
"FBXO17",4.33057497578978,4.77662214806139,5.86366298223323,4.64396487703681,4.74232802187034,4.68467332000649
"HCCAT3",6.14437114006863,6.49227442759739,6.05488661074004,6.09034204967627,6.2287072513673,5.50195500208462
"ZSCAN16-AS1",6.91790282534075,7.16387706458242,6.87220484073834,6.98458762895756,7.3151852881193,7.12586780654062
"ZNF587B",8.45353685457023,8.80236402807747,7.89521540952253,7.98082501356993,7.85172803010065,8.44499865133699
"ITGB1P1",4.80259831140558,5.09718127405855,4.7660846074949,5.05921631031587,4.99924798284876,5.50195500208462
"RAB11B-AS1",5.87520277529963,6.02312871455732,6.0767532850492,6.366589959339,6.43837371911831,6.5414660432608
"ZNF92P3",5.14109345202186,5.55970553524277,5.33538540566403,5.15028716110163,5.34903754503733,5.03357482878391
"LRRC3DN",6.59857684600822,6.72179300651678,6.25772181162451,6.30301855394286,6.8573932640096,5.84730736939238
"KCNQ1OT1",12.1158637782629,12.5529849015236,12.2185501331205,11.6484875245751,11.7700982112255,12.1290225839179
"EGLN2",8.70022975884059,8.79607281247516,8.67504644412205,8.65926583899418,8.70055901923613,8.90619337077487
"ARHGAP19-SLIT1",6.67520758794867,6.94904069284673,6.83657729618024,6.56344602671809,6.56717883825407,6.81746123354231
"SNHG8",7.64731463068176,7.69766482825907,7.93414485834228,8.08638063615661,8.24802647612564,8.49960353026931
"RMRP",14.288616903691,13.4697934941205,15.3452801318315,15.3258633963229,15.1306870044271,15.1174927689626
"MAP2K4P1",5.26254826080776,5.13762512309315,5.3782345210694,5.15028716110163,4.80549449477315,5.47749470033185
"MIR145",4.33057497578978,4.33057497578978,4.33057497578978,4.71402308857299,4.33057497578978,5.11466593771837
"MKNK1-AS1",4.93817568778476,5.00838899562681,5.0153475618871,4.91404266993799,5.03903521958369,4.94087121374919
"SPACA6P-AS",5.18373077138573,5.51016048524524,5.63329680407505,5.25661469107151,5.49165273270531,5.75680447202851
"ZNF559-ZNF177",5.6018543074561,6.00716920758814,5.98677983682015,5.60255728389094,5.7264309006772,5.54910236469605
"RNU12",8.84390190897892,8.86580970271222,9.88286168961177,8.96521181076517,9.34217297647732,8.8840054332622
"SCARNA2",10.5949476716857,10.0298019295937,11.6072496473759,10.8640890614537,11.2362113474293,9.97856739408715
"LINC00965",5.43226952355336,5.71625300812078,6.0767532850492,5.02596345433389,5.46935070319513,5.03357482878391
"GAS5-AS1",5.72424503540458,6.12926986364968,5.41912560421338,5.789777878405,5.79433681434327,5.28523604052962
"RNU11",7.65257060002704,7.54964432540627,8.6453260878984,8.38175893899911,8.35166441534884,7.96209693964475
"TERC",6.19167384472197,5.94108086001497,5.66493901424027,6.14439749474012,6.20569266903883,6.6089740508496
"NCBP2-AS2",7.88435423161158,7.74667471801027,7.72150846225944,7.71341057016687,7.83431448138079,7.57278667125649
"SNORD109A",7.51491967875223,7.43429514159085,7.58093875215175,7.32366780413866,7.64730366489002,7.70630283433365
"UNGP3",5.3344412562722,5.2124335202594,5.0153475618871,5.0909007841773,5.34903754503733,5.54910236469605
"HMGN3-AS1",5.74711795931809,6.02312871455732,6.399200953035,6.44394842076515,6.0837061780769,6.62764561149741
"CAHM",6.14437114006863,6.12926986364968,6.6427968877454,6.44394842076515,6.54062432223393,6.59953871009217
"HCG17",6.17610689899361,6.48132831963925,6.23887088147353,6.25557621208894,6.40903241569879,5.99399275429218
"SNORD64",9.85215172595079,10.1732034723711,9.19573660328902,9.50277893649307,9.89110800459685,9.59329878168596
"TAS2R6",5.70087603390657,5.7368316223205,5.91449335713677,5.37262261357025,5.23931319139556,5.571858798105
"LPP-AS2",5.5207400332063,5.24729833481842,5.69565584988958,5.96211569431352,5.53476861827663,6.36135507851925
"MTRNR2L2",4.93817568778476,4.58878259651035,4.33057497578978,4.55239249687834,4.56883750728876,4.33057497578978
"NAMA",6.06122660456922,5.99099191043792,5.66493901424027,5.80400878913798,5.63503194179442,5.91480976668293
"SCML2P2",5.79147317606317,5.94108086001497,5.49586482724437,5.60255728389094,5.55563637036578,5.45239055899795
"IGLVIVOR22-1",4.87482195210638,4.90491546544878,4.86296472820736,4.55239249687834,4.80549449477315,4.76371589021208
"LINC01109",4.93817568778476,5.00838899562681,4.86296472820736,5.23135019106063,4.95674843757777,4.76371589021208
"TMCC1-AS1",6.75771729922596,6.75796460995273,7.28429996695587,6.7346503210604,6.29531752794964,7.00508864209275
"LINC00936",7.58817079353714,7.68399881186436,7.23113467566778,7.54134455499361,7.48654974865175,7.70204950767822
"SNORD14A",5.43226952355336,5.31286008562374,5.56693702969189,5.35063533644267,5.70876948923922,5.40006335275449
"GTF2H5",10.2465446423308,10.3321164195316,9.91083143124534,9.58749646641924,9.93150304960603,9.38021350496554
"RNU6-6P",4.99520527768772,5.00838899562681,5.56693702969189,5.05921631031587,5.37441071259404,5.15195654074678
"FGF14-AS2",5.26254826080776,5.34383018699978,5.60065691610817,5.96211569431352,5.90403138225395,6.1912683413666
"NFYC-AS1",6.63196100526831,6.75796460995273,6.99540769375669,6.80635310863938,7.01702036134237,6.98388687580245
"CASC15",9.19050043264043,9.26226300594309,9.79554056387487,9.93679878721377,9.20488728664812,10.5733781212211
"MIR3666",5.29925920898593,5.34383018699978,4.86296472820736,5.23135019106063,5.20943279770974,5.45239055899795
"NUDT3",13.2787381061415,13.3960357747635,13.1502073531183,13.0381004867137,13.3519705015694,12.3464235733844
"SNORD114-21",6.06122660456922,6.186010907159,5.49586482724437,4.33057497578978,4.33057497578978,4.68467332000649
"MIR432",5.6018543074561,4.95891832408665,4.94418431550225,4.33057497578978,4.33057497578978,4.33057497578978
"SNORD113-5",5.54851785949931,5.75702651981449,4.94418431550225,4.33057497578978,4.33057497578978,4.58127373257168
"SNORA28",6.02629639048941,5.85279833732561,6.36527543281753,6.04529202176455,6.46706506058221,6.30320502760512
"MAGI1-IT1",5.18373077138573,5.60690679268508,5.53204272811162,5.49445599134623,5.03903521958369,5.67858866699434
"DOC2B",8.45950617542595,8.19707933462963,6.79998829512151,6.74132882678262,7.86550683231139,5.15195654074678
"GAS6-AS2",5.79147317606317,5.51016048524524,5.93909051704448,5.4150421589993,5.8583162996779,5.3153992589889
"ADIRF-AS1",4.60390596466056,4.90491546544878,4.7660846074949,4.95373220111794,4.99924798284876,5.15195654074678
"JMJD1C-AS1",4.7165496130104,4.84495094307666,5.13786241172375,4.77291247508709,5.03903521958369,4.94087121374919
"LINC00938",9.16884944914367,9.13854653015467,8.7295597801929,9.20689795180563,9.69145801484598,8.35897983426372
"DGCR9",8.79051201102661,8.70944585771889,8.73583916653005,8.32693267968528,8.74201466907865,7.17012707082204
"GRIN2B",13.1807371785624,13.4603121663971,13.1090185348953,11.9497084377181,12.6691996013452,10.5716466748368
"DGCR10",5.9903111609895,6.00716920758814,5.98677983682015,5.84564325546448,6.10909595759182,4.94087121374919
"ZBTB8B",10.3236113844468,10.5133815999465,10.0291090492742,9.5065677819332,10.3072307560072,8.70145951293704
"DGCR11",6.57584372992704,6.86100086831046,6.58599920034065,6.34874784099573,6.56717883825407,6.70857049326097
"PAXIP1-AS1",7.52643984619218,7.87232222785439,7.26680255576584,7.65605657597473,7.84130553442437,7.28360218235551
